141	0.164625
144	0.454
150	1.0120625
154	1.1705
158	1.6734375
162	1.9834375
168	2.4588125
173	2.8170625
176	3.0513125
186	5.4283125
188	5.58675
196	6.323875
203	6.875
210	7.495
213	7.6465
218	8.1149375
221	8.3009375
224	8.4731875
228	8.6385
239	9.7958125
255	11.966
257	12.07625
265	12.8134375
271	13.3439375
278	13.964
281	14.1155
286	14.6115625
289	14.7838125
300	17.1884375
302	17.402
312	18.27
318	18.88325
320	18.9796875
329	20.6745625
334	21.2739375
341	22.5899375
345	22.81725
347	22.9068125
355	23.6233125
362	24.3260625
365	24.4845
369	24.6843125
376	26.8340625
380	27.192375
386	27.6056875
391	27.8881875
395	28.274
406	29.4865
412	29.8171875
416	30.2374375
421	30.6714375
426	31.1054375
433	32.6418125
437	32.855375
442	33.0826875
444	33.17225
452	33.91625
457	34.157375
461	34.5500625
466	34.9909375
469	35.1769375
471	35.259625
476	35.6454375
481	36.1139375
485	36.4653125
488	36.8098125
493	37.257625
496	37.4505625
503	37.8915
509	40.179125
513	40.3375625
526	41.4605625
530	41.736125
534	42.1219375
540	42.6110625
549	44.113
552	44.3128125
556	44.574625
562	45.0155625
566	45.2773125
572	45.6631875
576	45.7871875
583	47.275375
587	47.461375
601	48.935625
605	49.231875
609	49.638375
613	49.914
619	50.5065
622	50.6580625
624	50.747625
631	51.36775
637	51.8155625
645	52.663
677	56.0255
680	56.3010625
687	57.093375
691	57.341375
700	58.119875
704	58.429875
706	58.547
715	60.8551875
717	60.9654375
724	61.6750625
729	62.116
734	62.357125
736	62.4535625
741	62.8738125
747	63.3905625
752	63.7694375
754	63.8796875
760	64.53425
765	65.0026875
769	65.2644375
780	66.9385625
784	67.097
786	67.227875
792	67.7376875
801	68.5575
809	69.184375
813	69.3635
818	69.8870625
822	70.2453125
825	70.445125
829	70.913625
840	72.7118125
844	72.9185
849	73.5454375
852	73.7245625
858	74.1310625
868	75.0404375
872	75.3504375
880	76.1289375
884	76.377
898	77.6378125
904	79.0089375
908	79.1880625
913	79.6014375
923	80.683125
927	81.131
932	81.571875
934	81.6614375
944	82.3021875
949	83.039375
952	83.1978125
963	85.64375
965	85.76775
971	86.2844375
977	86.7529375
980	86.9389375
984	87.083625
994	88.13775
1002	88.6958125
1005	88.8818125
1009	89.0540625
1015	90.4320625
1019	90.6249375
1024	91.1348125
1030	91.5344375
1034	91.76175
1040	92.312875
1046	94.45575
1054	94.9518125
1056	95.0345
1061	95.4685625
1065	95.8268125
1067	95.9439375
1075	96.5845625
1081	96.8876875
1088	97.41125
1092	97.5835
1101	98.3894375
1104	98.5616875
1141	102.2616875
1147	102.702625
1153	103.3295625
1157	103.59825
1171	104.90025
1184	106.6709375
1188	106.843125
1191	107.1118125
1199	107.8834375
1208	110.232875
1213	110.8391875
1221	111.535
1233	113.409
1237	113.6225625
1241	113.9533125
1249	114.725
1259	117.260625
1262	117.4604375
1273	118.562625
1276	118.8175
1280	119.2033125
1282	119.292875
1294	121.0910625
1298	121.449375
1304	123.5301875
1314	124.3844375
1319	124.8805
1326	125.5005625
1331	125.8588125
1335	126.0310625
1341	126.64425
1349	127.505375
1352	127.67075
1356	127.801625
1365	129.4414375
1372	129.971875
1376	130.330125
1379	130.5023125
1390	131.7699375
1392	131.8939375
1405	133.561125
1409	133.7264375
1411	133.8435625
1417	136.1518125
1420	136.3378125
1424	136.4549375
1431	137.068125
1435	137.2128125
1442	137.956875
1449	138.5149375
1456	139.9411875
1460	140.1203125
1462	140.21675
1469	141.036625
1475	141.518875
1485	142.469625
1489	142.703875
1497	143.64775
1504	144.061125
1509	144.4745
1516	145.067
1521	145.308125
1523	145.42525
1531	146.1140625
1534	146.4103125
1575	150.4410625
1579	150.668375
1587	151.316
1591	151.4606875
1597	152.776625
1602	153.376
1609	154.692
1613	154.9055625
1618	155.11225
1626	155.76675
1639	158.37125
1641	158.59175
1645	159.0740625
1648	159.225625
1651	159.4254375
1655	159.9215
1663	161.5130625
1668	162.0435625
1671	162.264
1675	162.4155625
1680	162.84275
1687	163.5523125
1691	164.572
1695	164.7441875
1697	164.8681875
1704	165.32975
1709	165.6328125
1712	165.8394375
1724	166.872875
1729	167.169125
1733	167.44475
1738	167.982125
1747	168.6573125
1751	168.905375
1758	169.5185625
1762	169.8216875
1772	172.240125
1778	172.4950625
1782	172.7913125
1785	173.1565
1795	174.1003125
1799	174.3000625
1802	174.6445625
1809	175.25075
1815	176.573625
1820	177.042125
1822	177.2005625
1827	177.65525
1830	177.84125
1837	178.4199375
1844	179.0261875
1848	179.1501875
1856	181.34125
1863	181.9130625
1875	182.870625
1879	183.1806875
1884	183.6285
1887	183.8283125
1894	184.5241875
1898	184.7033125
1903	185.1166875
1911	186.66
1915	187.0045
1919	187.36275
1923	187.7554375
1927	188.2033125
1930	188.39625
1933	188.6029375
1937	188.9405625
1941	189.161
1951	190.7456875
1955	191.000625
1959	191.228
1964	191.6758125
1969	192.08225
1975	192.729875
1980	193.0260625
1984	193.3568125
1994	194.0250625
1998	194.1628125
2002	194.672625
2007	194.955125
2012	195.3064375
2016	195.69225
2050	199.1304375
2054	199.2544375
2061	199.9433125
2073	201.0386875
2078	201.507125
2083	201.83775
2087	202.030625
2094	202.8435625
2101	203.4911875
2109	205.8958125
2115	206.4125625
2119	206.55725
2125	206.9981875
2133	207.687125
2142	209.3751875
2144	209.4991875
2152	210.1675
2156	210.422375
2161	210.8356875
2166	211.2145
2173	211.8069375
2177	212.0686875
2183	212.399375
2187	212.757625
2194	213.3363125
2196	213.43275
2203	215.7960625
2207	216.106125
2210	216.416125
2216	216.8501875
2224	217.5253125
2233	218.8825625
2235	219.0065625
2245	219.874625
2250	220.212125
2255	220.5979375
2262	221.2869375
2270	223.56075
2278	224.2773125
2280	224.4081875
2285	224.9869375
2288	225.1798125
2292	225.3245
2297	225.813625
2301	225.999625
2303	226.11675
2308	226.6335
2311	226.7919375
2315	226.9435
2326	228.039
2331	228.6315
2334	228.86575
2338	228.9896875
2343	229.5201875
2349	230.8499375
2354	231.45625
2360	233.537125
2364	233.6955625
2370	234.205375
2377	234.70825
2380	234.89425
2388	235.617625
2392	235.7623125
2396	236.3065625
2399	236.51325
2403	236.8990625
2413	238.5388125
2416	238.7799375
2422	239.3516875
2430	239.9855
2438	240.5296875
2446	242.066125
2450	242.300375
2455	242.9204375
2458	243.140875
2466	243.8505
2470	244.1123125
2476	246.4411875
2488	248.273875
2492	248.6596875
2499	249.8585625
2502	250.0996875
2506	250.5268125
2513	251.9255
2516	252.0976875
2519	252.3319375
2523	252.5455
2530	253.1793125
2533	253.3584375
2542	254.0129375
2546	254.21275
2550	254.4883125
2558	255.0395
2561	255.1910625
2567	257.2030625
2577	258.0573125
2582	258.5258125
2593	259.40775
2599	260.606625
2603	260.778875
2607	261.00625
2614	261.591875
2617	261.833
2621	261.9983125
2634	263.135
2638	263.389875
2642	263.89975
2646	264.0995625
2649	264.4440625
2652	264.643875
