141	0.164625
147	0.6055625
154	1.2186875
159	2.4175625
163	2.7620625
167	3.037625
171	3.3131875
180	4.112375
191	5.262875
194	5.510875
196	5.6004375
202	6.261875
208	6.8956875
214	7.1299375
222	7.9704375
228	8.2598125
235	8.85225
238	9.155375
246	9.8855625
254	12.0628125
258	12.365875
261	12.5725
263	12.689625
270	13.2614375
277	13.6885625
286	15.0734375
289	15.33525
295	15.7761875
303	16.527125
310	17.133375
315	17.6569375
328	18.9245625
341	20.1233125
346	20.578
351	20.8535625
353	20.943125
358	21.46675
364	21.96975
367	22.197125
371	22.5346875
376	23.0375625
380	23.2304375
382	23.32
388	23.933125
392	24.477375
395	24.6358125
399	24.8631875
406	26.8544375
410	27.0335625
421	28.2185
425	28.535375
434	29.3620625
443	30.06475
446	30.2714375
458	31.5804375
463	32.7724375
467	32.979125
470	33.151375
475	33.65425
483	34.2949375
492	35.101
495	35.33525
497	35.4936875
504	35.996625
510	38.06375
518	39.4693125
522	39.78625
526	40.1100625
532	40.619875
535	40.81275
542	41.357
547	41.853
551	42.094125
561	44.319625
565	44.7675
568	44.994875
576	45.5735625
578	45.663125
587	46.4140625
593	47.0479375
600	47.64725
604	47.9021875
608	48.1846875
648	52.0155625
653	52.3324375
659	53.614
665	53.8826875
669	54.054875
676	54.7713125
679	54.9435625
685	56.4524375
689	56.7349375
694	57.107
697	57.27925
702	57.5410625
710	58.9535
715	59.4495625
720	59.9525
726	61.2891875
730	61.5165
734	61.8126875
741	62.253625
743	62.3431875
750	62.8805625
755	63.2525
757	63.3420625
763	63.9620625
768	66.0429375
770	66.2289375
778	66.8833125
785	67.5929375
791	68.1371875
794	68.343875
800	68.94325
806	69.6321875
810	69.8595625
821	70.7206875
826	70.9963125
830	71.141
837	72.0159375
841	72.2915625
846	72.6911875
852	73.1114375
861	73.800375
866	74.110375
873	76.308375
876	76.5701875
880	76.9421875
885	78.2513125
887	78.3753125
894	79.1125625
899	79.670625
907	80.3665
912	80.84875
919	81.393
923	81.620375
931	82.2266875
941	83.8113125
944	84.018
953	85.416625
957	85.540625
962	86.084875
967	86.663625
973	87.139
980	87.7865625
982	87.883
988	88.5375
1000	91.2315625
1004	91.39
1011	92.1203125
1017	92.7610625
1021	93.1330625
1028	93.5258125
1031	93.7806875
1042	94.64875
1048	95.05525
1054	95.4135
1058	95.7028125
1091	99.0033125
1096	99.3201875
1100	99.52
1113	100.753125
1119	101.5455
1126	103.736625
1130	104.0535625
1137	104.6460625
1151	105.7965
1157	106.333875
1164	106.9125
1172	107.27075
1174	107.387875
1179	107.8494375
1182	108.0285625
1188	108.4695
1198	110.191875
1208	111.080625
1212	111.4801875
1220	112.121
1228	112.78925
1244	115.676125
1246	115.800125
1252	116.3719375
1266	117.5845625
1271	118.177
1280	118.9348125
1283	119.1414375
1291	119.9268125
1294	120.0990625
1298	120.2299375
1306	120.8913125
1320	123.7093125
1325	124.315625
1330	124.7289375
1333	124.9011875
1345	126.196375
1352	126.8646875
1358	128.8353125
1362	129.0833125
1368	129.71025
1372	130.0340625
1375	130.1925
1385	131.30175
1389	131.4395625
1398	133.8511875
1401	134.119875
1410	134.912125
1417	136.50375
1420	136.7173125
1431	137.564625
1437	137.971125
1440	138.2605
1445	138.7565
1448	138.9700625
1458	140.8785625
1461	141.0645625
1463	141.1748125
1471	142.628625
1474	142.86975
1484	143.786
1488	144.075375
1495	144.619625
1498	144.8400625
1507	147.1896875
1511	147.5135
1516	147.9475
1520	148.0921875
1525	148.726
1528	148.974
1539	149.828375
1543	149.99375
1557	151.2061875
1565	151.8331875
1568	152.0123125
1576	152.790875
1582	153.3006875
1616	156.697625
1618	156.883625
1628	157.8688125
1638	158.578375
1640	158.7299375
1645	159.2121875
1652	159.914875
1656	160.10775
1663	160.88625
1669	162.2918125
1673	162.4640625
1677	162.615625
1682	163.084125
1685	163.2495
1694	164.069375
1700	164.5654375
1709	165.35775
1716	165.8675625
1720	166.067375
1726	166.563375
1736	168.726875
1741	169.2918125
1748	169.677625
1758	172.233875
1762	172.5508125
1771	173.4256875
1776	173.9630625
1779	174.2041875
1784	174.7139375
1790	175.2030625
1798	175.9609375
1802	176.215875
1808	176.6636875
1815	178.22075
1819	178.4825625
1823	178.8133125
1827	179.1026875
1839	181.5693125
1848	182.2445
1853	182.471875
1858	182.8508125
1860	182.9335
1867	183.5398125
1873	185.0005
1878	185.3105
1884	185.779
1896	186.8951875
1899	187.088125
1903	187.3155
1908	189.3068125
1913	189.678875
1919	190.223125
1925	190.7398125
1931	191.0360625
1942	191.9109375
1946	192.2829375
1958	193.3094375
1962	193.585
1972	194.5564375
1976	194.701125
1982	197.0299375
1988	197.298625
1999	198.1666875
2006	198.6834375
2011	198.9245625
2022	200.0061875
2059	203.5270625
2063	203.7888125
2067	204.1953125
2072	204.8085
2077	205.0840625
2084	205.53875
2087	205.731625
2098	207.626375
2102	207.874375
2106	208.0259375
2110	208.3704375
2119	209.2523125
2125	209.514125
2128	209.7139375
2135	210.16175
2138	210.354625
2148	212.91775
2153	213.2484375
2155	213.3793125
2160	213.82025
2163	214.0338125
2176	215.873375
2182	216.2798125
2184	216.3625
2191	216.961875
2198	217.65075
2206	218.30525
2209	218.5808125
2216	219.2284375
2226	220.8889375
2231	221.4883125
2236	221.9913125
2241	222.239375
2243	222.3565
2250	223.066125
2257	223.782625
2264	224.1409375
2272	225.02975
2283	226.049375
2290	226.483375
2295	226.7589375
2302	227.385875
2306	227.496125
2313	228.1299375
2317	228.3916875
2323	228.997875
2326	229.218375
2336	231.4576875
2340	231.740125
2349	232.3601875
2354	232.6495625
2362	233.4625625
2368	233.6968125
2373	233.9034375
2378	234.2685625
2389	236.852375
2391	236.976375
2400	237.7686875
2409	238.6643125
2415	239.001875
2419	239.3945625
2427	240.290125
2431	240.6001875
2438	242.088375
2442	242.2950625
2453	243.4041875
2459	243.9966875
2465	244.327375
2469	244.7200625
2478	245.55375
2481	245.746625
2494	248.55775
2500	248.8264375
2506	249.4258125
2513	250.032
2517	250.3833125
2520	250.5348125
2523	250.7759375
2533	252.4431875
2536	252.643
2543	253.06325
2549	253.524875
2554	253.8899375
2564	255.6193125
2571	256.5631875
2575	257.066125
2581	258.4234375
2585	258.637
2593	259.3948125
2600	259.98725
2604	260.228375
2611	260.710625
2617	262.812125
2622	263.129
2628	263.728375
2637	264.4860625
2644	265.0785
2648	265.209375
2658	265.8845
2661	266.05675
2667	266.297875
2674	266.918
