141	0.164625
145	0.288625
152	0.9775
157	1.328875
165	1.7973125
169	1.948875
175	2.589625
180	2.9754375
190	5.283625
195	5.9244375
201	6.5169375
205	6.889
209	7.0336875
217	7.908625
221	8.218625
224	8.3839375
230	9.7068125
234	9.9616875
238	10.306125
244	10.6368125
248	11.0708125
256	13.27575
258	13.386
262	13.77875
274	14.8810625
284	16.3555
288	16.4795
296	17.2235625
302	17.9606875
310	18.51175
312	18.6081875
321	19.400375
326	19.7999375
330	19.9859375
332	20.1030625
340	21.646375
344	21.9150625
349	22.4525
352	22.6798125
356	22.8520625
362	23.3894375
371	24.1473125
376	24.5538125
381	25.0360625
386	25.3185
391	25.5045
397	25.80075
407	28.24675
410	28.4603125
417	29.0665625
424	29.64525
427	29.838125
432	30.42375
435	30.616625
437	30.7061875
445	32.1391875
450	32.7385625
457	34.8263125
460	35.026125
465	35.3705625
468	35.570375
475	36.10775
483	37.6235
487	38.0093125
489	38.098875
494	38.7189375
500	40.7585
504	41.1168125
508	41.4061875
516	42.02625
523	43.5281875
526	43.7073125
530	43.9553125
538	44.5685
542	44.74075
548	45.4985625
553	46.0773125
558	46.587125
568	47.593
577	48.3370625
581	48.564375
585	48.688375
590	49.2464375
593	49.466875
597	49.584
603	50.0180625
637	53.4288125
643	53.704375
654	54.6964375
658	54.9375625
666	55.5989375
671	55.86075
677	56.163875
687	58.58225
691	58.9198125
697	59.429625
700	59.60875
707	60.1668125
711	60.401
716	60.7110625
722	61.2484375
725	61.406875
727	61.517125
732	61.8684375
737	62.495375
743	62.7571875
746	62.9431875
754	64.3211875
758	64.555375
761	64.78275
765	65.134125
769	65.5268125
775	66.1261875
786	67.848625
790	68.0621875
794	68.392875
798	68.7098125
802	69.047375
808	69.736375
811	69.9361875
817	70.4391875
823	72.375375
825	72.5889375
828	72.8438125
834	74.1805
838	74.5456875
849	75.971875
853	76.399
867	78.9965
871	79.1549375
883	80.1538125
893	81.504125
908	82.6476875
913	83.04725
919	84.3700625
923	84.583625
931	85.4655
936	85.9201875
942	86.5954375
946	88.3455625
949	88.55225
957	89.241125
967	90.2331875
972	90.687875
976	90.805
981	91.363125
987	91.7626875
990	91.91425
992	92.031375
997	92.4791875
1006	93.25075
1012	94.6356875
1016	94.8285625
1021	95.421125
1030	96.0756875
1035	96.296125
1038	96.4545625
1051	97.4328125
1056	99.4654375
1061	99.6514375
1065	99.989
1068	100.181875
1077	101.1876875
1081	101.332375
1086	101.89725
1092	102.36575
1097	102.655125
1131	105.955625
1137	106.47225
1141	106.7891875
1145	106.933875
1150	107.519375
1157	109.696625
1159	109.917125
1168	110.757625
1171	111.0469375
1180	111.6945625
1189	113.4100625
1193	113.5823125
1197	113.6994375
1201	114.2368125
1208	114.6501875
1213	115.0566875
1221	115.6423125
1229	116.3105625
1235	116.5999375
1243	118.784125
1245	119.004625
1251	119.542
1256	119.872625
1260	120.0173125
1266	120.7958125
1273	121.36075
1279	121.6156875
1284	122.2013125
1296	123.2209375
1300	123.4551875
1305	123.7720625
1311	124.3714375
1315	124.6608125
1317	124.7365625
1327	125.625375
1332	125.8320625
1338	126.169625
1342	126.5623125
1349	128.6225
1352	128.8705
1356	129.297625
1364	130.0899375
1375	131.5988125
1379	131.9501875
1386	134.0516875
1389	134.2376875
1394	134.45125
1398	134.8784375
1404	135.4020625
1413	137.8066875
1417	138.0340625
1424	138.6059375
1428	138.888375
1438	140.6108125
1442	140.783
1446	141.0379375
1454	141.67175
1459	142.092
1464	142.70525
1466	142.8016875
1472	143.4630625
1478	144.0141875
1481	144.1864375
1492	145.3714375
1496	145.591875
1500	145.709
1510	146.6735625
1514	146.9835625
1524	149.594875
1528	149.774
1534	150.5318125
1541	151.089875
1545	151.3585625
1549	151.6410625
1553	151.9235
1558	152.571125
1564	154.1281875
1569	154.741375
1576	155.3200625
1579	155.4991875
1581	155.58875
1594	158.262
1604	159.033625
1608	159.1438125
1615	160.4735625
1619	160.8525
1626	162.0444375
1630	162.1753125
1638	163.05025
1642	163.305125
1650	164.0078125
1685	167.5838125
1689	167.9145
1700	168.9755
1706	169.574875
1709	169.7678125
1717	170.5186875
1721	170.6840625
1729	171.4350625
1739	173.8396875
1749	174.9489375
1753	175.2245625
1762	175.9548125
1767	176.1959375
1771	176.63
1777	178.759125
1782	178.9795625
1787	179.3033125
1793	179.8269375
1796	180.0266875
1800	180.3986875
1804	180.763875
1810	182.135
1818	182.6035
1824	182.9135
1827	183.0995
1834	183.7126875
1837	183.995125
1843	184.5118125
1853	186.0481875
1857	186.2204375
1862	186.675125
1868	187.2055625
1873	187.6326875
1877	189.6378125
1883	189.961625
1891	190.6780625
1895	191.0294375
1899	191.4428125
1908	192.2005625
1913	192.6139375
1920	194.598375
1924	194.7568125
1932	195.37
1939	195.9761875
1945	197.230125
1952	197.53325
1954	197.65725
1959	198.1395
1967	198.9938125
1973	199.58625
1977	201.53625
1981	201.8600625
1985	202.149375
1994	202.9003125
1998	203.1414375
2002	203.375625
2009	203.9129375
2019	204.7464375
2023	204.9806875
2029	205.6283125
2033	205.9728125
2037	206.2553125
2044	208.5221875
2046	208.6461875
2053	209.259375
2058	209.679625
2063	210.1068125
2069	210.67175
2073	210.8715625
2079	211.312375
2084	211.6981875
2088	211.8704375
2095	212.5043125
2104	213.9924375
2108	214.4195625
2117	216.714
2122	217.0033125
2125	217.2375625
2129	217.63025
2134	218.0298125
2141	219.2975625
2144	219.559375
2149	219.9934375
2183	223.3559375
2190	223.934625
2198	224.6925
2203	225.1128125
2207	225.3470625
2214	227.586375
2217	227.758625
2220	227.9170625
2231	229.4741875
2242	230.4248125
2249	231.8716875
2259	232.7396875
2264	233.2013125
2273	234.0555625
2278	234.32425
2283	234.551625
2285	234.6480625
2293	235.523
2300	236.205
2305	236.535625
2312	237.8378125
2320	239.4018125
2324	239.6429375
2329	240.201
2332	240.4145625
2340	241.144875
2347	241.83375
2351	243.583875
2355	243.8731875
2367	245.009875
2370	245.182125
2376	245.478375
2381	245.946875
2385	246.2706875
2392	246.8561875
2396	247.18
2406	248.7646875
2410	248.9438125
2414	249.06775
2424	249.9633125
2430	250.7280625
2433	250.8865
2437	251.0863125
2442	251.534125
2447	252.0508125
2451	252.29875
2454	252.4571875
2458	252.7465
2467	254.9306875
2471	255.1786875
2475	255.39225
2484	256.1913125
2490	256.65975
2494	256.8181875
2501	258.2650625
2504	258.53375
2511	260.6145625
2515	260.773
2520	261.28975
2523	261.5446875
2529	263.64625
2534	263.9218125
2541	264.4729375
2544	264.679625
2556	265.91975
2560	266.0575625
2566	267.5665
2574	268.3519375
2578	268.5310625
2585	269.213125
2595	270.7150625
2599	270.8941875
2608	271.6865
2614	271.9965625
2621	272.60975
2624	272.8646875
2630	273.3400625
2638	273.911875
2649	276.5714375
2659	277.46025
2663	277.6049375
2668	278.1698125
2676	278.7966875
2682	279.0585
2687	279.554625
2693	279.8921875
2698	280.2504375
2702	280.6086875
2707	281.8075625
2711	281.9866875
2714	282.3311875
2720	282.965
2726	283.4955
2732	283.7159375
2737	284.13625
2741	285.9139375
2745	286.072375
2753	286.844
2759	288.23575
2764	288.4424375
2773	290.0615
2777	290.35775
2783	290.6746875
2788	291.1431875
2793	291.5634375
