141	0.164625
145	0.3230625
152	0.7501875
161	1.5216875
169	2.2381875
172	2.396625
176	2.6515625
185	4.0708125
188	4.298125
192	4.4220625
197	4.925
200	5.0765625
202	5.235
210	7.598375
216	7.9428125
221	8.4250625
224	8.6455
228	8.7970625
233	9.258625
242	10.0578125
250	10.87075
252	10.9603125
262	13.3235625
266	13.4475625
273	14.02625
276	14.2260625
287	15.190625
291	15.43175
293	15.5144375
300	16.9544375
304	17.106
312	17.980875
315	18.16
319	18.532
327	19.2484375
332	19.6618125
336	19.9029375
338	19.985625
347	22.342
349	22.5555625
354	23.155
357	23.409875
361	23.7956875
363	23.9059375
370	25.2288125
375	25.835125
382	27.916
385	28.11575
388	28.3224375
390	28.4464375
397	28.887375
400	29.05275
406	29.6935
421	32.346125
425	32.580375
430	33.0901875
436	33.579375
443	34.2820625
447	34.4129375
452	35.0191875
456	35.2603125
464	35.9216875
467	36.0870625
469	36.176625
476	36.8241875
509	40.1039375
513	40.2555
518	40.77225
522	41.0960625
529	41.667875
533	41.95725
539	42.4739375
546	43.176625
550	43.328125
557	44.7474375
559	44.8576875
564	46.1668125
566	46.2908125
570	46.8075625
576	48.0821875
578	48.2061875
584	48.7435625
589	49.046625
592	49.2464375
596	49.735625
606	51.5270625
610	51.6855
612	51.7750625
623	52.843
626	53.0014375
628	53.091
637	55.454375
641	55.6128125
647	56.11575
651	56.467125
654	56.8254375
664	58.0174375
667	58.3895
675	59.3954375
679	59.5745625
682	59.90525
694	60.9041875
702	63.21925
708	63.4879375
714	64.1425
718	64.43875
722	64.72125
727	65.1690625
735	65.9681875
740	66.174875
746	68.2695
752	68.6070625
755	68.862
759	69.0204375
770	71.5904375
774	71.9486875
782	74.2086875
785	74.4015625
788	74.628875
791	74.7873125
795	74.932
804	75.6485
812	76.323625
817	76.62675
820	76.8334375
828	77.43275
832	77.673875
837	77.977
844	78.54875
878	81.807875
883	82.3176875
887	82.4968125
894	83.81275
899	84.067625
906	84.667
910	84.8116875
917	87.0579375
919	87.1681875
929	88.215375
936	88.8215625
939	88.9869375
943	89.145375
954	90.599125
956	90.73
964	91.5084375
967	91.6806875
971	91.901125
978	92.4385
984	93.809625
988	93.9680625
990	94.057625
998	94.7671875
1002	95.035875
1010	95.6973125
1021	96.8340625
1025	97.1509375
1030	97.585
1034	97.702125
1039	98.26025
1046	99.5486875
1050	99.70025
1058	100.5063125
1061	100.706125
1067	101.3055
1071	101.6155
1073	101.7119375
1085	103.0346875
1090	103.268875
1093	103.6065
1099	104.2196875
1107	106.3694375
1111	106.6174375
1115	107.00325
1124	107.9264375
1128	108.4706875
1132	108.7118125
1138	109.1665
1141	109.407625
1145	109.5523125
1150	109.9931875
1156	110.4271875
1158	110.5029375
1169	111.4054375
1175	111.9015
1178	112.07375
1187	114.5610625
1198	116.2559375
1202	116.6830625
1214	118.7913125
1220	119.0806875
1227	119.79025
1235	120.2449375
1240	120.4585
1246	120.761625
1251	121.237
1257	121.5608125
1262	122.2635625
1296	125.67425
1300	125.8326875
1307	126.824875
1312	127.258875
1315	127.4655
1317	127.5481875
1327	129.126
1332	129.4084375
1336	129.5393125
1344	130.283375
1350	130.965375
1359	131.7300625
1361	131.8265
1371	134.1898125
1375	134.513625
1382	135.1405
1385	135.292
1391	135.815625
1395	135.9395625
1406	137.0486875
1416	137.971875
1428	139.763125
1433	140.3280625
1440	140.9480625
1443	141.1065
1448	141.5956875
1452	141.7610625
1459	142.4086875
1474	145.2060625
1479	145.5091875
1482	145.729625
1486	146.1155
1488	146.246375
1497	147.7690625
1501	148.1618125
1508	150.2495625
1513	150.532
1516	150.7386875
1518	150.82825
1526	151.5033125
1531	151.8546875
1535	151.9924375
1540	152.529875
1550	154.9000625
1559	155.5751875
1565	156.91875
1569	157.2770625
1578	158.57925
1584	158.8479375
1587	159.04775
1593	159.695375
1601	160.2671875
1603	160.35675
1607	160.70125
1640	164.0224375
1645	164.242875
1651	164.821625
1653	164.9043125
1659	165.297
1665	167.488125
1669	167.6465625
1676	168.3561875
1682	168.6455625
1689	169.2863125
1693	169.685875
1699	171.00875
1705	171.6908125
1711	172.228125
1717	172.7035
1723	173.2684375
1727	173.647375
1731	174.1434375
1733	174.233
1740	174.6670625
1749	175.4868125
1752	175.6935
1758	176.1344375
1765	178.2153125
1769	178.4633125
1773	178.6906875
1778	179.0558125
1781	179.2280625
1790	180.1443125
1794	180.3854375
1801	181.0054375
1806	181.287875
1813	181.969875
1820	183.3271875
1824	183.4994375
1827	183.8439375
1831	184.22975
1837	184.5190625
1845	185.3181875
1850	187.254375
1852	187.474875
1856	187.9020625
1861	188.274
1865	188.3979375
1870	188.9076875
1875	189.500125
1883	190.0030625
1886	190.1821875
1892	190.51975
1901	191.3326875
1907	192.6486875
1911	192.86225
1916	193.2135625
1922	193.626875
1925	193.806
1932	195.9558125
1937	196.2245
1943	196.7825625
1947	196.9754375
1951	197.251
1956	197.70575
1962	198.1329375
1970	198.82875
1975	199.131875
1986	200.6753125
1990	201.01975
1997	203.0799375
2002	203.4658125
2009	204.037625
2013	204.4303125
2016	204.575
2022	205.0779375
2028	206.2630625
2032	206.4421875
2037	206.662625
2040	206.8693125
2043	207.069125
2056	208.991375
2060	209.3703125
2062	209.46675
2071	211.6440625
2077	212.188375
2081	212.326125
2089	213.7591875
2091	213.8694375
2101	214.895875
2106	215.4608125
2112	215.7295
2117	216.204875
2121	216.3495625
2127	216.893875
2135	218.43025
2141	218.878
2147	220.11825
2151	220.311125
2163	221.2204375
2169	221.4409375
2174	221.813
2177	221.95075
2183	222.5639375
2186	222.79125
2190	223.066875
2196	225.0375625
2203	226.21575
2208	226.8289375
2215	228.1380625
2220	228.3860625
2223	228.6065
2229	229.081875
2233	229.3091875
