141	0.164625
143	0.385125
149	0.90875
152	1.081
157	1.5633125
161	1.790625
168	2.307375
172	2.583
180	3.1616875
186	3.726625
192	4.2570625
199	4.884
203	5.049375
208	5.6074375
213	5.99325
221	6.5168125
231	8.8594375
241	9.948
246	10.1615625
250	10.499125
260	11.1536875
263	11.312125
268	12.5316875
272	12.703875
280	13.193
284	13.55125
288	13.8819375
293	14.4469375
297	14.73625
303	15.321875
309	17.299375
314	17.8575
321	18.346625
327	18.93225
331	19.063125
337	19.5040625
342	19.7865
346	20.0069375
356	21.619125
363	22.184125
367	22.3839375
372	22.838625
375	23.024625
381	23.4518125
386	23.8583125
394	25.2638125
398	25.477375
403	25.9183125
405	26.007875
411	26.76575
414	26.938
420	27.413375
427	28.0748125
431	28.4261875
438	30.513875
442	30.8721875
446	31.1684375
454	31.719625
457	31.9331875
466	32.9459375
470	33.2284375
479	33.882875
487	34.42025
497	35.2400625
501	35.495
505	35.8119375
512	38.0650625
522	38.816
526	38.933125
532	40.249125
536	40.607375
543	41.165375
550	42.481375
554	42.7845
558	43.0669375
565	43.707625
569	43.9074375
575	44.3483125
583	46.51875
588	46.7874375
594	47.3730625
601	47.9034375
607	48.2479375
611	48.4201875
617	48.9644375
622	50.1633125
626	50.432
630	50.810875
634	51.06575
641	51.72025
647	52.2094375
654	54.187
658	54.3454375
662	54.772625
671	55.6751875
676	55.937
684	56.5088125
720	60.270875
723	60.5464375
732	61.324875
734	61.442
742	62.1378125
746	62.5649375
749	62.7509375
751	62.8680625
756	63.3640625
761	63.867
768	64.2596875
777	65.169125
785	65.8029375
789	66.023375
797	66.6365
801	66.8363125
811	67.7181875
816	67.986875
820	68.269375
825	68.7103125
830	69.0823125
834	69.4405625
837	69.7850625
842	70.288
845	70.453375
850	72.403375
853	72.637625
857	72.9614375
861	73.3955
871	74.1945625
874	74.36675
880	75.703375
883	75.9651875
887	76.2683125
894	76.8745
905	77.6735625
908	77.838875
914	78.328
920	78.8378125
929	81.03575
934	81.2768125
939	81.8210625
944	82.31025
953	83.695125
956	84.005125
963	85.259125
970	86.650875
975	86.892
979	87.057375
985	87.4845
992	87.9598125
994	88.049375
1003	88.8485
1008	89.3583125
1012	89.5925625
1017	89.8474375
1021	90.0196875
1028	90.756875
1031	90.9153125
1035	91.066875
1040	91.535375
1044	91.8178125
1049	92.2105
1061	93.188875
1066	93.4644375
1070	93.808875
1079	94.525375
1087	96.971375
1091	97.391625
1097	97.8049375
1100	97.9840625
1106	100.133875
1115	100.809
1121	102.1525625
1125	102.51775
1134	104.1299375
1140	104.384875
1143	104.57775
1154	106.272625
1158	106.4861875
1165	107.161375
1167	107.271625
1174	108.0019375
1179	108.284375
1187	109.000875
1189	109.0904375
1195	109.57275
1198	109.813875
1202	110.1928125
1204	110.282375
1212	112.5355
1216	112.6595
1221	113.2450625
1227	113.8375625
1231	114.126875
1235	114.5540625
1239	114.7951875
1243	115.3531875
1250	115.9800625
1253	116.18675
1259	116.77925
1267	117.206375
1271	117.3855
1276	117.8746875
1311	121.209625
1315	121.333625
1320	121.9054375
1323	122.0983125
1327	122.3600625
1332	122.807875
1337	123.228125
1341	123.68975
1346	124.0755625
1348	124.165125
1354	124.7300625
1360	125.3776875
1365	125.6188125
1367	125.7496875
1378	126.8795625
1384	127.4031875
1390	127.775125
1394	127.885375
1402	130.15225
1405	130.3658125
1409	130.62075
1421	131.723
1424	131.9365625
1436	133.0871875
1440	133.3283125
1448	134.0103125
1451	134.2445625
1457	136.3943125
1460	136.669875
1471	137.779
1476	138.3370625
1480	138.502375
1485	138.9501875
1492	139.446125
1496	139.6941875
1504	141.272
1507	141.5544375
1516	142.2984375
1521	142.822
1524	143.001125
1532	143.5866875
1534	143.67625
1542	145.7501875
1552	147.1764375
1557	147.727625
1563	148.1409375
1566	148.34075
1570	148.581875
1578	150.1665
1581	150.3800625
1583	150.469625
1588	150.938125
1593	151.2413125
1599	151.7993125
1607	152.316
1609	152.4055625
1620	154.99625
1630	155.8505
1635	156.3465625
1640	156.67725
1644	156.80125
1653	157.5935
1657	157.834625
1662	158.303125
1667	158.5511875
1670	158.7026875
1679	159.5086875
1691	160.645375
1694	160.907125
1700	161.3411875
1705	161.720125
1710	161.96125
1712	162.1196875
1717	162.4779375
1722	162.7190625
1728	163.153125
1736	163.8351875
1771	167.60425
1775	167.9280625
1779	168.2105
1788	169.0028125
1791	169.1543125
1794	169.37475
1805	171.793125
1809	171.91025
1817	172.6818125
1821	172.96425
1830	173.7771875
1835	174.30075
1838	174.5211875
1843	174.727875
1847	175.0585625
1851	176.071375
1855	176.2298125
1857	176.319375
1867	177.2425
1874	177.9245625
1880	178.2139375
1885	178.5515
1896	179.4538125
1902	179.901625
1910	180.5836875
1919	182.781625
1924	183.029625
1933	184.8140625
1938	185.0414375
1945	185.6408125
1950	185.9301875
1955	186.14375
1959	186.502
1963	186.8946875
1969	188.768875
1973	188.892875
1984	189.829875
1989	190.3673125
1992	190.5395625
1996	190.7945
2000	191.207875
2008	192.7994375
2012	192.9234375
2019	193.6468125
2024	194.0739375
2030	194.4321875
2033	194.6044375
2037	194.9006875
2046	196.1890625
2050	196.3681875
2054	196.5335
2061	197.188
2072	198.0698125
2077	198.3385
2088	199.089375
2097	199.606125
2101	199.9505625
2104	200.1159375
2107	200.3019375
2115	200.9908125
2122	201.590125
2125	201.8036875
2129	202.1619375
2142	204.2081875
2150	204.9660625
2156	205.23475
2159	205.4414375
2164	205.8823125
2173	207.5014375
2177	207.6805625
2183	207.9216875
2191	208.7415625
2194	208.9345
2201	209.5890625
2207	209.8853125
2213	210.3675
2219	210.8704375
2224	211.1529375
2259	214.65325
2264	215.211375
2270	215.7280625
2274	215.9071875
2285	216.754625
2289	216.988875
2296	217.5261875
2299	217.7190625
2308	218.4838125
2311	218.7318125
2315	218.8971875
2324	219.6481875
2330	219.98575
2335	220.33025
2339	222.1079375
2343	222.473125
2347	222.77625
2352	223.361875
2355	223.52725
2359	223.665
2365	224.298875
2370	225.6355
2374	225.8973125
2378	226.2280625
2382	226.5174375
2392	227.4268125
2397	227.6679375
2401	227.9573125
2410	229.6385
2414	229.8520625
2418	230.21725
2422	230.4928125
2430	230.892375
2436	231.34025
2440	231.478
2448	232.098
2454	232.621625
2460	233.117625
2470	235.453375
2474	235.6325
2479	236.1354375
2483	236.4454375
2487	236.8795
2497	237.630375
2500	237.7888125
2504	237.9335
2508	238.2435
2510	238.360625
2516	238.966875
2519	239.2218125
2530	240.82025
2533	241.0269375
2537	241.3300625
2547	242.074125
2555	242.7975625
2557	242.88025
2566	243.7483125
2572	244.085875
2576	244.5061875
2581	245.1124375
2585	245.257125
2591	247.331125
2595	247.6686875
2600	248.109625
2610	248.963875
2614	249.1774375
2618	249.2945625
2624	249.9421875
2629	250.452
2634	250.7345
2642	252.85675
2654	254.6068125
2659	255.213125
2666	256.529125
2669	256.8185
2673	257.0940625
2678	257.54875
2689	258.478875
2691	258.596
