141	0.164625
147	0.6055625
153	1.0946875
158	2.3004375
162	2.638
166	2.93425
172	3.43025
181	4.1191875
186	4.36725
188	4.484375
199	5.6624375
203	6.0826875
206	6.303125
215	7.0265
224	9.5895
233	10.4436875
236	10.6985625
240	10.9465625
246	11.4976875
249	11.656125
255	12.1039375
259	13.8885
267	15.2526875
273	15.741875
282	17.15425
284	17.27825
288	17.62275
298	18.5735
307	19.1935625
310	19.352
314	19.4966875
320	20.0340625
326	21.3845625
328	21.5154375
335	22.018375
341	23.334375
343	23.458375
351	24.0439375
357	25.477125
359	25.608
370	26.7448125
375	26.979
378	27.316625
382	27.8333125
392	30.03125
399	30.734
402	30.90625
409	31.5331875
414	31.981
418	33.9103125
420	34.123875
429	34.964375
434	35.2743125
436	35.363875
447	36.2111875
452	36.783
458	37.2308125
465	37.878375
467	37.9679375
474	38.6430625
482	39.2974375
485	39.5385625
489	39.7659375
495	40.1655
501	40.80625
504	40.971625
508	41.1438125
516	42.108375
520	42.342625
526	42.9075625
528	42.99025
537	43.885875
543	44.182125
547	44.368125
555	45.036375
560	45.498
565	47.6753125
572	48.1438125
577	48.52275
582	48.92925
588	49.404625
594	49.838625
599	50.32775
606	52.574
610	52.9115625
619	53.6763125
624	54.2205625
629	54.5030625
635	54.764875
643	55.639875
649	55.936125
653	56.3288125
660	56.92125
663	57.20375
670	57.872
703	61.2551875
706	61.53075
714	62.364375
719	62.6124375
725	63.0258125
729	63.1705
737	63.9973125
740	64.2039375
742	64.3210625
753	65.1546875
756	65.313125
758	65.43025
767	66.091625
772	66.629
778	68.647875
784	68.9923125
789	69.5916875
793	69.8810625
801	71.2934375
806	71.7205625
810	72.0856875
817	72.6505625
821	73.1328125
824	73.332625
831	74.0905
843	75.2134375
847	75.4476875
854	76.0884375
857	76.2744375
866	76.9219375
874	77.721125
883	80.22225
893	81.0765
899	82.275375
903	82.5578125
908	83.005625
912	83.12275
920	84.0735625
926	84.597125
930	84.8313125
941	85.8440625
950	87.4080625
955	87.725
958	87.911
966	90.2123125
971	90.481
977	91.797
980	92.0588125
987	93.367875
990	93.5745625
992	93.7054375
1004	96.744
1009	97.054
1015	98.3424375
1026	99.1966875
1029	99.4309375
1033	99.809875
1035	99.8994375
1047	101.084375
1050	101.3255
1053	101.4701875
1064	103.9161875
1066	104.12975
1074	104.87375
1077	105.12175
1079	105.1975
1089	106.120625
1093	106.4099375
1101	107.26425
1103	107.4226875
1111	108.9729375
1115	109.2071875
1117	109.289875
1121	109.8134375
1126	110.2474375
1133	110.8193125
1136	111.0190625
1140	111.1568125
1148	111.8733125
1157	112.6105
1160	112.7758125
1164	112.975625
1171	115.0909375
1176	115.69725
1184	116.158875
1188	116.3518125
1195	117.0545625
1199	117.330125
1211	119.1214375
1215	119.4728125
1223	119.8999375
1226	120.0859375
1230	120.34775
1232	120.4373125
1265	123.8824375
1271	124.151125
1278	124.84
1286	125.3429375
1295	126.1006875
1297	126.259125
1302	126.62425
1307	126.8309375
1313	127.161625
1321	129.497375
1325	129.621375
1332	130.2828125
1336	130.6410625
1345	131.44025
1349	131.8674375
1353	132.1016875
1358	133.5899375
1362	133.85175
1366	134.2375625
1370	134.396
1375	134.837
1379	135.126375
1381	135.2848125
1387	137.42075
1390	137.6205625
1394	138.04775
1402	138.7366875
1408	139.2395625
1411	139.398
1415	139.50825
1427	140.6174375
1434	142.0368125
1436	142.1470625
1447	142.980625
1458	143.9658125
1465	144.4893125
1470	144.9370625
1474	145.2194375
1481	145.846375
1485	146.0875
1490	146.4044375
1494	146.5698125
1501	148.7678125
1503	148.9883125
1514	150.655625
1516	150.7865
1521	152.0611875
1523	152.1851875
1528	152.7295
1531	152.936125
1533	153.046375
1540	154.58975
1543	154.830875
1545	154.9135625
1550	155.4303125
1553	155.6025625
1557	156.0090625
1563	156.615375
1568	157.035625
1571	157.380125
1582	158.1173125
1585	158.317125
1589	158.4824375
1595	160.59775
1599	160.8044375
1604	161.2178125
1613	161.913625
1617	162.2305625
1621	162.49925
1625	162.7955
1630	163.2985
1633	163.4983125
1642	165.1311875
1646	165.3240625
1653	165.9854375
1657	166.350625
1662	166.77775
1671	167.5700625
1676	169.34775
1689	171.0288125
1694	171.642
1701	172.9510625
1703	173.1370625
1706	173.4401875
1710	173.8673125
1718	174.4460625
1721	174.65275
1735	177.725625
1737	177.90475
1745	178.49725
1748	178.6419375
1750	178.7315
1756	179.4480625
1758	179.5583125
1766	180.4608125
1770	180.626125
1772	180.757
1809	184.3054375
1813	184.643
1819	185.201
1822	185.3663125
1828	185.821
1832	186.0965625
1836	186.3790625
1849	189.1833125
1851	189.34175
1859	190.092625
1865	190.51975
1868	190.67125
1877	191.408375
1886	192.70375
1890	193.0826875
1892	193.17225
1902	194.2814375
1905	194.474375
1909	194.6741875
1915	195.0875625
1922	197.4165
1928	197.9608125
1937	198.6704375
1940	198.9046875
1944	199.3318125
1949	199.5729375
1953	199.80025
1961	201.1644375
1965	201.3573125
1973	201.936
1976	202.1358125
1979	202.3218125
1986	202.721375
1991	203.0865
2000	203.72025
2002	203.8098125
2011	204.6089375
2017	204.87075
2025	207.1789375
2028	207.447625
2035	208.0125
2039	208.267375
2044	208.7771875
2049	209.23875
2052	209.417875
2058	209.9759375
2062	210.182625
2066	210.506375
2069	210.692375
2074	211.0919375
2081	213.2693125
2089	214.7093125
2093	214.8264375
2097	215.3706875
2101	215.653125
2105	216.1146875
2110	217.3273125
2113	217.5133125
2117	217.7681875
2119	217.85775
2127	218.6845625
2132	218.946375
2136	219.2839375
2139	219.442375
2147	220.096875
2149	220.1864375
2156	220.9305625
2189	224.2035
2192	224.4790625
2199	225.292125
2203	225.464375
2208	225.974125
2215	226.470125
2218	226.621625
2224	227.972
2232	228.7229375
2237	229.2810625
2241	229.5841875
2246	229.8873125
2258	232.3333125
2264	232.595125
2272	233.3874375
2278	233.6768125
2288	234.64825
2292	234.786
2296	235.3164375
2300	235.5506875
2311	236.4186875
2315	236.5565
2320	237.10075
2324	237.397
2326	237.4796875
2332	238.1410625
2340	240.32525
2344	240.724875
2349	241.220875
2355	241.6066875
2367	242.7435
2370	242.9915
2381	243.8458125
2385	244.00425
2394	245.575125
2398	245.75425
2402	245.8920625
2408	246.4708125
2414	246.97375
2417	247.1459375
2425	247.9313125
2428	248.138
2432	248.5375625
2438	249.888
2445	250.59075
2450	251.0523125
2455	251.3485625
2457	251.438125
2465	252.14775
2471	254.4698125
2473	254.6903125
2478	255.1725625
2485	255.87525
2489	256.068125
2496	256.846625
2501	257.4391875
2507	257.8111875
2512	258.093625
2519	258.7136875
2525	258.98925
2539	260.16725
2546	260.808
2550	260.973375
2557	263.2058125
2566	263.9843125
2571	264.4251875
2581	266.0029375
2585	266.2165
2590	266.4231875
2596	267.001875
2599	267.187875
2607	267.75975
2612	267.9664375
2618	268.2626875
2626	268.875875
2636	269.5785625
2641	269.9505625
2648	270.5361875
2652	270.674
2657	271.21825
2665	273.4369375
2671	273.76075
2676	274.2016875
2682	274.7735625
2685	274.98025
2693	275.8690625
2704	276.8955625
2714	278.5560625
2719	279.003875
2723	279.29325
2732	279.9270625
2734	280.0235
2743	280.75375
2752	281.635625
2756	281.9180625
2762	282.3934375
