141	0.164625
145	0.3230625
151	1.0465
155	1.425375
161	1.9695625
164	2.1761875
166	2.2933125
174	3.0443125
182	5.221625
188	5.635
191	5.800375
196	6.110375
202	6.5581875
205	6.7441875
209	6.9164375
214	7.419375
219	7.8258125
224	8.0669375
226	8.1840625
234	8.8454375
242	9.472375
248	10.1338125
252	10.3680625
258	10.9674375
264	11.3876875
272	12.0971875
274	12.193625
281	12.8068125
291	15.239
295	15.425
300	16.0588125
304	16.382625
307	16.554875
312	17.0440625
316	17.209375
321	17.7811875
328	19.2349375
334	19.896375
337	20.082375
345	21.605
349	21.784125
358	22.5764375
362	22.7418125
369	23.3825
377	23.92675
388	24.8775
393	26.6551875
398	27.9986875
401	28.170875
404	28.3775625
411	29.67975
416	30.327375
426	31.7810625
434	32.3046875
438	32.4425
443	32.9523125
451	35.109
457	35.522375
465	36.300875
472	36.941625
480	37.5203125
486	38.030125
489	38.278125
493	38.5468125
498	38.9946875
503	39.311625
506	39.4700625
514	40.2073125
520	41.5370625
524	41.70925
529	41.964125
534	42.5221875
537	42.7633125
541	43.038875
546	43.493625
552	44.1274375
555	44.3616875
562	46.4976875
568	46.780125
576	47.544875
581	48.089125
585	48.3646875
589	48.7504375
598	49.528875
604	50.8655625
612	51.313375
616	51.609625
618	51.6923125
627	52.60175
630	52.78775
632	52.898
639	54.248375
643	54.4205625
647	54.572125
656	55.536625
661	55.8741875
665	56.1153125
670	56.7078125
677	57.169375
682	57.4518125
689	58.099375
726	61.7441875
729	61.999125
738	62.7225625
742	62.8948125
748	63.39775
752	63.6801875
762	64.5069375
765	64.775625
767	64.885875
774	65.5816875
777	65.747
789	66.642625
798	69.074875
800	69.295375
805	69.77075
810	70.14275
812	70.253
818	70.8455
824	71.382875
834	72.4439375
838	72.7195
844	73.132875
849	73.4084375
853	73.56
857	73.9389375
863	74.32475
869	74.9103125
873	75.0963125
878	75.53725
887	77.859125
892	78.41725
900	78.9270625
909	80.4290625
916	80.8630625
921	82.0756875
925	82.28925
930	82.75775
935	83.047125
940	83.5086875
942	83.59825
949	85.045125
960	85.851125
967	86.484875
971	86.7673125
975	86.9050625
981	87.5595625
986	87.9729375
992	88.6343125
996	88.779
1004	89.6539375
1011	91.727875
1013	91.851875
1019	92.2859375
1025	92.9335625
1031	93.4365
1041	94.945375
1045	95.1245
1048	95.4551875
1053	95.9650625
1058	96.3990625
1061	96.5644375
1065	98.349
1069	98.473
1077	99.320375
1083	99.5821875
1089	100.9119375
1093	101.2633125
1100	101.8489375
1104	102.0211875
1113	103.5920625
1117	103.8400625
1121	104.0191875
1132	105.01125
1135	105.1696875
1137	105.25925
1145	105.97575
1154	106.7404375
1157	106.892
1159	107.00225
1166	107.5120625
1171	107.9185
1177	108.207875
1209	111.51525
1211	111.63925
1225	112.85875
1230	113.3341875
1234	113.596
1244	114.408875
1249	114.7258125
1255	116.779125
1259	117.11675
1262	117.282125
1267	117.6128125
1272	118.012375
1275	118.1915
1277	118.356875
1284	119.0320625
1287	119.2525
1291	119.51425
1296	119.9483125
1299	120.1136875
1303	120.2514375
1308	120.7681875
1311	121.0713125
1321	121.808375
1330	123.4825625
1334	123.68925
1338	123.7994375
1346	124.59175
1352	125.1773125
1359	125.8663125
1365	126.3279375
1367	126.4175
1374	126.9410625
1383	128.5670625
1387	128.77375
1392	129.249125
1396	129.5246875
1401	129.931125
1405	130.275625
1408	130.4823125
1415	131.0885625
1419	131.288375
1430	132.363
1433	132.590375
1441	134.7194375
1447	135.2361875
1451	135.380875
1460	137.0756875
1462	137.2065625
1470	138.1229375
1473	138.3365
1479	138.8945625
1487	139.6248125
1491	139.90725
1496	140.3963125
1500	140.547875
1505	141.0576875
1511	141.657
1515	141.946375
1517	142.0290625
1526	143.70325
1530	143.882375
1533	144.2130625
1544	145.28775
1549	145.8320625
1553	146.1626875
1558	146.569125
1563	146.9204375
1570	147.609375
1574	147.8229375
1578	147.967625
1590	148.95275
1593	149.125
1603	151.6398125
1607	151.7638125
1614	152.3218125
1618	152.6249375
1631	154.629875
1635	154.809
1639	155.10525
1652	156.35225
1657	156.7174375
1661	156.8483125
1669	157.619875
1674	158.088375
1677	158.28125
1686	159.7211875
1691	159.989875
1695	160.231
1703	161.1265625
1707	161.2988125
1742	164.826625
1750	165.55
1754	165.8324375
1760	166.3491875
1763	166.507625
1771	167.224125
1775	167.3619375
1780	167.926875
1785	168.1404375
1788	168.3195625
1798	169.1945625
1802	169.7388125
1809	170.4208125
1814	170.717
1817	170.896125
1829	172.0880625
1837	174.2998125
1840	174.5065
1844	174.7958125
1856	175.8705625
1866	176.7179375
1870	176.97975
1877	177.53775
1893	178.8673125
1898	179.2668125
1902	179.466625
1907	179.8593125
1914	181.9470625
1919	182.553375
1923	182.911625
1927	183.3043125
1941	184.6753125
1945	184.89575
1956	186.5836875
1960	186.852375
1964	187.210625
1972	187.996
1975	188.16825
1983	188.9191875
1985	189.00875
1994	189.869875
1999	190.117875
2005	190.3728125
2013	190.8895625
2017	191.1238125
2025	193.25975
2027	193.38375
2037	194.3208125
2045	195.22325
2053	195.9604375
2057	196.0775625
2062	196.6424375
2071	198.0549375
2075	198.2478125
2078	198.4338125
2082	198.7438125
2094	199.5911875
2099	199.83925
2102	200.018375
2107	200.452375
2113	200.948375
2117	201.0930625
2123	201.589125
2130	202.085125
2135	202.3813125
2142	202.9599375
2146	204.737625
2150	205.1165625
2157	205.69525
2161	205.8950625
2166	206.3910625
2169	206.584
2173	206.72175
2181	207.307375
2185	207.541625
2191	208.141
2195	208.3545625
2199	208.4785625
2206	209.1193125
2209	209.2915625
2215	209.753125
2248	213.032875
2253	213.3015625
2260	213.8526875
2263	214.0593125
2271	214.84475
2275	215.010125
2279	215.478625
2286	216.071125
2289	216.243375
2293	216.381125
2300	217.0425625
2307	217.6281875
2311	217.766
2316	218.31025
2323	218.9234375
2327	219.1576875
2330	219.37125
2337	220.0050625
2341	220.1428125
2353	221.36225
2356	221.5206875
2358	221.61025
2368	222.368125
2374	224.566125
2381	224.8555
2385	225.02775
2390	225.489375
2402	226.70875
2411	228.2175625
2416	228.4104375
2422	228.996125
2424	229.127
2434	229.9605625
2442	230.5255
2445	230.718375
2451	231.2075625
2457	231.669125
2462	232.1926875
2467	232.6474375
2471	232.8748125
2474	233.0814375
2487	234.4593125
2491	234.604
2502	235.685625
2506	235.9611875
2510	236.2091875
2515	236.7120625
2519	236.91875
2524	237.318375
2529	237.5595
2536	239.5163125
2545	240.1914375
2552	241.535
2556	241.8794375
2562	243.167875
2571	244.008375
2577	244.2839375
2581	244.5664375
2585	244.9798125
2590	245.4620625
2597	245.8271875
2602	246.04075
2609	247.29475
2613	247.653
2618	248.07325
2624	248.59
