141	0.164625
147	0.681375
151	0.819125
157	1.2531875
165	1.955875
174	3.6439375
179	4.1124375
181	4.2364375
189	4.9323125
199	5.8071875
201	5.89675
206	6.358375
211	6.654625
219	8.894
224	10.2375
230	10.65775
238	11.3880625
243	12.008125
252	12.834875
263	13.751125
269	14.2609375
276	15.8180625
280	15.99025
284	16.19
291	16.8238125
294	17.0029375
300	17.5954375
303	17.753875
307	17.91925
312	18.4910625
316	18.780375
329	21.2953125
331	21.508875
338	22.253
341	22.5216875
345	22.976375
356	24.5128125
366	25.3808125
371	25.8769375
378	27.1860625
384	27.689
388	27.895625
392	28.1711875
405	29.4319375
410	29.7075
413	29.886625
420	30.3689375
426	32.3465
432	32.7805625
439	33.3799375
444	33.848375
447	34.020625
451	34.172125
457	34.805875
460	35.047
468	36.5765
470	36.707375
475	37.203375
480	37.5615625
482	37.651125
491	38.4778125
501	40.1106875
503	40.2346875
512	40.999375
516	41.233625
523	41.7710625
531	43.1973125
535	43.3695
537	43.4935
542	43.97575
546	44.230625
554	44.8161875
558	44.974625
571	46.2285625
578	46.834875
611	50.135375
615	50.3145
620	50.85875
624	51.16875
628	51.5959375
632	51.7475
639	52.5535625
643	52.7464375
645	52.891125
655	53.7453125
660	54.0759375
664	54.2688125
671	55.074875
678	55.6880625
682	56.0531875
687	56.2943125
693	58.2580625
700	58.8643125
706	60.2079375
710	60.3388125
718	61.771875
726	62.192125
728	62.2885625
734	62.8948125
737	63.0739375
741	63.4735625
748	64.8723125
752	65.0514375
756	65.2443125
761	65.6645625
767	66.2156875
770	66.3671875
780	68.613375
787	69.3436875
795	70.0050625
799	70.21175
807	72.3545625
817	73.050375
825	73.704875
830	73.9115625
837	75.3929375
841	75.5169375
847	76.1231875
850	76.2885625
854	76.52275
863	77.321875
872	78.059
875	78.3345625
879	78.7203125
886	79.553875
894	81.0765
898	81.2831875
903	81.793
907	82.103
913	82.543875
918	82.9228125
925	84.9623125
936	86.1955625
939	86.4298125
947	87.1945
950	87.3529375
952	87.4425
957	88.0556875
962	88.4345
962	88.820375
962	89.5919375
962	89.798625
968	91.652
972	91.82425
976	91.9689375
982	92.6303125
985	92.8025625
990	93.1470625
995	93.7464375
1002	94.44225
1010	95.3240625
1014	95.723625
1052	99.4375
1057	100.0438125
1062	100.5398125
1066	100.7465
1072	101.463
1075	101.6834375
1079	101.7936875
1089	102.7306875
1099	105.162875
1101	105.3764375
1110	106.1963125
1113	106.341
1115	106.458125
1123	107.092
1127	107.57425
1133	107.9875625
1136	108.208
1140	108.3526875
1152	110.0819375
1156	110.2610625
1160	110.522875
1168	111.129125
1173	111.71475
1180	112.2039375
1184	112.3279375
1190	113.016875
1196	115.0150625
1200	115.394
1204	115.7729375
1207	116.1174375
1214	116.7925625
1218	117.075
1226	117.92925
1230	118.129
1233	118.4735
1242	119.2381875
1245	119.396625
1248	119.5688125
1256	120.3473125
1259	120.5884375
1262	120.795125
1272	122.2695625
1276	122.627875
1283	123.2685
1285	123.3580625
1294	124.1434375
1303	124.942625
1307	125.1355
1309	125.252625
1317	125.893375
1323	127.9329375
1326	128.1740625
1331	128.6563125
1335	128.987
1343	129.586375
1347	129.7655
1353	130.2064375
1360	130.881625
1364	131.109
1376	132.30775
1381	132.8658125
1385	133.0380625
1392	133.5616875
1395	133.727
1399	133.975
1403	134.2919375
1440	137.868
1442	138.095375
1451	138.8600625
1456	139.4043125
1461	139.6729375
1466	139.9003125
1469	140.1069375
1475	140.665
1484	141.5399375
1488	141.82925
1493	142.2976875
1499	142.82125
1502	142.97275
1508	143.62725
1512	143.7995
1518	145.8735
1521	146.1421875
1525	146.3970625
1530	146.91375
1534	147.0653125
1541	147.5751875
1546	147.9955
1549	148.222875
1554	148.705125
1559	149.9315625
1563	150.1106875
1567	150.3104375
1572	150.75825
1577	151.1578125
1583	151.8330625
1587	152.1224375
1589	152.1981875
1597	154.4168125
1604	155.0438125
1608	155.209125
1617	155.8705
1622	156.16675
1632	157.6825
1636	157.813375
1642	158.3851875
1649	159.79075
1651	159.921625
1658	160.4245625
1663	160.844875
1669	161.327125
1676	161.954
1683	164.152
1688	164.627375
1693	164.85475
1700	165.433375
1704	166.4461875
1709	167.059375
1716	167.514125
1720	167.63125
1732	168.719875
1735	168.892125
1739	169.1470625
1743	169.5604375
1750	170.201125
1753	170.38025
1757	170.5455625
1763	172.6470625
1766	172.8813125
1777	173.790625
1785	174.5484375
1794	176.0159375
1796	176.1261875
1802	176.74625
1809	177.566125
1815	178.05525
1826	179.7433125
1830	179.908625
1832	179.9981875
1843	181.066125
1846	181.2245625
1849	181.4174375
1853	181.906625
1860	182.77475
1865	183.0571875
1868	183.4499375
1879	184.655625
1883	184.945
1885	185.1034375
1918	188.4315
1922	188.5830625
1927	189.0929375
1934	189.623375
1937	189.7818125
1949	190.870375
1960	191.738375
1965	191.9588125
1969	192.1103125
1974	192.6408125
1981	193.1988125
1985	193.3228125
1990	193.8876875
1999	196.0029375
2005	197.4154375
2009	197.691
2015	198.2145625
2022	198.724375
2028	199.29625
2032	199.427125
2041	200.2194375
2047	200.6878125
2053	202.12775
2057	202.4033125
2065	202.9545
2068	203.133625
2073	203.733
2079	204.160125
2084	204.5941875
2093	207.0815
2102	207.7359375
2104	207.818625
2109	208.287125
2117	209.7270625
2122	209.9475
2128	210.2093125
2133	210.6846875
2136	210.8638125
2141	211.1049375
2143	211.1945
2153	212.786
2162	213.598875
2167	214.98375
2175	215.6106875
2183	216.28575
2186	216.6578125
2190	217.0505625
2194	217.312375
2197	217.6155
2204	219.744625
2214	220.51625
2218	220.7711875
2222	221.163875
2228	222.638375
2232	223.0035625
2239	224.3195625
2244	224.657125
2250	225.938625
2253	226.17975
2258	226.538
2261	226.7515625
2272	227.6059375
2276	227.750625
2286	229.466125
2290	229.89325
2297	230.45125
2302	230.9128125
2309	232.869625
2311	232.993625
2317	233.5103125
2326	234.3439375
2330	234.5368125
2332	234.6195
2341	235.4186875
2345	235.75625
2349	236.0318125
2358	236.7826875
2369	237.76775
2379	238.3946875
2388	239.979375
2392	240.151625
2396	240.26875
2403	240.978375
2406	241.1850625
2413	241.7154375
2417	241.997875
2421	242.2251875
2426	242.5971875
2437	245.18775
2446	246.0419375
2451	246.248625
2455	246.6275625
2463	247.11675
2468	247.4956875
2475	248.0605625
2479	248.1983125
2484	248.7150625
2489	249.886375
2499	250.775125
2504	251.0025
2510	251.2711875
2516	251.7534375
2519	252.0359375
2527	252.8213125
2533	253.303625
2543	255.9150625
2555	257.851125
2559	258.2025
2566	259.4978125
2569	259.71825
2576	260.37275
2583	260.95825
2586	261.1649375
2588	261.2545
2593	261.86075
2599	262.3223125
2603	262.756375
2606	263.0870625
2613	263.7485
2617	263.989625
2623	264.4649375
2628	264.8989375
2635	266.9315625
2642	267.6480625
2645	267.8203125
2650	268.302625
2654	268.5850625
2659	269.0053125
2663	269.1224375
2668	269.66675
2674	270.093875
2678	270.3625625
2685	271.7680625
2693	272.28475
2696	272.457
2701	272.7188125
2705	273.0288125
2715	274.4894375
2719	274.6685625
2723	274.9165625
2732	275.578
2736	275.819125
2739	276.0395625
2743	276.177375
2750	277.589875
2757	277.9068125
2762	278.1135
2766	278.4924375
2770	278.81625
2773	279.0505
2781	279.6568125
