141	0.164625
145	0.288625
153	0.96375
158	1.253125
164	1.859375
168	2.203875
173	3.43025
179	4.6084375
184	4.8358125
189	5.393875
196	5.9588125
199	6.1035
210	7.109375
215	7.4951875
222	9.4864375
224	9.644875
234	10.56125
242	11.3398125
246	11.539625
251	12.139
254	12.3319375
265	14.0199375
267	14.1508125
277	14.984375
280	15.1773125
284	15.30125
289	15.8455
295	16.272625
300	16.7273125
304	16.8581875
310	17.5195625
314	17.795125
318	18.1946875
327	18.959375
330	19.1591875
336	21.1160625
341	21.391625
349	22.1495
353	22.3561875
366	24.1475
376	25.0155
381	25.5115625
388	26.8206875
392	27.0686875
397	27.275375
404	27.923
413	28.729125
418	28.984
420	29.0804375
429	29.8451875
435	30.417
440	30.720125
444	30.851
448	31.39525
454	31.843
461	34.1580625
465	34.4060625
471	34.70925
474	34.950375
478	35.5084375
483	35.8046875
487	35.949375
495	36.6314375
529	39.8836875
533	40.042125
538	40.6070625
545	41.192625
550	41.4750625
555	41.7161875
563	43.928
565	44.03825
573	45.50575
579	45.9741875
585	46.6975625
588	46.96625
592	47.3865
600	48.771375
602	48.895375
610	49.563625
622	50.4384375
627	50.941375
631	51.10675
635	51.533875
643	53.61475
647	53.7731875
658	54.9441875
662	55.268
668	56.5839375
672	56.7561875
676	56.8733125
685	57.7000625
689	57.9825
696	58.5611875
708	61.0621875
712	61.220625
717	61.7166875
722	62.1851875
725	62.515875
734	63.955875
738	64.314125
745	65.6025625
749	65.761
751	65.8505625
758	66.498125
767	67.249125
771	67.621125
774	67.855375
779	68.26875
787	68.98525
792	69.226375
794	69.3159375
802	69.908375
808	72.106375
812	72.2648125
821	73.057125
824	73.312
834	74.097375
840	74.662375
846	75.2273125
853	76.39175
857	76.646625
861	76.8050625
865	77.301125
868	77.5215625
879	78.4929375
884	79.0235
888	79.2990625
894	81.2076875
896	81.3179375
904	81.88975
910	82.599375
914	82.88875
919	83.3571875
926	83.798125
930	83.9565625
934	84.4939375
937	84.652375
939	84.7419375
945	85.2035
950	85.678875
954	85.796
962	87.37375
966	87.6218125
975	88.3589375
979	88.6069375
992	89.6953125
995	89.908875
997	90.026
1004	90.7010625
1010	92.017
1014	92.43725
1017	92.6576875
1019	92.7748125
1023	93.2433125
1058	96.647125
1064	97.0466875
1070	97.694375
1082	98.7001875
1086	98.9550625
1093	99.5130625
1098	99.7679375
1101	99.9608125
1109	102.0555
1111	102.1795
1120	103.102625
1128	103.8329375
1134	104.1291875
1142	104.887
1146	105.265875
1155	106.816
1159	107.043375
1161	107.1329375
1169	107.773625
1174	108.2834375
1181	108.772625
1185	108.896625
1197	110.1918125
1200	110.4398125
1208	111.0391875
1212	111.2665625
1218	113.4645
1231	115.3315625
1236	115.6071875
1244	116.3168125
1246	116.406375
1258	117.308875
1264	117.8600625
1267	118.0529375
1273	118.5489375
1277	118.7763125
1285	120.7538125
1287	120.905375
1294	121.511625
1299	121.773375
1301	121.959375
1307	122.40725
1310	122.572625
1314	122.834375
1318	123.240875
1325	124.715375
1327	124.839375
1335	125.631625
1342	127.6849375
1345	127.8985
1349	128.1671875
1361	129.1798125
1365	129.4209375
1375	131.887625
1381	132.1425625
1385	132.404375
1387	132.4939375
1395	133.4171875
1398	133.637625
1402	133.7754375
1413	135.22225
1417	135.4358125
1425	136.028375
1428	136.214375
1434	136.4761875
1445	137.5165
1484	141.0925
1488	141.285375
1497	142.07075
1500	142.236125
1504	142.387625
1512	143.262625
1516	143.5381875
1520	143.917125
1522	144.0135625
1529	144.757625
1533	145.005625
1535	145.12275
1542	147.2931875
1544	147.5136875
1551	148.2094375
1560	149.00175
1566	149.4495625
1569	149.6010625
1579	150.310625
1585	151.6541875
1587	151.812625
1594	152.405125
1600	152.89425
1610	153.9965
1613	154.1894375
1617	154.3271875
1628	156.20125
1632	156.3596875
1635	156.5388125
1644	157.2345625
1651	157.8546875
1654	158.13025
1662	158.7916875
1666	159.1016875
1674	159.74925
1682	160.1075
1686	160.24525
1691	160.8170625
1697	161.30625
1703	163.4698125
1707	163.807375
1713	164.37225
1716	164.5444375
1724	165.260875
1729	166.480375
1732	166.6870625
1739	168.2165625
1754	170.862375
1757	171.11725
1759	171.30325
1766	173.5425625
1771	174.183375
1779	176.45025
1784	177.587125
1787	177.8558125
1794	179.96425
1798	180.21225
1802	180.453375
1811	182.0380625
1815	182.2171875
1820	182.4514375
1823	182.6856875
1857	185.9861875
1862	186.2686875
1869	186.8129375
1872	187.0058125
1880	187.681
1884	187.860125
1892	189.410375
1895	189.60325
1901	190.3059375
1905	190.733125
1910	191.153375
1922	193.1928125
1926	193.3995
1929	193.6130625
1936	194.2399375
1940	194.384625
1947	195.1149375
1952	195.383625
1959	196.1070625
1961	196.196625
1973	197.2575625
1980	197.8775625
1986	199.9859375
1990	200.1650625
1995	200.668
1999	200.978
2003	201.4120625
2014	203.237875
2017	203.4376875
2021	203.6994375
2028	204.2988125
2036	205.8215
2043	206.110875
2047	206.27625
2053	206.7171875
2057	207.0203125
2064	209.1425625
2071	210.32075
2076	210.9339375
2083	212.2430625
2085	212.3739375
2092	212.925125
2095	213.159375
2103	213.7863125
2107	214.1445625
2112	214.7921875
2120	216.9419375
2124	217.3415625
2128	217.617125
2134	218.1200625
2139	218.5540625
2142	218.72625
2146	218.864
2153	219.5254375
2162	220.310875
2166	220.510625
2170	220.6621875
2175	221.2065
2180	221.4820625
2184	221.6749375
2194	223.356
2198	223.5695625
2201	223.9485
2205	224.293
2209	224.417
2219	225.2850625
2222	225.4573125
2226	225.5950625
2234	226.339125
2241	227.868625
2245	228.10975
2249	228.557625
2255	229.0054375
2262	229.659875
2267	229.9285625
2270	230.1076875
2274	230.273
2279	230.707
2284	230.948125
2288	231.3408125
2293	231.7955
2297	231.974625
2299	232.0710625
2308	232.8770625
2313	233.3455625
2316	233.545375
2320	233.83475
2326	236.012
2332	236.4529375
2339	237.0660625
2343	237.4725625
2347	237.624125
2352	238.1615
2356	238.58175
2360	238.9055625
2367	239.477375
2371	239.587625
2376	240.2008125
2390	242.6536875
2395	242.9636875
2402	244.252125
2405	244.5139375
2412	245.823
2416	246.112375
2421	246.3534375
2430	247.0699375
2440	247.731375
2447	249.943125
2450	250.2255625
2456	250.859375
2463	251.3554375
2466	251.575875
2469	251.7825625
2477	252.478375
2479	252.5679375
2486	253.9734375
2490	254.228375
2497	254.7244375
2500	254.944875
2503	255.1446875
2509	255.7026875
2514	257.7078125
2519	257.997125
2522	258.2658125
2526	258.4449375
2533	260.62225
2537	260.801375
2548	261.95875
2554	262.571875
2561	263.1849375
2563	263.2745
2574	264.3285625
2578	264.6316875
2582	264.9141875
2590	265.5893125
