141	0.164625
143	0.288625
155	1.4253125
160	1.797375
165	2.231375
168	2.4035625
172	2.562
179	3.32675
182	3.4714375
184	3.567875
191	4.1810625
196	4.7184375
200	4.9595625
206	5.5106875
209	5.6621875
213	6.0618125
217	6.213375
222	8.3218125
226	8.680125
233	9.2864375
236	9.4655625
240	9.63775
245	10.0718125
249	10.38875
251	10.505875
256	10.9950625
264	12.2628125
268	12.524625
273	13.062
280	13.6338125
285	13.9575625
289	14.109125
294	14.529375
297	14.7085
301	14.8738125
310	17.1475625
314	17.2715625
324	18.1809375
327	18.449625
337	20.2271875
341	20.592375
348	21.9014375
352	22.156375
357	22.50775
360	22.7281875
375	24.7743125
379	24.9465
383	25.0843125
391	25.86975
396	26.0695
400	26.496625
405	26.951375
407	27.0685
412	27.681625
422	30.162125
426	30.286125
432	30.7959375
443	32.08425
446	32.249625
450	32.401125
461	33.4826875
465	33.7858125
467	33.875375
472	34.4885625
478	36.5074375
480	36.6176875
486	37.134375
493	37.9266875
502	38.6983125
511	40.1451875
515	40.29675
520	40.8134375
525	41.185375
529	41.31625
537	42.1016875
541	42.3703125
549	43.1075
554	43.3279375
556	43.4175
564	44.216625
568	44.5473125
572	44.8504375
576	45.243125
584	45.835625
587	46.0423125
594	47.2894375
598	47.5305625
602	47.89575
607	48.3366875
610	48.5365
615	48.874125
617	48.9636875
624	50.4175
632	51.1339375
665	54.4758125
669	54.63425
679	55.481625
683	55.7640625
690	56.349625
701	58.271875
706	58.7955
708	58.926375
716	59.560125
723	60.4764375
727	60.7795625
733	61.2549375
740	61.999
746	63.259875
749	63.5216875
754	63.976375
758	64.20375
764	66.1950625
767	66.394875
780	67.8555
790	68.882
796	69.3504375
804	69.812
806	69.88775
813	70.5284375
819	70.8109375
823	71.975375
826	72.209625
830	72.5334375
835	73.0708125
840	73.32575
843	73.4773125
849	73.7735625
855	75.86825
860	76.1575625
863	76.357375
873	77.95575
878	78.5620625
884	79.8780625
892	80.39475
896	80.622125
907	82.93025
910	83.13
913	83.3849375
918	83.998125
931	86.637
935	86.761
941	87.394875
945	87.698
950	87.973625
954	88.2491875
959	88.5591875
967	90.805375
973	91.2325
978	91.7768125
988	92.569125
994	93.90575
1004	95.414625
1008	95.5661875
1014	96.0621875
1026	96.9165
1031	97.4125625
1034	97.5779375
1038	97.736375
1046	99.458875
1050	99.6724375
1054	100.0099375
1058	100.1890625
1064	100.636875
1072	101.511875
1076	101.8908125
1085	102.6416875
1088	102.924125
1094	104.8809375
1098	105.039375
1104	105.5285625
1110	106.114125
1113	106.307
1120	106.8236875
1126	107.078625
1131	107.5815625
1134	107.802
1138	108.0018125
1144	110.0206875
1146	110.1446875
1153	110.750875
1162	111.6534375
1166	111.984125
1174	112.6455
1176	112.762625
1183	113.4170625
1186	113.6375
1194	114.49875
1198	114.8294375
1206	116.3245625
1211	116.6759375
1215	117.0410625
1219	117.358
1252	120.6791875
1257	120.885875
1264	121.416375
1267	121.5610625
1269	121.650625
1275	122.132875
1280	122.54625
1285	122.8149375
1291	123.379875
1294	123.5451875
1301	124.1651875
1304	124.371875
1309	124.8128125
1318	127.1348125
1322	127.2588125
1327	127.7479375
1335	128.533375
1339	128.871
1345	129.243
1352	129.7115
1355	129.904375
1360	130.3453125
1364	130.4624375
1368	130.9515625
1374	133.0255625
1376	133.1495625
1383	133.742
1388	134.313875
1392	134.493
1394	134.610125
1404	135.40925
1408	135.8019375
1417	137.400375
1421	137.5725625
1425	137.6896875
1436	138.812625
1440	139.1226875
1449	139.846125
1453	140.9760625
1461	141.8303125
1464	142.0645625
1474	144.6070625
1479	144.9515
1482	145.18575
1495	147.039
1499	147.4385625
1504	147.900125
1510	149.216125
1518	149.7328125
1522	149.8705625
1531	150.662875
1538	151.1244375
1543	151.3724375
1547	151.4895625
1553	153.5704375
1559	154.259375
1566	154.85875
1572	155.4650625
1575	155.67175
1581	156.1678125
1591	157.8281875
1601	158.7031875
1605	158.841
1609	159.2681875
1612	159.4335625
1618	160.6324375
1622	160.79775
1624	160.914875
1631	161.507375
1639	162.210125
1642	162.527
1648	162.988625
1653	163.484625
1658	163.9255
1663	164.3043125
1673	165.1930625
1677	165.3239375
1683	165.8406875
1686	166.012875
1690	166.1850625
1723	169.4855625
1729	169.995375
1733	170.1400625
1739	170.5879375
1747	171.2836875
1754	172.6961875
1756	172.8270625
1764	173.4884375
1774	174.1566875
1776	174.2669375
1781	174.71475
1784	174.9283125
1790	175.3761875
1794	175.5553125
1797	175.7344375
1803	176.264875
1810	176.878
1820	177.5324375
1824	177.67025
1830	179.826875
1832	179.950875
1841	180.743125
1849	181.7835
1860	182.8926875
1864	183.0098125
1874	184.6770625
1878	184.8561875
1882	184.9733125
1894	186.2754375
1898	186.557875
1906	188.170125
1910	188.294125
1919	189.1208125
1924	189.4101875
1927	189.665125
1931	189.9683125
1934	190.1336875
1938	190.388625
1945	190.8158125
1955	192.483125
1959	192.6966875
1963	193.027375
1967	193.31675
1970	193.5371875
1974	193.840375
1977	194.00575
1983	194.25375
1992	196.6446875
1997	197.051125
2000	197.2165
2005	197.5540625
2013	198.077625
2017	198.298125
2022	198.6495
2026	198.8010625
2032	199.248875
2039	201.4606875
2042	201.7086875
2046	202.1358125
2054	202.82475
2067	204.753875
2071	205.098375
2076	205.5530625
2079	205.7941875
2086	208.074875
2099	209.2598125
2102	209.5146875
2106	209.9349375
2111	210.2311875
2120	212.629
2127	213.4005625
2132	215.5159375
2135	215.7501875
2143	216.328875
2159	218.6506875
2163	218.995125
2172	220.2353125
2176	220.6004375
2180	220.9793125
2185	221.3513125
2220	224.768875
2224	225.0238125
2234	225.8643125
2237	226.0365625
2243	226.3328125
2247	226.6496875
2253	227.249125
2258	227.7795625
2271	228.9644375
2273	229.060875
2277	229.3915625
2285	231.5756875
2290	231.7823125
2299	232.5951875
2303	232.7191875
2307	233.2634375
2310	233.4976875
2312	233.6079375
2319	234.8894375
2329	235.64725
2333	235.7988125
2342	237.2180625
2346	237.4523125
2352	237.8036875
2355	237.9551875
2364	238.7956875
2368	239.00925
2379	239.780875
2387	240.4146875
2392	240.6765
2398	240.979625
2401	241.2276875
2408	241.7995
2411	241.97175
2414	242.1715625
2420	244.1835
2424	244.32125
2437	245.7405
2441	246.0643125
2446	246.4845625
2450	246.684375
2454	246.870375
2465	247.80725
2469	248.05525
2474	248.6753125
2480	249.984375
2486	250.33575
2496	251.3485
2506	252.2785
2511	252.7745625
2522	255.186125
2529	256.3643125
2533	256.70875
2540	257.9971875
2544	258.2245625
2546	258.314125
2555	259.189125
2564	260.0571875
2569	260.45675
2573	260.883875
2581	261.5451875
2583	261.6623125
2590	262.172125
2596	263.4743125
2600	263.687875
2609	264.480125
2615	265.0588125
2620	265.2585625
2624	265.6719375
2628	266.0439375
2632	266.33325
2639	268.34525
2647	268.9998125
2650	269.199625
2660	270.0401875
2664	270.24
2671	271.4664375
2674	271.72825
2679	272.1415625
2684	273.3818125
2687	273.60225
2694	274.001875
2701	274.6356875
2705	274.842375
2714	276.813
2720	278.1565
2725	278.625
2729	278.9005625
2736	280.0443125
2740	280.2234375
2745	280.4576875
2748	280.6575
2758	281.7115625
2762	282.1318125
2764	282.393625
2767	282.6485
2773	283.1445625
