141	0.164625
145	0.288625
149	0.832875
153	1.08775
163	2.644875
167	2.817125
171	3.0720625
176	3.5199375
185	4.312125
188	4.51875
192	4.8011875
197	5.2351875
204	5.9379375
208	6.2135
216	6.716375
223	7.3501875
227	7.7635625
235	8.2595625
244	8.914
249	9.2790625
253	11.063625
257	11.187625
264	11.8765
268	12.2554375
275	12.7376875
280	12.965
282	13.0476875
290	14.5428125
294	14.9699375
299	15.2110625
301	15.300625
307	17.608875
309	17.829375
320	18.7111875
325	19.0486875
329	19.303625
339	20.3714375
347	21.363625
353	21.9423125
357	22.1214375
363	22.63125
365	22.7139375
372	23.334
381	24.15375
384	24.3466875
388	24.6291875
392	24.959875
395	25.1251875
397	25.2354375
406	26.696
410	27.012875
416	27.2815625
421	27.5089375
427	28.0394375
432	28.3150625
436	28.45975
440	29.004
447	29.479375
454	30.1683125
464	32.4695625
468	32.70375
474	33.2480625
481	33.86125
485	34.1299375
487	34.212625
495	35.7284375
499	35.88
505	36.4105
512	36.9754375
516	37.23725
518	37.3268125
530	39.7934375
533	40.0276875
539	40.4548125
546	41.8465625
550	42.21175
557	43.52775
561	43.77575
566	44.0030625
569	44.2786875
575	44.8780625
579	45.167375
589	46.6969375
593	46.9105
598	47.3583125
600	47.447875
607	48.13675
610	48.377875
647	51.80925
651	51.9676875
658	52.518875
662	52.7875625
670	53.4006875
677	55.5573125
679	55.770875
688	56.8180625
690	56.9420625
701	58.258
705	58.4301875
707	58.512875
716	59.4015625
721	59.925125
725	60.04225
730	60.5865625
736	61.316875
739	61.54425
749	62.143625
756	63.549125
765	64.4103125
774	65.38175
778	65.678
780	65.7606875
785	66.2498125
789	66.4771875
796	67.021375
799	67.3038125
803	67.476
813	69.804875
823	70.4386875
826	70.707375
830	71.0863125
832	71.18275
842	72.8363125
846	73.0291875
857	74.0419375
864	76.1228125
866	76.3501875
874	77.25275
877	77.487
879	77.6454375
889	79.9743125
897	80.6701875
904	81.3246875
907	81.5106875
911	81.7105
916	82.1514375
924	83.501875
928	83.9496875
934	84.356125
937	84.542125
943	86.678125
945	86.8365625
949	87.2636875
952	87.4428125
961	88.345375
964	88.5383125
968	88.6554375
975	89.344375
979	89.6613125
985	90.2606875
993	90.72225
995	90.798
1001	91.3698125
1009	92.18275
1015	92.5616875
1021	93.8638125
1025	94.1118125
1029	94.5045
1061	97.687875
1065	97.8394375
1070	98.342375
1082	99.231125
1084	99.3206875
1095	100.34725
1104	101.325625
1106	101.4565
1118	102.985875
1122	103.1580625
1124	103.2683125
1136	105.2180625
1140	105.3903125
1145	105.8105625
1155	106.69925
1157	106.7888125
1167	107.4295
1174	108.8074375
1178	108.965875
1189	109.7995
1198	111.384125
1202	111.5425625
1208	112.12125
1214	113.5405625
1218	113.7196875
1222	113.8505625
1229	114.5533125
1238	117.13025
1244	117.5780625
1251	118.1843125
1255	118.5356875
1257	118.62525
1269	120.4234375
1273	120.581875
1283	121.5945
1290	123.6546875
1295	124.2058125
1298	124.433125
1303	124.7638125
1311	125.2943125
1314	125.5491875
1318	125.693875
1323	126.2313125
1326	126.493125
1337	128.64975
1339	128.8633125
1347	129.566
1355	130.1585
1358	130.39275
1362	130.523625
1368	131.1575
1372	131.460625
1381	132.2115625
1383	132.301125
1394	133.410375
1397	133.6445625
1405	134.154375
1409	134.4368125
1415	134.7675
1419	135.1601875
1424	135.5321875
1426	135.62175
1433	136.2349375
1442	137.9229375
1446	138.1226875
1449	138.3086875
1458	139.2386875
1462	139.4866875
1468	139.817375
1473	140.20325
1475	140.2928125
1512	143.930875
1518	145.3089375
1520	145.4329375
1531	146.294125
1535	146.53525
1539	146.84525
1543	147.28625
1545	147.3965
1555	148.305875
1559	148.5194375
1563	148.6503125
1571	149.394375
1578	150.8274375
1588	151.544
1590	151.6335625
1600	152.288
1606	152.73575
1608	152.8253125
1616	153.693375
1620	153.9689375
1630	156.380375
1632	156.600875
1641	157.379375
1648	157.9580625
1651	158.1440625
1660	159.8526875
1663	160.059375
1672	160.9274375
1679	161.49925
1682	161.68525
1695	164.34475
1699	164.523875
1705	165.054375
1709	165.3575
1713	165.7915625
1717	165.991375
1725	166.5631875
1730	166.96275
1735	167.3968125
1738	167.5828125
1742	167.8859375
1746	168.030625
1752	168.67825
1759	169.2225
1764	169.7323125
1768	170.0905625
1772	170.366125
1777	170.710625
1782	171.0138125
1789	172.3505
1793	172.55025
1795	172.6329375
1802	173.3631875
1814	174.4585625
1821	174.934
1825	175.161375
1828	175.3611875
1832	175.8435
1843	176.814875
1848	177.0835625
1850	177.16625
1857	178.372
1865	179.01275
1873	179.550125
1879	180.1978125
1882	180.473375
1895	183.263875
1900	183.4705625
1904	183.8219375
1908	184.2008125
1917	185.0895625
1920	185.2273125
1926	185.737125
1931	186.2400625
1969	190.0916875
1972	190.3259375
1980	191.159625
1988	191.883
1991	192.0759375
1995	192.2068125
2006	193.2058125
2013	193.8879375
2019	194.4735625
2024	194.7353125
2027	194.9350625
2035	195.5895
2039	195.7341875
2044	196.271625
2052	197.00875
2059	199.323875
2063	199.5443125
2072	200.2056875
2076	200.5845625
2080	200.984125
2086	202.3345625
2088	202.4448125
2096	203.2439375
2099	203.50575
2103	203.8915625
2105	203.981125
2111	206.0964375
2115	206.2961875
2119	206.6061875
2126	207.5018125
2132	207.9565
2137	208.245875
2146	209.6444375
2150	209.9958125
2157	211.304875
2161	211.55975
2165	211.7113125
2172	212.3106875
2175	212.5586875
2180	212.8618125
2189	213.6540625
2195	215.59025
2199	215.83825
2203	216.113875
2207	216.4515
2210	216.62375
2214	216.7615
2222	217.739875
2226	218.02925
2229	218.3116875
2234	218.6079375
2239	219.7448125
2243	219.9239375
2249	220.3510625
2254	220.9435625
2258	221.2535625
2261	221.46025
2266	221.80475
2270	222.0734375
2277	224.402375
2282	224.9259375
2285	225.0913125
2289	225.2428125
2300	226.3244375
2308	227.798875
2313	228.3018125
2316	228.4740625
2322	229.6660625
2325	229.893375
2331	231.361
2335	231.615875
2340	232.036125
2344	232.15325
2349	232.711375
2355	233.0765
2357	233.193625
2362	233.607
2367	234.81275
2371	234.985
2374	235.3295
2378	235.65325
2382	235.96325
2392	238.2439375
2395	238.5056875
2399	238.760625
2403	239.0981875
2406	239.2704375
2410	239.525375
2419	240.93775
2425	241.40625
2427	241.4958125
2431	241.9711875
2434	242.1365625
2439	242.4465625
2445	242.7428125
2449	243.142375
2455	243.624625
2460	243.9001875
2463	244.106875
2474	245.037
2484	246.697375
2490	247.0694375
2494	247.3863125
2497	247.586125
2503	248.0408125
2505	248.130375
2513	248.72975
2519	249.2946875
2526	249.749375
2531	250.06625
2542	252.284875
2549	253.4630625
2554	254.07625
2561	255.385375
2566	255.633375
2569	255.867625
2573	256.019125
2581	258.230875
2586	258.7200625
2589	258.8923125
2593	259.14725
2599	259.636375
2605	260.228875
2612	260.6284375
2617	260.9935625
2620	261.282875
