141	0.164625
145	0.3230625
151	1.0395625
155	1.3701875
159	1.7353125
161	1.824875
165	2.17625
172	3.609375
176	3.9745
187	5.7108125
191	6.11725
196	6.592625
199	6.7924375
210	8.6319375
214	8.79725
216	8.8868125
222	9.5481875
228	10.058
231	10.23025
243	13.1034375
248	13.4755
256	14.0610625
258	14.1575
263	14.7706875
270	15.4458125
274	15.6386875
276	15.72825
284	16.38275
290	18.6634375
294	18.9114375
303	19.7450625
307	19.9999375
316	20.688875
320	20.806
325	21.41225
329	21.6878125
337	22.5283125
343	22.9485625
345	23.038125
352	23.658125
361	24.23
365	24.484875
370	24.92575
377	25.532
383	25.82825
388	26.39325
392	26.6413125
399	27.2406875
407	27.7780625
414	29.893375
420	31.2438125
424	31.602125
430	32.91125
435	33.2075
439	33.324625
445	33.9653125
453	34.674875
458	35.108875
463	37.058875
468	37.355125
471	37.589375
475	37.740875
512	41.413375
516	41.551125
528	42.5294375
532	42.7636875
539	43.2183125
544	43.50075
549	43.693625
553	43.941625
561	46.0638125
563	46.1878125
570	46.732125
578	48.3995
581	48.626875
585	49.0265
590	49.267625
592	49.3571875
599	49.8945625
603	50.0805625
605	50.1976875
612	50.673
615	50.838375
620	51.430875
628	52.7330625
634	53.298
638	53.4564375
645	54.124625
650	54.662
653	54.89625
657	55.2820625
666	56.74275
670	56.9080625
672	57.0320625
676	57.528125
685	58.4306875
690	58.6855625
697	59.1815
704	59.65
708	59.891125
710	59.966875
719	60.7523125
725	62.76425
727	62.98475
732	63.5015
735	63.6599375
737	63.7770625
741	64.28
749	64.955125
755	65.4304375
763	65.8575625
767	66.00225
771	66.5465
778	67.083875
782	67.2974375
790	67.9795625
794	68.255125
800	68.5926875
804	68.985375
810	70.2186875
817	70.955875
828	73.22275
833	73.5120625
836	73.7325
840	73.897875
848	75.3585625
853	75.97175
860	78.0801875
863	78.3144375
869	78.755375
873	78.9689375
877	79.175625
883	79.6234375
892	81.7043125
894	81.9248125
900	82.55175
905	82.9719375
911	83.4473125
915	83.598875
923	84.5083125
928	84.7839375
932	84.9561875
938	85.459125
942	85.7898125
948	86.3409375
954	86.7955625
959	87.174375
961	87.2915
969	88.8279375
973	88.9795
979	89.6409375
983	89.8958125
990	90.3505
997	91.08075
1004	91.5423125
1009	91.7903125
1014	92.1485625
1048	95.5523125
1052	95.71075
1060	96.565
1063	96.730375
1067	96.868125
1072	97.433
1080	98.032375
1084	98.3836875
1087	98.590375
1095	101.022625
1100	101.2293125
1106	101.498
1114	102.2834375
1117	102.455625
1120	102.689875
1126	103.1239375
1137	104.9496875
1147	105.96925
1151	106.1828125
1161	107.99475
1165	108.2083125
1169	108.539
1171	108.663
1176	109.14525
1180	109.4414375
1188	110.082125
1192	110.343875
1202	111.108625
1213	113.5959375
1216	113.7956875
1219	114.050625
1229	115.5525625
1233	115.8488125
1244	118.0880625
1247	118.2878125
1250	118.54275
1255	119.1559375
1268	121.760375
1270	121.884375
1281	122.9728125
1289	123.654875
1292	123.951125
1305	125.163625
1310	125.583875
1315	125.8249375
1318	126.0246875
1329	127.189
1337	128.6220625
1339	128.7323125
1350	129.9104375
1357	130.5993125
1360	130.9024375
1365	131.4329375
1368	131.7705625
1370	131.8808125
1380	132.638625
1387	133.32075
1393	133.7340625
1398	134.2025625
1402	134.4988125
1408	135.0085625
1418	136.6070625
1423	136.862
1427	137.2684375
1431	137.7645
1436	138.1985625
1442	138.6808125
1449	139.3421875
1452	139.500625
1456	139.61775
1465	141.8776875
1470	142.15325
1473	142.3736875
1477	142.518375
1485	143.482875
1488	143.655125
1492	143.8755625
1505	145.63925
1509	145.8115
1519	146.8655625
1526	148.92575
1537	150.0074375
1542	150.4965625
1550	152.5705
1556	153.11475
1561	153.5969375
1567	154.0791875
1571	154.471875
1574	154.719875
1578	154.8300625
1584	155.47775
1592	156.0358125
1623	158.978
1635	159.9906875
1643	160.721
1646	160.927625
1652	161.582125
1659	164.0005625
1661	164.214125
1671	165.1234375
1679	165.888125
1686	166.439375
1693	167.307375
1696	167.4865
1704	168.1960625
1708	168.46475
1713	168.781625
1724	169.629
1731	170.1939375
1736	170.64175
1739	170.8001875
1743	170.9173125
1753	173.632
1755	173.8525
1761	174.5345625
1764	174.734375
1770	175.20975
1781	177.5730625
1783	177.786625
1786	178.02775
1790	178.4135
1799	179.0954375
1805	179.5363125
1810	180.54225
1814	180.88675
1821	182.967625
1823	183.1811875
1826	183.4291875
1831	183.9114375
1835	184.311
1846	186.7019375
1849	186.90175
1858	187.58375
1865	188.231375
1871	188.651625
1873	188.7411875
1880	189.4783125
1888	190.51175
1896	191.1938125
1899	191.407375
1909	192.35125
1919	193.9359375
1923	194.1081875
1927	194.314875
1934	194.9418125
1941	195.5068125
1944	195.72725
1948	195.8375
1953	196.43
1957	196.609125
1963	197.0569375
1969	199.23425
1971	199.3926875
1982	200.391625
1990	201.7144375
1995	201.948625
2004	203.31275
2010	203.788125
2014	204.2014375
2020	204.8835625
2053	208.3080625
2055	208.5354375
2063	209.9479375
2065	210.0788125
2071	210.747125
2076	212.221625
2080	212.3800625
2082	212.4971875
2087	212.945
2090	213.1585625
2098	213.668375
2105	214.26775
2109	214.646625
2115	215.1976875
2118	215.528375
2122	215.7970625
2126	216.12775
2129	216.3
2133	216.4653125
2139	218.553
2145	218.8216875
2154	219.717125
2163	220.5438125
2171	221.1776875
2175	221.5359375
2180	221.88725
2187	223.3824375
2193	223.7199375
2204	224.815375
2211	225.3665
2215	227.288875
2219	227.7229375
2225	228.1500625
2233	228.8665625
2237	229.155875
2245	230.6234375
2250	231.1331875
2255	231.3536875
2260	232.63525
2264	232.828125
2271	233.4688125
2277	233.7650625
2281	234.1164375
2287	234.66075
2293	236.569375
2299	236.9758125
2302	237.1549375
2307	237.6234375
2316	239.097875
2320	239.4561875
2327	241.564625
2335	243.872875
2342	244.5205
2347	244.8994375
2351	245.181875
2356	245.6365625
2360	245.884625
2367	246.47025
2376	247.221125
2379	247.538
2385	249.584375
2388	249.832375
2393	251.15525
2396	251.3481875
2400	251.630625
2407	253.0705625
2409	253.2014375
2417	254.7860625
2423	255.220125
2431	255.8815
2437	256.604875
2440	256.777125
2446	257.4246875
2450	257.6175625
2452	257.70025
2460	258.2720625
2473	260.945375
2478	261.4414375
2485	261.95125
2489	262.192375
2502	264.0525625
2507	264.6519375
2514	266.760375
2524	268.007375
2527	268.255375
2531	268.63425
2534	268.799625
2540	270.7909375
2545	271.2525
2548	271.4523125
2553	271.7554375
2557	271.8725625
2562	272.444375
2568	272.9886875
2578	275.4898125
2583	275.9100625
2589	276.4888125
2594	276.750625
2599	278.108
2603	278.2801875
2607	278.3973125
2613	279.0380625
2619	279.30675
2625	279.871625
2629	280.2160625
2632	280.3883125
2638	282.365875
2642	282.7241875
2649	283.4406875
2652	283.633625
2656	283.7920625
2663	284.536125
2672	285.3145
2675	285.5694375
2679	285.948375
2684	286.4444375
2693	287.7190625
2697	287.92575
2705	288.4906875
2712	289.1658125
2716	289.44825
2720	289.675625
2727	290.2613125
2731	290.6126875
2735	290.8606875
2741	291.5220625
2749	293.761375
2754	294.89825
2758	295.291
