141	0.164625
145	0.3230625
156	1.2461875
163	1.9281875
169	2.4586875
179	4.7944375
184	5.33875
192	5.9863125
199	6.61325
202	6.792375
207	7.20575
211	7.322875
215	7.867125
218	8.0393125
222	8.19775
231	9.8100625
236	10.2440625
243	10.8916875
246	11.036375
251	11.5255625
254	11.7046875
263	13.2204375
265	13.3306875
269	13.819875
276	14.4399375
279	14.5776875
284	15.184
297	17.80925
303	18.2570625
310	18.83575
314	19.2284375
316	19.324875
324	20.882
328	21.2264375
335	23.286625
338	23.6586875
345	24.251125
348	24.499125
355	26.5730625
358	26.8073125
362	27.2345
367	27.4825
371	27.7580625
375	28.0888125
378	28.30925
382	28.4608125
387	28.95
390	29.1429375
394	29.2738125
399	29.7766875
405	30.0385
409	30.27275
414	30.7068125
419	31.1615
428	32.4775
432	32.7048125
439	33.3455
445	33.6761875
454	34.4891875
458	34.6063125
464	35.1850625
467	35.3573125
471	35.51575
481	37.8859375
487	38.140875
492	38.45775
494	38.5404375
501	39.119125
504	39.3189375
510	39.856375
516	40.3041875
526	42.0334375
533	42.3228125
537	42.5501875
542	43.004875
546	43.2735625
579	46.6498125
584	47.0494375
591	47.6350625
597	48.0621875
601	48.4410625
610	49.1850625
613	49.3916875
615	49.48125
621	50.06
624	50.239125
631	52.450875
636	52.9744375
639	53.1398125
644	53.477375
649	53.808
659	56.2884375
665	56.557125
670	56.818875
678	57.4803125
686	59.0511875
690	59.4300625
697	60.0363125
706	61.6003125
710	61.765625
712	61.9240625
719	62.592375
724	62.9023125
726	63.0194375
732	63.6394375
738	64.08725
742	64.33525
751	65.0655
759	65.8095625
762	65.9818125
766	66.1126875
776	68.593125
778	68.703375
785	69.3785
795	70.41875
802	71.7623125
807	72.3755
814	73.6845625
817	73.9188125
823	74.4493125
828	74.6904375
831	75.0349375
836	75.4965
839	75.6963125
845	77.6531875
849	78.032125
853	78.3835
859	78.9346875
866	79.4238125
869	79.6029375
879	81.3115625
883	81.525125
889	81.8489375
892	82.0211875
897	82.283
901	82.6619375
905	82.7790625
914	83.6746875
919	84.0673125
922	84.28775
930	86.4305625
936	86.8439375
940	86.988625
945	87.53975
950	88.090875
954	88.3319375
959	89.4756875
963	89.868375
971	91.12925
975	91.3428125
980	91.8181875
983	91.9973125
986	92.204
990	92.582875
1028	96.2553125
1032	96.41375
1046	97.860375
1051	98.294375
1054	98.4528125
1056	98.5355
1064	99.5000625
1067	99.76875
1075	100.588625
1084	103.138
1086	103.3585
1092	103.90275
1101	104.7156875
1104	104.9775
1109	105.466625
1118	106.417375
1122	106.61025
1124	106.7205
1131	107.271625
1138	107.85725
1148	108.7459375
1152	109.06975
1155	109.304
1160	109.8551875
1163	110.0274375
1169	110.66125
1179	111.5568125
1183	111.894375
1189	112.4179375
1191	112.4936875
1199	113.0930625
1205	113.73375
1216	116.3381875
1220	116.558625
1227	117.1993125
1233	117.7090625
1235	117.8055
1240	118.4048125
1245	118.8250625
1255	120.2925625
1258	120.5268125
1263	120.9884375
1268	121.2226875
1271	121.394875
1278	122.125125
1281	122.3249375
1294	125.0120625
1298	125.28075
1303	125.6528125
1306	125.818125
1311	126.396875
1316	128.1745625
1320	128.4983125
1330	130.1863125
1332	130.3103125
1339	131.081875
1342	131.261
1349	132.680375
1351	132.790625
1360	133.5209375
1363	133.727625
1370	134.43725
1377	135.1469375
1380	135.367375
1384	135.4845
1392	137.076125
1396	137.2414375
1398	137.3723125
1408	138.33675
1414	138.763875
1417	138.998125
1423	139.4321875
1429	139.9765
1434	140.3209375
1438	140.58275
1440	140.699875
1447	141.36125
1456	142.2981875
1467	144.67525
1471	144.79925
1479	145.7224375
1486	146.314875
1491	146.673125
1493	146.783375
1502	147.8719375
1505	148.106125
1509	148.4436875
1517	149.1188125
1519	149.2290625
1524	149.5873125
1529	150.1866875
1533	150.5586875
1540	151.102875
1542	151.22
1576	154.6030625
1580	154.754625
1585	155.3195625
1591	155.90525
1595	156.084375
1601	156.5735
1610	157.3794375
1616	158.778125
1625	159.5841875
1631	160.2318125
1639	161.871625
1643	162.2505
1647	162.539875
1653	163.80075
1658	164.055625
1662	164.241625
1670	164.9443125
1673	165.1165625
1678	165.502375
1688	166.32225
1695	166.983625
1699	167.149
1710	168.0515
1716	170.1255
1720	170.304625
1727	170.9039375
1731	171.1795
1738	171.730625
1742	171.930375
1746	172.0475
1754	172.7158125
1761	173.459875
1764	173.62525
1768	173.763
1774	174.4313125
1780	175.051375
1785	175.2994375
1791	177.44925
1795	177.655875
1803	178.455
1811	179.867375
1813	179.977625
1820	180.632125
1829	181.3555
1834	182.678375
1840	182.9401875
1846	184.332
1850	184.559375
1859	185.2965625
1864	186.516125
1867	186.8881875
1871	187.41175
1874	187.6046875
1879	188.8035625
1885	189.065375
1890	189.5545625
1924	192.9928125
1929	193.1995
1933	193.5095
1939	193.9573125
1942	194.1433125
1946	194.2604375
1951	194.846125
1959	196.410125
1965	196.692625
1969	196.8855625
1976	197.5883125
1980	197.8431875
1988	198.559625
1999	201.0813125
2007	202.48
2011	202.6384375
2015	203.0586875
2020	203.4306875
2024	203.5478125
2029	204.05075
2034	204.5605
2041	205.8558125
2045	206.1520625
2050	206.4345
2055	206.85475
2065	207.5299375
2071	208.205125
2075	208.4186875
2084	210.6305
2088	210.933625
2095	211.477875
2099	211.7465625
2101	211.82925
2107	212.587125
2111	212.821375
2115	213.207125
2126	214.85375
2131	215.088
2134	215.3084375
2138	215.4806875
2144	215.9560625
2149	216.4451875
2152	216.6243125
2163	219.2633125
2166	219.4424375
2170	219.7524375
2174	220.131375
2176	220.2278125
2184	220.9924375
2189	221.206
2195	221.50225
2204	222.8595
2208	223.09375
2211	223.272875
2215	223.5346875
2224	224.4165625
2229	224.62325
2235	224.9539375
2243	226.5109375
2247	226.6900625
2252	226.951875
2256	227.2343125
2260	227.3858125
2267	229.5975625
2273	230.045375
2280	230.6585
2283	230.823875
2287	230.9823125
2292	231.5335
2299	232.1329375
2303	232.2845
2308	232.835625
