141	0.164625
145	0.288625
151	0.9845
156	1.329
160	1.645875
163	1.8180625
170	2.39675
180	3.9331875
184	4.14675
193	4.80125
196	5.0079375
198	5.0975
208	5.9310625
216	8.2255
222	8.74225
226	8.88
232	9.3140625
240	9.9891875
246	10.7263125
249	10.9054375
256	12.3248125
261	12.7933125
263	12.9173125
271	13.8749375
277	14.1780625
285	14.798125
287	14.8876875
298	15.921125
308	18.0570625
311	18.2499375
314	18.5048125
319	19.00775
322	19.2075
325	19.448625
330	19.965375
336	20.4131875
338	20.495875
347	21.935875
351	22.0874375
359	22.7350625
366	24.8159375
369	25.0156875
372	25.2499375
379	25.7941875
382	25.9939375
385	26.2764375
395	28.6259375
402	29.1495
408	29.6316875
412	29.8108125
417	30.18975
420	30.3964375
422	30.492875
431	32.118875
435	32.53225
438	32.7389375
440	32.8285
448	35.0815625
453	35.5086875
456	35.6740625
460	35.8049375
470	37.5480625
474	37.94075
481	39.201625
485	39.4703125
493	40.1799375
499	40.78625
503	40.9585
507	41.35125
510	41.5235
514	41.8128125
550	45.065
554	45.2234375
559	45.774625
567	46.5049375
572	46.8425625
578	47.1801875
582	47.3593125
591	48.11025
596	50.2669375
598	50.3909375
605	50.887
611	51.472625
615	51.7895
620	52.216625
622	52.33375
628	53.0364375
636	54.6004375
638	54.7244375
647	55.4271875
655	56.1505625
659	56.536375
664	56.984125
666	57.094375
675	59.333625
678	59.5334375
683	60.001875
692	61.517625
696	61.937875
708	63.7360625
712	64.1080625
720	66.1269375
724	66.3749375
728	66.60225
736	68.207625
741	68.807
747	70.1505625
758	72.4243125
762	72.637875
766	72.8996875
770	73.1890625
775	73.7953125
783	75.9450625
787	76.1035
792	76.6133125
795	76.7855625
799	77.0405
808	77.695
812	77.949875
822	79.4725625
824	79.5965625
829	80.0856875
833	80.36125
837	80.7401875
843	81.1948125
848	81.53925
855	82.9930625
857	83.1170625
861	83.50975
865	83.7853125
869	84.16425
877	84.653375
880	84.8806875
885	85.21825
890	85.5281875
892	85.610875
899	86.3480625
904	87.8363125
908	87.99475
910	88.111875
914	88.456375
918	88.7388125
924	89.0695
933	89.83425
939	90.309625
944	90.7505625
947	90.915875
949	90.9985625
956	91.6185625
960	91.94925
964	92.3350625
968	92.486625
973	92.9275625
976	93.0998125
980	93.3271875
987	94.0093125
992	94.284875
999	94.9806875
1030	97.9573125
1034	98.1501875
1043	98.9424375
1050	99.6451875
1054	99.8931875
1056	99.98275
1065	100.8163125
1075	103.2623125
1078	103.4896875
1085	104.0545625
1090	104.337
1094	104.516125
1100	105.0190625
1104	105.342875
1110	106.7278125
1115	106.989625
1118	107.1549375
1122	107.47875
1131	108.9325
1135	109.1460625
1141	109.469875
1145	109.63525
1149	110.0624375
1159	112.260375
1161	112.370625
1169	112.9493125
1176	113.693375
1185	114.47875
1191	114.892125
1199	116.518125
1201	116.649
1210	117.324125
1217	117.9510625
1225	118.578
1230	118.83975
1233	119.0119375
1237	119.1634375
1245	120.17625
1253	122.539625
1256	122.773875
1262	123.2423125
1268	123.8554375
1272	124.1585625
1277	124.468625
1282	124.9785
1290	127.1765
1294	127.5623125
1304	129.2020625
1311	129.8220625
1317	130.3663125
1320	130.5523125
1324	130.6694375
1332	131.4135
1339	132.8465625
1346	134.1005625
1350	134.321
1356	134.810125
1359	134.9685625
1361	135.058125
1368	135.7333125
1371	135.98825
1375	136.36025
1378	136.5669375
1382	136.82875
1392	137.6073125
1396	137.882875
1399	138.068875
1403	138.2066875
1413	139.1368125
1416	139.3365625
1452	142.8575625
1456	143.12625
1462	143.8220625
1466	144.145875
1470	144.5661875
1475	145.082875
1478	145.3653125
1484	147.3496875
1486	147.5701875
1497	148.7275
1502	149.02375
1510	149.7678125
1515	150.1191875
1523	150.918375
1529	151.2559375
1533	151.6555
1546	152.69575
1554	153.3501875
1563	154.12875
1567	154.4594375
1573	155.0519375
1577	155.2861875
1586	156.06475
1590	156.319625
1597	156.8915
1605	159.1790625
1608	159.38575
1621	160.56375
1632	162.3343125
1638	162.727
1641	162.9268125
1647	164.2634375
1654	164.8628125
1656	164.95925
1665	165.668875
1676	166.667875
1681	166.8814375
1685	167.026125
1690	167.61175
1699	168.98975
1703	169.162
1707	169.354875
1714	170.1058125
1722	170.98775
1727	171.277125
1736	171.9660625
1741	173.33025
1744	173.5645
1750	174.9355625
1753	175.156
1764	177.8155625
1766	177.9464375
1773	178.60775
1780	179.2623125
1786	179.7445625
1797	180.8468125
1803	181.370375
1808	183.1480625
1812	183.471875
1816	183.9816875
1820	184.215875
1824	184.40875
1837	186.262125
1841	186.6135
1848	188.6943125
1853	189.8311875
1858	190.4305625
1865	192.545875
1868	192.828375
1872	193.3381875
1876	193.5861875
1880	193.7790625
1891	196.169875
1895	196.349
1899	196.6659375
1902	196.858875
1906	197.058625
1911	197.5064375
1915	197.782
1922	199.1255
1926	199.318375
1937	200.28975
1941	200.5721875
1973	203.8795625
1975	204.0035625
1982	204.7408125
1992	205.65025
2000	206.098
2002	206.1875625
2012	207.4483125
2019	208.8400625
2021	208.9709375
2032	210.018125
2038	211.4168125
2040	211.5408125
2055	213.2149375
2063	214.5308125
2067	214.703
2069	214.833875
2076	215.4953125
2079	215.6881875
2087	216.3770625
2091	216.5561875
2096	216.942
2099	217.1418125
2101	217.23825
2110	219.6085625
2116	220.008125
2123	221.59275
2132	223.1704375
2138	223.4666875
2143	223.797375
2145	223.8938125
2151	224.5620625
2155	224.899625
2164	225.6299375
2167	225.9055
2172	226.2981875
2184	228.0825625
2188	228.2548125
2192	228.392625
2197	228.91625
2205	229.69475
2209	229.8394375
2220	230.9210625
2226	233.0570625
2228	233.1810625
2240	234.4005
2250	236.0058125
2255	236.22625
2264	237.8384375
2268	238.120875
2274	238.5480625
2279	238.933875
2284	239.175
2286	239.2714375
2293	239.75375
2298	241.000875
2302	241.1661875
2305	241.3521875
2312	242.116875
2321	242.9505625
2327	243.3914375
2331	243.673875
2343	244.776125
2348	244.9965625
2355	245.54775
2361	245.8095
2370	246.3744375
2374	246.51225
2384	249.24075
2388	249.419875
2393	249.9228125
2397	250.2328125
2405	251.6728125
2409	251.83125
2419	252.961125
2432	254.91775
2436	255.1313125
2440	255.5170625
2446	256.09575
2454	256.8880625
2464	259.5269375
2470	259.795625
2482	261.035625
2488	261.3043125
2491	261.511
2500	262.165375
2503	262.4823125
2508	262.8129375
2513	263.0540625
2518	263.5363125
2524	265.513875
2530	266.857375
2534	266.995125
2544	267.9734375
2551	270.0749375
2556	270.3711875
2559	270.6054375
2563	270.8535
2567	271.198
2570	271.363375
