141	0.164625
145	0.288625
152	0.956875
160	1.5630625
166	2.14175
171	2.376
173	2.4655625
178	3.051125
182	3.223375
188	3.7263125
192	4.00875
196	4.4083125
206	6.7715625
208	6.9920625
215	7.59825
218	7.7705
222	7.9289375
230	8.6454375
239	10.25075
241	10.37475
245	10.8225625
251	11.3668125
256	12.5794375
263	13.165
268	13.3923125
270	13.5163125
275	13.98475
278	14.157
283	14.7013125
293	15.5280625
297	15.7691875
302	16.2376875
307	16.48575
309	16.5684375
317	17.3125
324	17.781
331	18.1461875
336	18.60775
340	18.835125
346	19.2278125
351	19.4689375
355	19.75825
360	20.2405625
368	22.652125
371	22.886375
375	23.23775
383	24.760375
390	25.4424375
399	27.668
407	28.1364375
411	28.3293125
416	28.8735625
420	29.1560625
422	29.2663125
427	29.70725
435	31.257375
439	31.381375
443	31.8911875
447	32.1943125
450	32.3871875
455	32.828125
459	33.0623125
467	33.7650625
471	34.0681875
475	34.4333125
481	34.8741875
486	35.3909375
490	35.52875
498	38.050625
504	38.5879375
508	38.808375
513	39.2630625
518	39.59375
523	40.7719375
531	41.564125
535	41.7156875
543	42.6664375
551	44.106375
557	44.39575
560	44.7126875
567	46.26975
573	46.7175625
577	46.86225
587	47.7440625
590	47.9094375
594	48.067875
602	48.8533125
609	49.3838125
612	49.57675
616	49.7351875
649	53.015
659	53.8004375
663	53.9795625
668	54.4618125
673	54.8475625
679	56.914625
684	57.224625
687	57.5139375
692	58.08575
698	58.6438125
701	58.8091875
705	59.043375
711	59.51875
718	60.1594375
722	60.2765625
729	61.0068125
735	62.3503125
741	62.625875
743	62.7085625
749	63.308
760	64.2655625
765	64.871875
773	65.5815
782	67.8001875
787	68.206625
790	68.372
795	68.675125
801	69.1160625
808	70.397625
812	70.5698125
816	70.79025
825	71.637625
836	73.8838125
845	74.6003125
847	74.7105625
851	75.2548125
854	75.4615
856	75.5510625
866	77.2253125
870	77.5766875
877	79.6575
882	80.022625
886	80.380875
889	80.601375
891	80.73225
900	83.102375
911	84.6525625
917	85.210625
922	85.534375
926	85.658375
935	86.38175
940	86.88475
944	87.153375
956	88.2280625
962	88.793
966	89.0271875
974	90.49475
978	90.667
982	90.894375
987	91.3421875
993	91.9829375
1000	92.5891875
1006	93.0439375
1010	93.202375
1015	93.6984375
1019	94.0015625
1023	94.373625
1027	94.766375
1030	95.0075
1036	97.040125
1038	97.150375
1044	97.7910625
1050	98.43875
1056	99.00375
1059	99.1759375
1066	99.692625
1073	100.409125
1079	101.608
1085	101.9800625
1089	102.2625
1095	102.793
1100	103.041
1104	103.2476875
1137	106.5895
1142	106.8099375
1151	107.6021875
1154	107.760625
1159	108.3325
1163	108.511625
1171	109.083375
1179	109.710375
1182	109.882625
1186	110.1030625
1193	112.0668125
1196	112.342375
1203	112.9761875
1206	113.1484375
1210	113.2861875
1222	115.3325
1227	115.890625
1235	116.5175625
1240	116.999875
1245	117.4476875
1249	117.7095
1254	118.19175
1263	119.0185
1269	119.493875
1282	122.263625
1294	123.0489375
1302	123.6758125
1312	124.9573125
1317	125.598
1321	125.7701875
1327	126.2938125
1335	127.1205625
1338	127.3135
1342	127.4719375
1346	128.0093125
1349	128.1746875
1353	128.346875
1360	130.39325
1370	131.233625
1374	131.3920625
1384	132.40475
1389	132.77675
1398	134.25125
1404	134.5819375
1413	135.31225
1416	135.477625
1420	135.7049375
1425	136.0838125
1433	136.8899375
1444	138.522875
1448	138.702
1452	138.894875
1462	139.7354375
1465	139.90075
1467	139.9903125
1475	140.6655
1482	141.4509375
1487	141.9125
1490	142.14675
1494	142.2706875
1501	142.8700625
1507	144.33075
1514	145.0196875
1518	145.29525
1528	146.177125
1532	146.3218125
1537	146.7903125
1542	147.1278125
1546	147.3206875
1556	149.7529375
1559	149.9665
1566	150.3454375
1572	150.910375
1577	151.248
1581	151.5304375
1585	151.847375
1592	152.557
1595	152.805
1597	152.8945625
1606	153.783375
1614	155.058
1618	155.4025
1651	158.6823125
1655	158.8200625
1668	160.28075
1671	160.453
1675	160.59075
1683	161.472625
1692	162.1546875
1697	164.1321875
1700	164.304375
1710	165.2896875
1717	166.833
1720	167.0948125
1729	168.3901875
1733	168.6175625
1738	169.086
1744	169.6785
1748	170.00925
1757	170.836
1761	171.077125
1766	171.4215625
1771	171.793625
1782	174.1775625
1784	174.3980625
1791	175.025
1798	175.5210625
1801	175.844875
1807	177.1953125
1809	177.3193125
1813	177.88425
1818	178.2906875
1823	178.876375
1826	179.083
1828	179.200125
1835	180.63325
1839	180.7916875
1841	180.9088125
1853	181.8250625
1860	182.3004375
1865	182.706875
1869	183.0306875
1874	183.609375
1878	183.7265
1883	184.2708125
1890	185.74525
1894	185.86925
1898	186.4135
1902	186.7028125
1911	187.384875
1915	187.626
1925	190.1064375
1937	191.9390625
1941	192.0630625
1948	192.7450625
1953	193.2204375
1960	193.613125
1964	193.785375
1969	194.219375
1979	195.7075625
1983	195.8798125
1987	195.9969375
1997	196.7823125
2003	197.3471875
2006	197.5194375
2010	197.739875
2016	198.1325625
2020	198.40125
2024	198.5735
2028	198.93175
2032	199.0764375
2041	199.8618125
2045	200.1649375
2058	201.1915
2063	201.7013125
2074	204.078375
2076	204.188625
2082	204.788
2091	205.552625
2095	205.8970625
2100	206.2070625
2110	207.674625
2114	207.860625
2117	208.032875
2121	208.28775
2130	209.0386875
2132	209.1489375
2138	209.6588125
2145	210.2444375
2150	210.5475625
2184	213.813625
2188	214.0203125
2202	215.5773125
2205	215.7426875
2209	215.901125
2213	216.3283125
2218	216.95525
2223	217.334125
2229	217.7336875
2239	220.165875
2242	220.3725625
2246	220.6825625
2249	221.04775
2259	222.1225
2271	223.0525625
2275	223.273
2282	223.8930625
2289	224.5475625
2292	224.6853125
2302	225.6153125
2306	226.62125
2310	226.83475
2313	227.013875
2317	227.2756875
2320	227.420375
2333	229.2806875
2337	229.439125
2343	229.9765
2349	230.3071875
2357	231.0236875
2361	231.430125
2366	231.8365625
2369	231.988125
2371	232.0845625
2376	232.6356875
2380	232.8699375
2388	233.5381875
2391	233.710375
2394	233.8825625
2396	233.96525
2403	234.5853125
2409	236.8866875
2413	237.0106875
2420	237.59625
2423	237.8098125
2429	238.2438125
2435	238.8431875
2439	239.1463125
2447	240.5794375
2454	240.8688125
2458	241.2959375
2463	243.4113125
2467	243.5353125
2473	244.155375
2478	244.493
2482	244.6376875
2490	245.560875
2496	246.12575
2499	246.2635
2506	246.876625
2511	248.06175
2515	248.2339375
2519	248.37175
2525	248.798875
2535	249.7081875
2538	249.8735
2543	250.3144375
2546	250.5004375
2550	250.70025
2557	252.8224375
2560	253.0566875
2565	253.3115625
2569	253.7386875
2578	254.5103125
2582	254.6274375
2589	255.977875
2594	256.57725
2601	258.665
2604	258.89925
2609	259.14725
2614	259.602
2622	260.311625
2628	260.7525625
2634	261.1934375
