141	0.164625
147	0.4333125
153	1.03275
161	1.790625
164	1.9490625
168	2.0661875
172	2.4589375
176	2.8791875
180	3.161625
187	3.87125
191	4.098625
201	5.86925
207	6.3170625
213	6.923375
216	7.1438125
220	7.2609375
224	7.8051875
230	8.0256875
235	8.3495
237	8.4390625
244	9.0453125
251	9.7480625
255	11.52575
258	11.71175
262	11.8633125
271	13.489375
276	13.7649375
278	13.8545
287	14.839625
292	15.3011875
295	15.4871875
299	15.7558125
305	17.1475
309	17.5195625
315	18.0706875
318	18.2773125
324	18.6906875
328	18.835375
334	19.483
339	20.0616875
342	20.220125
344	20.3096875
350	20.9021875
358	22.9348125
360	23.1208125
371	24.3746875
376	24.843125
379	25.077375
383	25.5114375
395	27.05475
400	27.654125
407	29.735
409	29.962375
416	30.56175
421	32.677125
427	33.0078125
432	33.6071875
436	33.931
439	34.1031875
444	34.59925
448	34.978125
457	35.7703125
460	36.0045625
466	36.5556875
469	36.7348125
475	37.196375
483	38.51925
489	38.8636875
495	39.47
500	39.883375
505	40.2140625
510	40.7169375
546	44.334375
550	44.4928125
556	45.1748125
560	45.4573125
566	46.0843125
568	46.2014375
573	46.580375
576	46.7250625
578	46.8421875
588	47.855
594	48.3373125
598	48.502625
607	50.9004375
613	51.2104375
625	53.0155625
628	53.229125
640	54.3864375
651	55.2889375
654	55.5231875
665	57.7210625
670	58.0793125
675	58.3135625
677	58.39625
685	59.9809375
687	60.0911875
696	61.0350625
699	61.2073125
703	61.668875
713	63.577375
717	63.7909375
723	64.3834375
727	64.6728125
729	64.7555
737	65.54775
740	65.782
747	67.849125
752	68.1798125
760	68.7240625
764	69.0546875
775	70.653125
779	70.997625
786	73.1060625
791	73.43675
800	74.3805625
804	74.6905625
809	76.792125
815	77.088375
818	77.3433125
822	77.556875
830	78.376625
835	78.7830625
840	79.106875
844	79.4238125
855	81.7801875
859	82.035125
869	83.1443125
873	83.413
876	83.64725
884	84.17775
893	85.67275
897	85.8863125
901	86.2376875
906	86.5890625
913	87.0230625
949	90.5164375
952	90.723125
959	91.39825
962	91.6186875
966	91.7358125
975	92.6865625
978	92.8588125
990	94.0024375
995	94.4778125
1003	95.1735625
1007	95.4629375
1010	95.635125
1019	96.40675
1022	96.585875
1027	96.882125
1031	97.274875
1034	97.454
1038	98.6184375
1040	98.7424375
1045	99.2866875
1050	99.5691875
1059	100.327
1066	100.96775
1074	101.49825
1077	101.6566875
1079	101.7738125
1085	103.8615625
1089	104.0681875
1098	104.9294375
1104	105.4599375
1113	106.8930625
1117	107.148
1128	108.1125
1134	108.6291875
1144	109.6695
1149	111.4540625
1157	111.97075
1159	112.101625
1164	112.5700625
1167	112.797375
1171	113.2520625
1181	114.623125
1185	114.82975
1196	115.8286875
1203	117.9164375
1206	118.1506875
1215	119.06
1220	119.5766875
1225	120.2311875
1230	120.5205625
1234	120.6859375
1239	121.1750625
1249	123.696875
1253	123.931125
1261	124.6958125
1268	125.2194375
1273	125.453625
1278	125.75675
1285	126.3354375
1290	126.5765625
1294	126.6936875
1300	127.27925
1332	130.4695
1337	130.69
1343	131.0758125
1345	131.17225
1351	131.82675
1360	132.6396875
1365	133.03925
1369	133.2734375
1373	133.425
1382	134.2035
1390	135.6709375
1392	135.7949375
1402	136.773125
1410	137.5791875
1414	137.813375
1418	137.9580625
1431	139.053375
1438	140.3418125
1442	140.507125
1444	140.6655625
1449	141.1409375
1454	141.6714375
1459	142.284625
1465	142.7461875
1476	143.5246875
1486	146.074
1494	146.8800625
1507	148.133875
1512	148.42325
1518	149.7668125
1522	149.9459375
1524	150.0355
1531	150.621125
1534	150.793375
1539	151.1240625
1544	151.461625
1552	152.1505625
1560	154.42425
1563	154.6585
1570	156.0226875
1574	156.3671875
1582	157.7865
1587	158.186125
1594	158.7648125
1597	158.9301875
1601	159.0816875
1607	159.5984375
1612	160.0255625
1616	160.3906875
1622	160.866
1628	161.513625
1632	161.747875
1636	162.119875
1641	162.464375
1644	162.7055
1651	163.3325
1656	165.1101875
1658	165.2341875
1664	165.688875
1676	166.674
1681	167.004625
1685	167.176875
1692	167.817625
1699	168.506625
1705	168.8855
1711	169.2850625
1719	169.9876875
1722	170.1391875
1725	170.3389375
1735	171.2139375
1739	171.4550625
1744	171.78575
1753	172.46775
1757	172.757125
1759	172.8398125
1793	176.17475
1797	176.29875
1803	176.905
1810	177.48375
1817	177.9453125
1827	180.6669375
1830	180.9011875
1839	181.89325
1848	182.664875
1854	183.1333125
1862	183.594875
1864	183.670625
1875	184.6281875
1884	185.5858125
1890	185.9165
1893	186.219625
1902	186.8534375
1904	186.943
1912	187.542375
1916	187.9281875
1922	188.258875
1927	189.5541875
1931	189.7401875
1933	189.82975
1943	191.187
1951	191.931
1957	192.516625
1961	192.6613125
1966	193.2194375
1975	194.0323125
1980	194.3629375
1984	194.5903125
1990	194.9554375
1997	197.0914375
2003	197.5185625
2012	198.4555
2018	198.930875
2020	199.0755625
2029	200.59825
2033	200.9840625
2039	201.3905
2042	201.5903125
2046	201.8176875
2057	204.22925
2060	204.4428125
2067	204.8424375
2072	205.2765
2076	205.4763125
2085	207.80525
2089	207.984375
2094	208.4115625
2103	209.2381875
2106	209.4104375
2110	209.57575
2116	210.0235625
2122	210.5265625
2126	210.809
2132	212.1731875
2140	212.683
2144	213.6958125
2148	213.847375
2154	214.32275
2160	214.60525
2163	214.8119375
2171	215.356125
2177	216.7203125
2181	216.885625
2183	217.0165
2188	217.4780625
2191	217.7123125
2199	218.5941875
2204	218.918
2208	219.0626875
2216	219.655125
2225	220.495625
2228	220.8056875
2232	221.23975
