141	0.164625
145	0.288625
151	0.9775625
155	1.3565
163	2.975625
167	3.395875
172	3.637
174	3.7265625
183	5.283625
187	5.5454375
192	5.7865625
194	5.876125
202	8.2670625
205	8.5288125
209	8.78375
213	9.1213125
216	9.2935625
220	9.4450625
226	10.823
230	10.947
234	11.4499375
238	11.7599375
244	12.2353125
249	12.5935625
255	13.0620625
261	13.70275
268	15.197875
270	15.321875
278	15.98325
284	17.4439375
286	17.5679375
292	18.064
298	19.5246875
302	19.69
304	19.7795625
311	20.461625
315	20.819875
324	21.474375
334	22.4456875
337	22.638625
341	22.8039375
347	24.8779375
352	25.442875
357	25.9526875
361	26.2558125
369	27.0618125
380	28.729
384	28.908125
388	29.05275
399	30.2790625
403	30.478875
407	30.6235
413	31.360625
423	31.994375
426	32.2079375
431	32.7521875
435	32.9864375
442	34.4953125
456	37.216875
460	37.340875
470	38.22275
473	38.388125
477	38.5603125
488	39.7384375
494	40.165625
498	40.5720625
503	40.9923125
509	41.46075
513	42.4666875
517	42.625125
523	43.1349375
530	43.637875
533	43.80325
537	43.9754375
543	44.73325
549	45.1741875
582	48.4815625
586	48.6881875
595	49.528625
602	50.2795625
606	50.6309375
610	51.0305
618	53.517875
620	53.7314375
628	54.4479375
634	54.86125
637	55.04725
641	55.185
646	55.76375
653	56.23225
659	57.541375
661	57.665375
665	58.085625
670	58.4645
674	58.6023125
682	59.3188125
689	59.938875
695	60.372875
699	60.7035625
702	60.8413125
708	61.3649375
712	61.6405
724	64.3551875
729	64.623875
733	64.9131875
741	65.6916875
745	65.9948125
749	66.167
760	67.05575
763	67.228
769	67.6964375
775	69.1158125
779	69.329375
784	69.6049375
791	70.2388125
795	70.5488125
800	70.9965625
807	71.6855
816	73.952375
818	74.062625
825	74.7239375
831	75.2958125
839	75.9985625
845	76.32925
853	77.100875
857	77.28
863	77.7485
869	79.0438125
872	79.3951875
877	79.64325
886	80.2978125
892	80.745625
896	81.1314375
900	81.2554375
905	81.7928125
911	83.667
914	83.8668125
921	84.438625
923	84.5281875
929	85.1826875
937	86.471125
942	87.0843125
949	89.1651875
954	89.4614375
957	89.716375
963	91.67325
967	91.8868125
972	92.45175
976	92.7204375
987	93.6710625
994	94.1533125
999	94.422
1011	96.213375
1015	96.4269375
1019	96.7851875
1023	97.0331875
1029	97.5774375
1032	97.770375
1040	98.4593125
1042	98.55575
1050	99.0793125
1055	99.5409375
1061	100.009375
1092	102.986
1096	103.11
1101	103.633625
1104	103.799
1108	103.9643125
1113	104.3845625
1118	104.846125
1121	105.039
1123	105.156125
1132	105.920875
1140	106.472
1143	106.6373125
1147	106.788875
1154	107.34
1159	107.7258125
1162	107.8911875
1166	108.0426875
1176	109.000375
1183	111.2259375
1187	111.3499375
1193	112.0319375
1197	112.3350625
1205	112.8104375
1210	113.03775
1212	113.154875
1216	113.7749375
1219	113.9540625
1225	114.53275
1233	115.4490625
1237	115.6281875
1239	115.7453125
1243	116.2826875
1246	116.4825
1253	118.025875
1257	118.1843125
1266	118.7905625
1270	119.066125
1279	119.8308125
1284	121.8565625
1291	122.393875
1303	123.579
1306	123.744375
1310	123.9028125
1317	124.7089375
1321	124.9983125
1328	125.659625
1330	125.7491875
1337	126.362375
1344	126.954875
1347	127.12025
1351	127.3406875
1358	128.6221875
1362	128.7944375
1366	129.0218125
1375	129.814125
1380	130.110375
1389	130.7924375
1397	131.6605
1402	131.99125
1404	132.0808125
1413	134.6163125
1417	134.7954375
1422	135.222625
1432	136.2285
1437	136.55225
1439	136.6418125
1448	137.4548125
1453	137.9233125
1458	138.2676875
1462	138.4123125
1467	138.8256875
1470	138.991
1474	139.2114375
1481	140.651375
1485	140.823625
1489	140.94075
1494	141.4230625
1501	141.9673125
1510	143.5933125
1515	143.9239375
1527	145.722125
1532	146.05275
1539	148.305875
1545	148.5745625
1553	149.3116875
1557	149.539
1561	149.6768125
1566	150.2555625
1573	150.74475
1576	150.972125
1580	151.357875
1615	154.7616875
1619	154.920125
1630	155.8984375
1634	156.16025
1641	156.835375
1650	157.6345
1654	157.86875
1664	158.688625
1675	161.341375
1679	161.513625
1689	162.381625
1695	162.8708125
1704	163.5873125
1708	163.9386875
1712	164.1660625
1717	164.5380625
1722	165.02725
1729	165.633375
1733	165.7849375
1743	167.920875
1746	168.11375
1749	168.3204375
1759	169.1470625
1762	169.3399375
1768	169.7670625
1771	169.9461875
1784	171.138
1789	171.7580625
1793	171.9991875
1798	172.33675
1805	172.908625
1810	173.9214375
1814	174.2728125
1821	176.353625
1823	176.5671875
1828	177.159625
1832	177.593625
1835	177.7589375
1843	178.3376875
1847	178.4755
1854	179.1230625
1857	179.3504375
1862	181.128125
1866	181.33475
1877	182.14075
1882	182.368125
1890	183.8425625
1897	184.448875
1899	184.559125
1909	185.3169375
1915	186.757
1919	187.1635
1928	187.914375
1931	188.121
1933	188.23125
1940	188.803
1945	189.030375
1949	189.388625
1953	189.7745
1963	192.179125
1968	192.5029375
1971	192.7371875
1975	192.8749375
1980	193.4191875
1989	194.3285625
1998	195.1621875
2001	195.320625
2005	195.43775
2012	196.7950625
2016	197.18775
2024	198.44175
2028	198.62775
2031	198.8344375
2038	199.4889375
2043	199.9160625
2050	200.52925
2054	200.915
2089	204.311875
2091	204.4083125
2101	205.2350625
2108	206.041125
2115	206.6749375
2121	207.253625
2131	208.163
2136	208.535
2143	209.1756875
2147	209.32725
2156	210.9601875
2160	211.118625
2162	211.2081875
2173	212.1106875
2180	212.7720625
2183	212.9443125
2192	213.8193125
2198	214.34975
2202	214.7010625
2210	215.224625
2214	216.967875
2218	217.1263125
2227	218.0288125
2230	218.18725
2234	218.304375
2241	218.9450625
2245	219.255125
2252	219.7510625
2256	219.950875
2260	220.088625
2269	220.887875
2276	221.5836875
2285	223.80925
2291	224.236375
2301	225.2215625
2305	225.5315625
2308	225.70375
2319	226.6889375
2323	227.0678125
2330	228.5285
2340	229.3895625
2345	229.885625
2352	231.9665
2356	232.2420625
2361	232.7105625
2364	232.9448125
2375	233.90925
2378	234.0815
2380	234.1710625
2385	234.6395625
2391	235.31475
2396	236.4791875
2400	236.6583125
2405	236.8925625
2408	237.113
2420	238.1188125
2431	240.489
2433	240.59925
2441	241.3088125
2446	241.798
2449	241.97025
2453	242.197625
2463	243.8098125
2467	244.181875
2477	245.601125
2481	245.911125
2486	246.3658125
2493	247.041
2503	248.543
2507	248.7979375
2511	248.942625
2520	249.7141875
2524	250.0518125
2531	250.761375
2538	251.42275
2541	251.60875
2545	251.8911875
2552	253.17275
2554	253.39325
2561	253.882375
2564	254.1235
2568	254.5024375
2570	254.592
2579	256.155875
2583	256.3694375
2591	256.8516875
2594	257.0239375
2600	257.354625
2603	257.59575
2606	257.954
2617	260.3655625
2619	260.4758125
2625	261.130375
2629	261.647125
2634	262.0535625
2638	262.4669375
2644	263.03875
2648	263.2385625
2650	263.3556875
2656	264.713
2659	264.899
2667	265.5948125
2671	265.8359375
2675	266.118375
2680	266.55925
2686	267.0965625
2690	267.3376875
2695	267.5925625
2699	268.0128125
