141	0.164625
145	0.3230625
158	1.7285
166	2.4656875
174	3.96075
178	4.1123125
182	4.4223125
184	4.5394375
188	5.1939375
195	5.834625
201	6.35825
203	6.475375
210	8.7146875
214	8.8938125
220	9.6103125
224	9.947875
233	10.8571875
237	11.0225625
245	12.5659375
249	12.8139375
253	13.0481875
266	14.274375
273	14.928875
280	15.542
282	15.6315625
290	16.2860625
295	16.9543125
303	17.5605625
313	20.068625
319	20.55775
324	20.9504375
329	21.356875
332	21.591125
343	23.106875
345	23.230875
351	23.699375
357	24.27125
364	26.3383125
369	26.74475
373	27.1788125
377	28.4190625
381	28.5430625
385	29.0873125
388	29.287125
390	29.3835625
400	31.0301875
404	31.416
406	31.4986875
415	33.7861875
419	34.0755
425	34.6266875
430	35.0745
436	35.71525
442	36.176875
445	36.40425
449	36.707375
459	38.24375
463	38.416
466	38.6778125
470	39.0360625
474	39.46325
481	40.0901875
512	43.0736875
520	43.7970625
531	44.9338125
537	47.0835625
541	47.242
547	47.717375
550	47.8965
554	48.027375
562	48.94375
566	49.2124375
571	49.715375
574	49.915125
580	51.18975
585	51.6926875
590	52.133625
594	52.25075
602	53.1256875
606	53.4701875
613	54.0213125
623	55.58525
628	56.0261875
633	56.474
636	56.6461875
640	56.8941875
647	57.5073125
656	59.1884375
660	59.3675625
662	59.457125
666	59.9325
671	60.4148125
678	62.5301875
681	62.7024375
689	63.3844375
692	63.6393125
696	64.100875
707	65.6373125
712	66.2505
719	67.5595625
723	67.82825
729	68.2691875
737	68.9511875
740	69.1923125
742	69.281875
751	71.54875
755	71.9139375
760	72.3824375
762	72.472
766	73.009375
769	73.2091875
775	73.8155
780	74.0496875
784	74.1874375
792	74.890125
803	75.8890625
811	76.3024375
814	76.5849375
820	77.7769375
824	78.1489375
829	78.6794375
833	78.9688125
838	79.3201875
871	82.593125
875	82.9169375
880	83.2958125
885	83.757375
889	84.0605
891	84.177625
899	84.8803125
903	85.0731875
910	85.59675
914	85.8723125
920	86.451
923	86.692125
927	86.802375
939	89.620375
944	89.827
952	90.6468125
960	91.404625
964	91.638875
971	93.0513125
979	93.5266875
981	93.61625
987	94.20875
993	95.5454375
997	95.759
1005	96.33075
1007	96.4271875
1011	96.964625
1016	97.39175
1021	97.7775625
1029	99.9755625
1031	100.134
1036	100.843625
1042	101.42925
1046	101.732375
1048	101.842625
1056	102.5453125
1066	104.1161875
1070	104.4330625
1076	104.94975
1083	107.030625
1085	107.1615
1090	107.6575625
1097	108.277625
1103	108.966625
1107	109.104375
1112	109.6831875
1116	109.9243125
1122	110.52375
1126	110.6684375
1132	111.219625
1137	111.6605625
1142	112.0600625
1146	112.1909375
1154	114.485375
1157	114.6920625
1161	114.9951875
1165	115.2431875
1174	116.0010625
1177	116.1595
1179	116.3179375
1186	116.944875
1194	118.39175
1197	118.756875
1204	119.3906875
1211	120.2656875
1216	120.720375
1226	121.8915625
1230	122.105125
1233	122.3049375
1239	122.7665
1241	122.8491875
1249	123.4485625
1255	124.082375
1293	127.878875
1297	128.0304375
1302	128.5953125
1305	128.8226875
1312	129.3049375
1316	129.573625
1324	130.193625
1329	130.4691875
1333	130.813625
1343	131.6335
1348	131.977875
1352	132.1225625
1364	134.8646875
1367	135.0989375
1373	135.54675
1376	135.7671875
1380	135.911875
1386	136.4975
1393	137.193375
1397	137.3380625
1405	138.26125
1409	138.4955
1417	139.0535
1419	139.1430625
1423	139.5978125
1427	139.7906875
1429	139.9009375
1434	140.4451875
1439	140.727625
1441	140.8240625
1446	141.2856875
1451	141.761
1455	141.988375
1461	142.3535
1464	142.6153125
1468	142.89775
1475	145.09575
1479	145.302375
1490	146.198
1494	146.49425
1498	146.9351875
1504	148.947125
1508	149.071125
1514	149.663625
1517	149.829
1521	149.96675
1526	150.5110625
1530	150.8555
1535	151.1793125
1542	151.8475625
1545	152.1093125
1549	152.2470625
1554	152.8464375
1557	153.004875
1559	153.0875625
1566	153.735125
1572	155.07175
1576	155.244
1580	155.3955625
1585	155.82275
1591	156.373875
1594	156.5943125
1598	156.7045625
1603	157.3453125
1607	157.6484375
1615	159.8326875
1619	160.1358125
1623	160.439
1632	161.176125
1636	161.3208125
1643	162.0304375
1647	162.23025
1651	162.512625
1659	163.236
1666	163.7940625
1671	164.2488125
1707	167.76975
1712	168.2864375
1715	168.4586875
1719	168.617125
1724	169.1751875
1730	169.6919375
1737	170.3188125
1740	170.491
1749	171.1799375
1753	171.3315
1758	173.4399375
1763	173.6396875
1769	173.97725
1773	174.363125
1776	174.6731875
1779	174.8660625
1787	175.4516875
1794	176.7125
1798	176.891625
1802	177.0018125
1808	177.53225
1812	177.8629375
1824	180.2950625
1830	180.7221875
1835	181.3146875
1841	181.7280625
1843	181.817625
1848	182.2654375
1851	182.4996875
1855	182.8510625
1860	184.0016875
1864	184.3875
1872	185.586375
1876	185.7448125
1878	185.8619375
1886	186.81275
1889	186.9711875
1894	187.3569375
1899	189.3069375
1903	189.4309375
1911	190.1749375
1914	190.3471875
1919	190.71925
1926	191.2634375
1930	191.532125
1937	192.979
1941	193.351
1947	194.8255
1951	195.0459375
1957	196.3136875
1964	196.9613125
1967	197.236875
1971	197.374625
1976	197.9946875
1981	198.2771875
1987	198.64925
1991	200.4338125
1994	200.6680625
1998	201.0263125
2002	201.412125
2007	201.74975
2011	202.1149375
2015	202.2665
2024	203.038
2032	203.664875
2037	204.8361875
2041	205.0841875
2044	205.3184375
2049	205.835125
2053	207.6196875
2060	208.1019375
2067	208.7081875
2074	210.0448125
2080	210.5133125
2082	210.602875
2086	211.07825
2089	211.2505
2094	211.5811875
2099	211.8085
2107	212.3803125
2110	212.57325
2115	212.9590625
