141	0.164625
145	0.288625
153	0.908625
159	1.43225
167	2.1556875
170	2.300375
172	2.4175
180	3.0856875
186	4.436125
191	4.7805
193	4.8700625
200	5.4763125
203	5.6485625
207	5.807
216	6.47525
223	8.7835
227	9.1624375
231	9.4104375
238	9.9340625
241	10.0925
245	10.209625
250	10.7470625
259	11.3464375
263	11.6633125
270	12.276375
277	13.7163125
281	13.929875
285	14.288125
289	14.6670625
295	15.1079375
300	15.4593125
306	16.0518125
311	16.3549375
315	16.685625
323	17.1748125
326	17.3401875
330	17.5330625
340	19.992875
344	20.2133125
350	20.7989375
354	20.943625
363	21.7428125
367	22.0596875
370	22.3215
375	22.6590625
377	22.748625
384	24.2161875
388	24.5745
395	26.655375
402	27.31675
410	28.0608125
415	28.288125
419	28.6256875
422	28.8805625
427	29.21125
429	29.3076875
438	31.62975
442	31.8364375
453	32.8491875
460	33.4623125
468	33.8205625
472	34.041
477	34.4888125
484	35.23975
489	35.48775
493	35.7426875
506	37.6648125
510	37.830125
516	38.41575
520	38.546625
525	39.084
530	39.5180625
534	39.6903125
540	40.3171875
548	40.9165625
555	41.5435
589	44.9955625
593	45.2505
597	45.5811875
607	46.2839375
611	46.6145625
617	47.09675
624	49.177625
628	49.57725
632	49.9561875
640	50.4729375
649	51.1824375
654	51.5199375
658	51.7404375
666	53.083875
677	54.096625
682	54.42725
686	54.627
693	56.1015
697	56.27375
701	56.501125
705	56.8386875
708	57.05225
720	57.9754375
725	58.2785
727	58.3680625
733	59.001875
744	61.4065625
746	61.558125
754	62.2815
757	62.6121875
767	64.258875
771	64.603375
778	65.919375
782	66.0846875
784	66.3465
787	66.5945
791	67.0009375
801	69.3435625
803	69.557125
806	69.7775625
808	69.9084375
818	72.02375
822	72.3820625
826	72.705875
835	73.298375
838	73.5256875
844	73.95975
855	75.7855625
859	75.95775
863	76.2126875
877	77.2254375
881	77.507875
886	77.9211875
891	78.3275625
896	78.8098125
903	79.271375
908	79.5469375
913	79.843125
915	79.96025
924	82.192625
928	82.6129375
932	82.9780625
937	83.412125
940	83.584375
943	83.7428125
947	83.9976875
952	84.33525
960	84.810625
965	85.230875
971	85.7199375
976	86.1195
982	88.1245
986	88.3311875
993	88.8685625
997	89.095875
1002	89.5436875
1008	90.032875
1012	90.2533125
1016	90.3773125
1024	91.121375
1030	91.7138125
1037	92.2925
1041	92.52675
1043	92.6094375
1051	93.2639375
1054	93.546375
1058	93.8013125
1062	94.138875
1065	94.30425
1069	94.566
1102	97.7769375
1106	98.0249375
1118	99.2236875
1125	99.788625
1133	100.587875
1140	101.9934375
1144	102.358625
1148	102.730625
1154	104.0259375
1158	104.1568125
1164	104.8664375
1170	105.12825
1176	105.6931875
1180	105.893
1184	106.010125
1193	106.83
1199	107.119375
1207	109.2898125
1211	109.4138125
1217	110.047625
1225	110.7296875
1229	111.00525
1232	111.2256875
1236	111.3428125
1247	112.4795625
1250	112.638
1252	112.7275625
1257	113.0858125
1267	114.7461875
1271	114.8701875
1278	115.572875
1282	115.8415625
1285	116.062
1289	116.2066875
1300	117.04025
1303	117.2125
1313	119.7688125
1319	120.382
1322	120.6369375
1326	121.0365
1330	121.1880625
1335	121.7254375
1338	121.9734375
1350	123.854375
1354	124.0059375
1362	124.632875
1368	125.948875
1372	126.121125
1377	126.5758125
1380	126.7411875
1385	127.07875
1391	127.4851875
1394	127.6711875
1400	129.8071875
1412	131.77075
1416	132.170375
1423	133.43125
1426	133.672375
1430	134.0858125
1442	135.1674375
1445	135.49125
1447	135.608375
1455	136.255875
1459	136.5728125
1462	136.88975
1495	140.210875
1507	141.5750625
1510	141.7404375
1514	141.960875
1527	142.835875
1533	143.3525625
1542	145.5436875
1544	145.6539375
1555	146.8388125
1563	147.5208125
1566	147.6999375
1570	147.844625
1575	148.3338125
1579	148.61625
1587	149.318875
1590	149.6426875
1592	149.7598125
1598	150.435
1603	150.6968125
1607	151.07575
1613	151.57175
1621	152.1159375
1625	153.12875
1629	153.3285
1631	153.43875
1638	154.0311875
1649	155.043875
1652	155.216125
1660	155.9601875
1668	156.45625
1673	156.8489375
1680	157.4896875
1684	159.267375
1688	159.474
1700	160.741625
1709	162.381375
1717	163.1735625
1721	163.4491875
1726	163.9108125
1734	164.4550625
1738	164.606625
1745	165.21975
1756	166.900875
1763	167.2935625
1772	168.0513125
1778	170.1321875
1783	170.6626875
1785	170.821125
1792	171.427375
1796	171.737375
1802	172.2126875
1811	172.825875
1814	173.025625
1818	173.3769375
1825	174.114125
1829	174.3276875
1837	175.2026875
1841	175.5058125
1878	179.109375
1881	179.36425
1887	179.7775625
1889	179.936
1896	180.507875
1899	180.680125
1903	180.8454375
1909	182.1406875
1913	182.35425
1917	182.7194375
1922	183.0639375
1925	183.2430625
1931	183.8080625
1934	184.0009375
1938	184.1524375
1949	185.09625
1959	187.190875
1962	187.44575
1965	187.6593125
1976	188.78925
1981	189.18875
1985	189.5331875
1995	190.98
1999	191.1384375
2007	191.6551875
2017	192.5645
2024	193.8805
2027	194.121625
2033	194.5694375
2044	196.7605
2047	197.015375
2050	197.2289375
2053	197.5320625
2059	198.8411875
2064	199.488875
2075	200.9701875
2078	201.2113125
2084	201.7004375
2091	203.905375
2095	204.22225
2099	204.5529375
2105	205.2075
2108	205.37975
2112	205.6001875
2120	206.165125
2125	206.5303125
2129	206.923
2134	207.3431875
2136	207.43275
2146	208.0735
2154	209.437625
2158	209.609875
2161	209.9268125
2167	210.450375
2172	210.870625
2176	212.11775
2183	212.58625
2187	212.8411875
2191	213.17875
2194	213.344125
2198	213.5163125
2203	213.8676875
2206	214.0950625
2212	214.67375
2215	214.8666875
2224	215.6383125
2228	215.8174375
2237	216.6235
2240	216.788875
2244	216.926625
2252	217.691375
2256	217.98075
2265	220.4060625
2269	220.5851875
2277	221.150125
2281	221.432625
2288	221.8873125
2292	222.10775
2300	222.941375
2310	223.651
2315	223.9196875
2318	224.250375
2323	224.9530625
2329	225.22175
2335	227.32325
2339	227.44725
2345	228.1361875
2352	228.6666875
2355	228.8389375
2359	228.9904375
2370	230.1409375
2374	230.3820625
2376	230.46475
2388	231.532625
2397	233.0276875
2401	233.1999375
2405	233.344625
2410	233.702875
2414	234.061125
2419	234.4469375
2424	234.791375
2427	235.0531875
2435	235.8248125
2439	235.98325
2447	236.927125
2452	237.2026875
2458	237.63675
2464	238.1603125
2467	238.3325625
2471	238.4703125
2476	240.5856875
2480	240.7096875
2488	241.688
2494	241.991125
2498	242.4045625
2503	242.776625
2506	242.914375
2511	243.417375
2513	243.5069375
2520	244.1683125
2529	245.7391875
2533	245.911375
2537	246.0285
2543	246.745
2548	247.0068125
2554	247.5235
2557	247.7095
2565	248.4396875
