141	0.164625
144	0.3644375
155	1.315125
158	1.5080625
162	1.6251875
169	2.2796875
177	2.7688125
185	3.5473125
194	4.25
197	4.4015625
199	4.491125
204	4.959625
213	5.8759375
219	8.11525
221	8.23925
232	9.48625
239	10.1959375
242	10.416375
246	10.5610625
255	11.3395
265	12.1938125
268	12.3591875
272	12.4900625
278	13.110125
285	13.69575
289	13.812875
295	14.4329375
303	15.342375
305	15.4319375
316	16.3206875
327	18.5186875
330	18.7115625
333	18.932
337	19.359125
345	20.8198125
349	21.0195625
359	21.9565
366	23.265625
370	23.493
373	23.6445625
376	23.871875
380	24.292125
388	25.1119375
396	27.1928125
403	27.909375
407	28.07475
411	28.3434375
416	28.7844375
418	28.942875
423	29.3700625
432	30.1485
435	30.3551875
450	32.4495625
454	32.5735625
462	33.2900625
467	33.77925
506	37.3278125
510	37.4518125
519	38.251
523	38.54725
529	39.098375
532	39.2705625
542	40.9793125
546	41.1515
550	41.2893125
560	42.1780625
564	42.453625
575	44.245
578	44.431
585	46.629
587	46.8495
593	47.39375
599	47.83475
601	47.9243125
609	48.6408125
617	49.3090625
621	49.6535625
626	50.0394375
630	50.1565625
637	50.838625
644	51.568875
654	53.256875
658	53.436
662	53.5738125
668	54.0905625
672	54.4005625
675	54.5796875
683	55.378875
688	55.60625
690	55.6958125
696	56.364125
703	56.998
706	57.239125
710	57.6249375
712	57.721375
728	60.6220625
731	60.835625
738	61.490125
747	62.2479375
749	62.3375
756	62.998875
761	63.2675625
770	64.68
775	65.279375
782	67.367125
785	67.601375
790	67.959625
793	68.1180625
802	69.2548125
807	69.592375
810	69.874875
819	70.7015
824	72.6308125
828	72.7548125
836	73.6160625
839	73.7745
843	73.9743125
848	74.422125
852	74.7115
856	74.890625
864	75.6484375
870	76.048
873	76.2478125
904	79.2244375
908	79.382875
915	80.04425
919	80.3198125
924	80.7469375
927	80.9260625
933	81.1671875
942	82.2075
949	82.6690625
954	82.93775
957	83.116875
963	83.3786875
969	85.487125
971	85.707625
978	86.4516875
982	86.7548125
985	86.9063125
988	87.1405625
996	87.5745625
999	87.8088125
1006	89.2350625
1011	89.4830625
1014	89.862
1019	90.3098125
1023	90.6060625
1025	90.7231875
1030	91.164125
1038	92.9348125
1044	93.3619375
1050	94.1818125
1058	95.2565625
1062	95.470125
1074	96.586125
1080	96.8548125
1083	97.0408125
1094	99.48675
1097	99.73475
1101	100.161875
1109	100.8714375
1113	101.0505625
1122	101.8221875
1128	102.27
1132	102.5249375
1143	104.061375
1153	104.929375
1158	105.4255
1165	107.506375
1174	108.3330625
1179	108.5741875
1183	108.8015
1191	110.1174375
1194	110.3654375
1198	110.792625
1206	111.4058125
1209	111.59875
1243	114.77525
1247	114.968125
1257	115.8981875
1261	116.166875
1274	117.965125
1278	118.1373125
1282	118.39225
1295	119.5014375
1299	119.777
1303	120.1835
1307	120.3213125
1316	121.961125
1320	122.085125
1328	122.89125
1332	123.1875
1336	123.4010625
1346	124.455125
1353	124.9649375
1357	125.3576875
1370	127.98275
1372	128.093
1379	128.6716875
1387	130.2288125
1389	130.3390625
1393	130.8350625
1396	131.0141875
1400	131.406875
1404	131.63425
1408	131.9580625
1415	133.439375
1419	133.6115625
1421	133.7286875
1427	134.272875
1430	134.4313125
1432	134.520875
1441	135.3820625
1446	135.754125
1450	135.9056875
1455	136.346625
1463	138.5033125
1467	138.66175
1482	140.02575
1486	140.3013125
1492	141.610375
1496	141.7895
1500	141.98925
1505	142.492125
1508	142.664375
1512	142.9193125
1516	143.312
1521	143.8769375
1525	144.159375
1536	146.5846875
1538	146.7706875
1544	147.0738125
1551	147.5560625
1554	147.8454375
1561	148.3896875
1566	148.66525
1573	149.9605625
1577	150.346375
1585	152.36525
1591	152.668375
1594	152.89575
1596	153.0541875
1603	153.63975
1606	153.8464375
1611	154.3631875
1615	154.61125
1620	155.0590625
1657	158.6350625
1667	159.39975
1672	159.77175
1680	161.30825
1684	161.5218125
1687	161.9076875
1691	162.224625
1695	162.348625
1706	165.0356875
1710	165.18725
1722	166.5031875
1732	167.30225
1736	167.6880625
1745	168.4873125
1748	168.64575
1752	168.7835625
1761	169.569
1765	169.810125
1769	170.1408125
1775	170.402625
1784	171.17425
1787	171.3671875
1791	171.525625
1795	172.063
1798	172.228375
1802	172.414375
1811	173.964625
1814	174.136875
1817	174.371125
1821	174.8051875
1827	176.1763125
1831	176.39675
1834	176.5345
1837	176.76875
1844	177.306125
1851	179.421375
1856	179.7726875
1861	180.213625
1865	180.5443125
1870	180.92325
1875	181.164375
1879	181.3021875
1888	182.0875625
1897	183.6859375
1901	184.2715625
1907	184.767625
1914	186.076625
1921	186.6553125
1927	187.42
1930	187.5715625
1941	188.3431875
1950	189.252625
1955	189.5281875
1966	191.2161875
1970	191.3953125
1974	191.5261875
1985	192.5389375
1988	192.7111875
1994	192.9385625
1999	193.5034375
2004	193.9581875
2008	194.2613125
2017	195.0605
2025	196.5349375
2033	197.155
2045	198.7258125
2055	199.6008125
2059	199.7248125
2069	202.095
2073	202.274125
2083	203.0801875
2087	203.35575
2093	203.8241875
2097	203.982625
2106	205.3811875
2110	205.7256875
2117	207.8134375
2120	208.020125
2124	208.32325
2128	208.4955
2138	209.404875
2144	210.0731875
2147	210.2385625
2151	210.3763125
2158	210.8103125
2164	211.4785625
2167	211.678375
2176	214.0141875
2178	214.172625
2188	215.0200625
2198	216.1293125
2207	216.9836875
2211	217.989625
2215	218.161875
2219	218.3065625
2225	218.8439375
2232	219.6224375
2239	220.35275
2243	220.7385625
2253	222.3783125
2255	222.4885625
2261	223.1430625
2266	223.5633125
2273	224.8861875
2283	227.215
2292	228.7926875
2297	229.2198125
2300	229.3851875
2304	229.5366875
2310	230.18425
2314	230.4529375
2322	231.1694375
2331	232.4509375
2335	232.6645
2345	233.6359375
2347	233.7255
2354	234.3455625
2360	234.8623125
2366	235.1654375
2372	235.689
2374	235.79925
2382	238.12125
2387	238.321
2393	238.61725
2398	238.9755
2402	239.9883125
2408	240.3603125
2412	240.6634375
2416	241.104375
