141	0.164625
145	0.288625
149	0.7984375
153	1.080875
160	1.5355625
165	1.8041875
168	1.976375
176	2.5619375
178	2.644625
183	3.078625
186	3.2508125
188	3.340375
196	4.6218125
199	4.794
203	5.0764375
207	5.46225
214	5.923875
219	6.1443125
223	6.48875
226	6.6885625
229	6.9710625
232	7.1570625
238	9.2930625
242	9.43775
248	9.8235625
252	10.2025
259	10.68475
262	10.87075
268	12.235
271	12.40725
273	12.524375
281	13.192625
286	13.43375
288	13.5233125
295	14.0606875
300	14.315625
307	14.8185
312	15.1285625
314	15.218125
321	16.6719375
329	17.42975
335	19.6208125
341	20.06175
348	20.5715625
352	20.84025
354	20.9298125
362	21.9425625
370	23.3480625
372	23.4720625
381	24.0645
384	24.23675
393	25.835125
397	26.0073125
401	26.1244375
408	26.6686875
411	26.827125
413	26.9166875
417	27.261125
421	27.5298125
425	27.8329375
431	28.3495625
434	28.514875
441	30.650875
445	30.9195625
452	31.443125
456	31.6635625
460	31.9046875
467	33.268875
471	33.6271875
478	35.7080625
485	36.3625625
490	36.6175
494	36.8655
527	40.042
531	40.3313125
542	41.199375
546	41.4749375
555	42.1845625
561	42.632375
565	42.9355
571	43.4315
573	43.5210625
586	44.8024375
594	45.6843125
597	45.8909375
600	46.0906875
608	46.8968125
615	47.5926875
618	47.785625
622	47.90275
629	48.5916875
633	48.8948125
639	49.3495
643	51.2719375
647	51.4993125
653	51.9609375
659	52.6911875
665	52.9805625
672	53.5248125
674	53.6419375
678	54.1104375
685	55.5090625
687	55.6330625
698	56.6113125
704	57.231375
711	58.733375
715	58.9125
719	59.0364375
724	59.477375
727	59.6289375
729	59.725375
744	61.551125
750	61.9920625
760	62.929
763	63.232125
767	63.6455
778	64.7546875
780	64.851125
791	66.8146875
795	67.02825
799	67.359
804	67.8136875
807	68.172
814	68.8058125
823	69.4051875
827	69.5291875
834	71.69275
837	71.885625
840	72.0923125
842	72.181875
851	72.746875
857	73.3049375
860	73.4840625
867	74.8
871	74.9515625
875	75.323625
882	76.6120625
886	76.7980625
889	76.9840625
892	77.19075
894	77.2803125
905	79.7951875
907	80.0156875
914	80.6770625
921	81.2006875
924	81.3521875
926	81.44175
933	82.8059375
937	82.97125
939	83.088375
944	83.5568125
948	83.7496875
950	83.8668125
958	84.6039375
963	84.948375
966	85.1895
970	85.29975
977	86.119625
983	86.5743125
987	86.7120625
994	88.903125
996	89.1166875
1004	89.971
1007	90.20525
1011	90.5841875
1013	90.7013125
1019	91.20425
1025	92.5064375
1030	92.9749375
1034	93.119625
1048	94.9039375
1052	95.076125
1060	95.572125
1063	95.81325
1065	95.9028125
1103	99.26525
1105	99.3755
1116	100.4778125
1127	101.8213125
1129	101.9315625
1135	102.565375
1141	103.2474375
1147	103.7159375
1149	103.798625
1156	104.5081875
1161	104.9353125
1169	105.493375
1173	106.6095625
1177	106.7818125
1179	106.9058125
1188	107.6153125
1194	108.2766875
1199	108.6624375
1203	108.807125
1209	109.3651875
1214	109.744125
1218	110.026625
1226	110.5984375
1237	112.96175
1240	113.20975
1244	113.636875
1251	114.318875
1256	114.628875
1258	114.739125
1265	116.186
1269	116.4753125
1276	116.9506875
1283	119.0315625
1295	121.6911875
1299	121.8978125
1307	122.635
1312	123.234375
1315	123.468625
1319	123.61325
1325	124.9568125
1331	125.5424375
1334	125.8249375
1338	125.9626875
1343	127.3200625
1347	127.6163125
1351	127.891875
1356	128.36725
1367	129.3868125
1370	129.5728125
1374	129.772625
1380	130.9990625
1384	131.1713125
1388	131.316
1394	131.79825
1402	132.383875
1409	132.9075
1412	133.100375
1420	133.7480625
1427	134.354375
1431	134.4921875
1466	137.88225
1471	138.088875
1478	138.7020625
1484	139.149875
1488	139.301375
1493	139.845625
1499	141.141
1501	141.265
1506	141.80925
1513	142.3948125
1519	143.6488125
1523	143.814125
1525	143.93125
1530	144.4755
1535	144.758
1542	145.323
1545	145.5296875
1550	145.9981875
1553	146.1841875
1557	146.3013125
1567	148.5130625
1576	149.5120625
1579	149.773875
1583	150.1596875
1585	150.242375
1596	151.0345625
1604	152.329875
1608	152.674375
1615	153.990375
1619	154.162625
1624	154.396875
1627	154.631125
1631	154.782625
1636	155.347625
1639	155.519875
1644	157.2975625
1648	157.456
1653	157.87625
1656	158.0485
1660	158.18625
1666	158.8269375
1674	159.7088125
1678	159.984375
1686	160.4115
1691	160.7973125
1695	160.9488125
1706	162.8573125
1710	163.070875
1715	163.2775625
1720	163.82875
1725	164.2008125
1729	165.9785
1733	166.295375
1738	166.83275
1741	167.005
1747	167.714625
1751	168.01775
1762	168.982125
1769	170.408375
1773	170.6495
1780	171.3385
1785	171.8620625
1788	172.055
1792	172.3374375
1826	175.7688125
1831	176.030625
1842	176.92625
1846	177.2018125
1850	177.4911875
1854	177.7185625
1861	178.193875
1864	178.366125
1868	178.5314375
1879	180.2745
1881	180.4329375
1890	181.03925
1899	182.57575
1901	182.69975
1910	183.6160625
1918	185.1249375
1920	185.2558125
1925	185.7863125
1928	185.9654375
1934	186.427
1940	187.8188125
1944	187.991
1946	188.115
1950	188.542125
1953	188.714375
1962	189.692625
1975	192.1729375
1980	193.5164375
1986	194.9426875
1990	195.09425
1994	195.4663125
2000	196.761625
2005	197.023375
2009	197.2989375
2021	198.3943125
2027	198.86275
2035	199.3174375
2038	199.5448125
2044	199.7859375
2051	201.8874375
2053	202.0734375
2059	202.342125
2064	202.7761875
2068	203.0035
2071	203.2101875
2082	204.3125
2087	204.6294375
2094	205.945375
2098	206.2346875
2105	206.7100625
2112	208.019125
2116	208.2878125
2121	208.5840625
2128	209.1903125
2134	209.53475
2138	209.9205625
2141	210.230625
2144	210.4373125
2153	212.5113125
2157	212.66975
2162	213.20025
2170	213.847875
2173	214.1234375
2178	214.57125
2182	214.81925
2186	215.0879375
2188	215.1775
2192	215.5908125
2195	215.7699375
2201	217.1341875
2207	217.65775
2209	217.7404375
2220	219.118375
2224	219.3595
2229	219.6764375
2233	219.8486875
2244	220.585875
2252	221.1989375
2254	221.281625
2259	221.695
2266	222.3701875
2270	222.514875
2272	222.6113125
2278	223.2175625
2281	223.431125
2287	225.6705
2290	225.911625
2296	226.2423125
2300	226.6005625
2306	227.21375
2310	227.4824375
2315	227.751125
2317	227.8406875
2323	229.34275
2326	229.6114375
2332	229.942125
2337	230.410625
2342	230.9480625
2346	232.078
2359	233.3180625
2362	233.5385
2366	233.669375
2370	234.1654375
2376	235.5365625
2380	235.7156875
2385	235.9775
2389	236.2599375
2393	236.5355625
2402	237.245125
2406	237.603375
2410	237.851375
2416	238.443875
