141	0.164625
145	0.288625
152	0.95
160	1.5561875
166	2.1073125
169	2.36225
177	3.381875
182	3.6643125
184	3.753875
189	4.3050625
198	5.1455625
202	5.3315625
204	5.4486875
209	5.8551875
216	7.998
222	8.2529375
227	8.5146875
231	9.0383125
238	9.8374375
241	10.0096875
245	10.1474375
253	11.7665
255	11.8905
261	12.441625
272	14.1640625
276	14.33625
278	14.4189375
282	14.9356875
287	15.2181875
293	15.659125
298	16.0243125
301	16.24475
310	18.559875
313	18.9250625
318	19.2764375
321	19.5106875
325	19.6484375
334	20.557875
337	20.730125
345	22.177
350	22.7833125
357	24.8641875
366	26.441875
368	26.565875
373	26.875875
382	27.737
385	27.97125
389	28.3501875
391	28.446625
431	32.2913125
436	32.704625
439	32.876875
444	33.173125
454	33.9860625
464	35.2055
468	35.37775
472	35.777375
478	36.1425
485	36.741875
493	37.4101875
501	39.05
508	39.53225
513	39.78025
517	39.9249375
521	40.2349375
531	41.2889375
539	41.9503125
549	44.534125
551	44.658125
561	45.55375
573	47.4759375
575	47.5861875
583	48.2958125
594	49.2809375
606	50.9895625
608	51.1135625
615	51.6784375
620	52.2226875
627	53.56625
631	53.7246875
633	53.8555625
640	54.4825
647	55.2196875
652	55.43325
658	56.094625
664	56.5425
668	56.7078125
675	58.9195625
680	59.4845
684	59.6360625
691	61.09675
695	61.448125
702	63.5634375
708	64.018125
712	64.190375
718	66.2711875
728	67.166875
732	67.3941875
739	67.89025
746	68.537875
752	68.9856875
757	71.032125
761	71.156125
769	71.9553125
772	72.1275625
776	72.2653125
781	72.8165
788	73.553625
792	73.849875
800	74.3114375
806	75.779
810	75.958125
813	76.1028125
824	76.908875
830	77.4875625
837	78.25225
842	78.569125
850	79.175375
857	79.761
864	80.3948125
868	80.7048125
873	81.0355
904	84.012125
907	84.246375
914	84.7010625
916	84.790625
922	85.3625
929	85.9756875
932	86.196125
936	86.4510625
949	87.5119375
952	87.6910625
960	88.373125
965	88.7244375
972	90.9844375
984	92.948
987	93.2098125
993	94.5258125
996	94.7669375
1000	95.221625
1013	97.14375
1015	97.26775
1025	98.17025
1028	98.349375
1034	98.9831875
1038	99.2794375
1043	99.7065625
1045	99.78925
1052	100.4161875
1061	102.7864375
1063	102.944875
1068	103.5098125
1073	104.1575
1078	104.6673125
1082	104.8464375
1089	105.4250625
1097	106.0106875
1103	107.4025
1105	107.533375
1112	108.187875
1117	108.5943125
1120	108.81475
1124	108.945625
1129	109.4485625
1132	109.607
1134	109.7516875
1141	111.15725
1145	111.3294375
1147	111.4465625
1153	112.032125
1157	112.438625
1162	112.8933125
1165	113.0655625
1167	113.1964375
1178	115.2151875
1182	115.49075
1187	115.876625
1191	116.000625
1196	116.544875
1204	117.1098125
1208	117.261375
1214	117.971
1222	118.7288125
1231	119.5004375
1236	119.78975
1241	120.0033125
1245	120.2995625
1281	123.7446875
1286	123.965125
1293	124.4405625
1295	124.530125
1300	124.9848125
1308	126.3834375
1312	126.7623125
1317	127.3065625
1321	127.54075
1325	127.7474375
1333	129.0565
1337	129.435375
1342	129.9865
1346	130.289625
1355	132.8526875
1357	133.011125
1368	134.21675
1371	134.40275
1375	134.519875
1383	136.0080625
1385	136.1320625
1391	136.68325
1394	136.848625
1398	136.9795
1406	138.4195625
1410	138.59175
1412	138.6744375
1419	139.3633125
1430	140.4724375
1433	140.692875
1437	140.82375
1448	141.9604375
1453	142.463375
1458	142.7320625
1466	144.9506875
1470	145.184875
1474	145.5293125
1477	145.694625
1480	145.8944375
1484	146.1975625
1495	147.8786875
1499	148.0509375
1503	148.305875
1513	149.380625
1521	150.3245
1530	152.7911875
1532	152.9014375
1540	153.6179375
1547	154.2173125
1550	154.3826875
1556	154.6858125
1560	155.0165
1567	156.59425
1575	157.007625
1578	157.24875
1586	158.7645
1593	159.357
1597	159.5085625
1603	160.1148125
1608	160.36975
1613	160.8038125
1617	160.9485
1623	161.3963125
1631	162.2781875
1668	165.72325
1675	166.2950625
1684	167.0528125
1690	167.6246875
1697	168.93375
1701	169.0853125
1712	170.001625
1718	170.3323125
1724	170.7939375
1729	171.1245625
1733	171.2348125
1742	172.08225
1745	172.247625
1749	172.399125
1755	173.033
1764	175.2860625
1771	175.8923125
1777	176.6294375
1781	177.7525625
1786	178.24175
1789	178.414
1794	178.6758125
1798	179.0478125
1801	179.1993125
1804	179.4266875
1815	180.928625
1818	181.1904375
1822	181.5486875
1826	181.9551875
1834	182.5476875
1837	182.754375
1840	182.9265625
1844	183.16075
1852	185.4275625
1862	186.488625
1867	186.72975
1878	187.563375
1882	187.8389375
1886	188.2454375
1895	189.66475
1902	190.395
1907	190.622375
1911	190.9668125
1917	193.068375
1922	193.6195625
1926	193.76425
1931	194.3085625
1934	194.4739375
1943	195.252375
1948	195.534875
1952	195.9138125
1960	196.5545
1966	197.0643125
1971	197.395
1979	198.773
1983	199.1381875
1989	200.4541875
1993	200.66775
1996	200.9984375
2001	201.2258125
2006	202.4798125
2009	202.6658125
2013	202.7829375
2020	203.4305625
2029	205.0634375
2034	205.318375
2038	205.469875
2044	206.096875
2049	206.6618125
2052	206.8271875
2056	206.999375
2061	207.4471875
2064	207.6883125
2068	207.888125
2074	209.913875
2080	210.3961875
2084	210.5476875
2092	211.2641875
2094	211.3744375
2099	211.88425
2106	212.373375
2110	212.7178125
2121	215.267125
2125	215.391125
2132	216.0525
2140	216.679375
2144	216.9618125
2148	217.34075
2150	217.4371875
2161	218.312125
2164	218.484375
2168	218.622125
2175	220.1791875
2178	220.3651875
2182	220.64075
2184	220.7303125
2194	221.371
2199	221.805
2204	222.046125
2208	222.183875
2213	222.742
2222	224.3955625
2226	224.56775
2231	225.0224375
2234	225.1878125
2239	225.5046875
2244	225.8560625
