141	0.164625
145	0.3230625
158	1.4529375
164	2.0040625
167	2.1900625
171	2.341625
176	3.6645
181	4.08475
183	4.1674375
189	6.2965
191	6.4549375
201	7.52275
205	7.812125
213	8.253
216	8.432125
219	8.6043125
223	8.76275
229	10.319875
233	10.492125
237	10.60925
247	11.4359375
253	12.0215625
258	12.2764375
263	12.8345
268	13.3375
273	13.613125
277	13.7715625
284	14.4536875
289	15.0255
293	15.3079375
297	15.762625
308	18.132875
312	18.3533125
319	19.0078125
326	19.5934375
330	19.7588125
342	20.854125
355	22.528375
359	22.872875
366	24.960625
368	25.126
379	26.1525
382	26.4211875
386	26.800125
389	26.972375
402	29.5836875
406	29.9075
417	31.726375
420	31.9330625
432	33.751875
435	34.0274375
443	35.4811875
450	35.9634375
455	36.4250625
459	36.81775
470	37.5755
477	39.6495
481	39.7735
487	40.3453125
494	41.1376875
497	41.3719375
503	41.936875
506	42.0953125
510	42.34325
515	42.7565625
520	43.3215
526	43.7624375
531	44.0104375
566	47.47625
572	47.8138125
581	48.6198125
586	48.971125
598	49.95625
602	50.197375
607	50.51425
618	52.9189375
622	53.1669375
626	53.4149375
634	54.14525
637	54.310625
641	54.448375
647	55.0339375
654	56.39125
658	56.742625
665	58.8234375
669	59.0576875
675	59.3608125
682	59.8293125
687	60.42875
690	60.6354375
692	60.725
702	61.792875
707	62.034
719	63.1225
724	63.529
730	65.541
733	65.8096875
739	66.2713125
743	66.484875
753	67.4424375
756	67.635375
759	67.8283125
763	68.0625625
768	68.524125
777	70.7083125
781	70.86675
792	71.6864375
798	72.09975
806	72.7541875
811	73.002125
815	73.298375
817	73.3810625
822	73.828875
830	75.1034375
834	75.275625
838	75.39275
844	75.9921875
854	76.853375
862	77.6388125
867	77.9970625
870	78.1830625
904	81.6006875
908	81.7246875
918	82.59275
921	82.765
925	82.90275
933	83.6399375
939	84.3564375
948	85.1969375
950	85.2865
962	87.2983125
964	87.4085625
971	88.1595
974	88.3524375
978	88.4901875
987	90.1850625
989	90.2953125
996	91.0394375
999	91.232375
1003	91.377
1014	93.1545625
1018	93.319875
1020	93.4094375
1026	94.050125
1032	94.7253125
1035	94.91825
1039	95.118
1045	95.614
1048	95.779375
1052	95.9446875
1064	98.4733125
1069	98.7764375
1072	98.996875
1076	99.424
1088	101.236
1093	101.8491875
1100	103.9506875
1103	104.1435625
1106	104.364
1113	104.9358125
1125	106.6719375
1129	106.8648125
1132	107.02325
1135	107.2505625
1139	107.6639375
1150	108.594
1153	108.848875
1162	109.544625
1165	109.772
1170	110.1165
1178	110.826125
1185	112.845
1190	113.3755
1192	113.4650625
1197	114.0850625
1203	114.35375
1211	115.0564375
1216	115.2906875
1230	116.3378125
1235	116.7994375
1239	117.0405625
1245	118.4185625
1249	118.5908125
1253	118.93525
1256	119.1075
1261	119.410625
1266	119.7689375
1297	122.7455625
1301	122.9246875
1312	123.8065
1320	124.3300625
1328	125.0396875
1333	125.34975
1338	125.6804375
1346	126.293625
1350	126.541625
1359	127.333875
1362	127.62325
1371	128.43625
1375	128.615375
1383	130.9443125
1388	131.4196875
1392	131.5919375
1398	132.1293125
1402	132.3704375
1408	133.624375
1412	133.8585625
1418	134.2581875
1423	134.768
1427	135.00225
1436	137.4
1439	137.592875
1442	137.7995625
1452	138.7640625
1455	138.9569375
1462	139.6045625
1467	139.9421875
1470	140.100625
1474	140.24525
1481	140.80325
1490	142.3328125
1494	142.4568125
1504	143.2973125
1511	145.3575
1517	146.5976875
1520	146.804375
1525	147.1281875
1531	148.526875
1534	148.6990625
1537	148.9195
1544	149.4981875
1546	149.6153125
1554	151.82025
1557	152.0545
1561	152.41275
1565	152.771
1576	154.796625
1580	155.0101875
1584	155.3409375
1588	155.6923125
1592	156.0505625
1602	157.1735625
1610	158.482625
1615	158.9718125
1620	159.2335625
1624	159.619375
1630	160.31525
1634	160.5288125
1638	160.6459375
1647	161.7276875
1650	161.8999375
1654	163.677625
1658	163.8360625
1669	165.00725
1673	165.2759375
1684	166.812375
1691	167.10175
1695	167.267125
1702	168.01125
1706	168.314375
1738	171.614875
1743	171.9041875
1753	173.1098125
1758	173.399125
1768	174.6116875
1773	174.8114375
1784	176.29275
1788	176.471875
1799	177.436375
1804	177.6499375
1813	178.40775
1816	178.6075
1830	180.0405625
1835	180.2403125
1841	180.5434375
1846	180.9774375
1852	183.1548125
1855	183.3615
1859	183.6508125
1871	184.9943125
1883	186.372125
1887	186.565
1898	187.5295625
1904	188.0118125
1908	188.26675
1912	188.6043125
1920	190.058125
1924	190.244125
1927	190.430125
1933	190.91925
1942	191.6495
1947	191.9319375
1951	192.09725
1959	192.696625
1962	192.862
1966	192.992875
1975	193.8884375
1982	196.0106875
1986	196.2449375
1996	197.47825
2000	197.7538125
2009	198.5529375
2013	198.6700625
2020	200.0205
2024	200.2340625
2027	200.6199375
2031	200.936875
2037	203.121125
2041	203.5414375
2045	203.9065625
2053	204.5471875
2063	206.180125
2067	206.48325
2078	208.701875
2083	209.83875
2087	210.2315
2094	212.3399375
2098	212.498375
2111	213.504125
2114	213.6625625
2116	213.752125
2124	215.9224375
2129	216.21175
2132	216.45975
2137	217.658625
2141	217.83775
2146	218.072
2149	218.2855625
2156	220.456
2162	220.7935625
2171	221.6823125
2175	221.9371875
2179	222.3505
2188	223.4941875
2192	223.89375
2197	224.7411875
2201	224.947875
2205	225.333625
2211	226.877
2215	227.056125
2219	227.1800625
2227	227.9861875
2231	228.248
2237	228.675125
2241	228.8198125
2246	229.3916875
2252	231.4036875
2265	233.27775
2269	233.6704375
2277	234.9313125
2281	235.0553125
2289	235.7305
2294	236.1438125
2297	236.4469375
2300	236.605375
2304	236.8051875
2310	237.191
2322	239.6231875
2325	239.823
2337	240.732375
2343	242.1585625
2346	242.420375
2355	244.0394375
2359	244.3425625
2363	244.728375
2365	244.852375
2375	247.298375
2380	247.6359375
2384	247.918375
2388	248.056125
2394	248.710625
2400	249.144625
2405	249.3375
2409	249.6199375
2415	250.1228125
2424	250.8255625
2431	251.3078125
2436	251.6109375
2439	251.955375
2449	253.546875
2453	253.7190625
2457	254.0015
2464	255.4483125
2467	255.7445625
2477	257.6116875
2481	257.8665625
2488	258.32125
2492	258.624375
2497	259.106625
2502	259.609625
2505	259.775
