141	0.164625
145	0.34375
152	0.96375
157	1.404625
163	1.9420625
167	2.155625
170	2.341625
174	2.6171875
184	4.318875
188	4.4704375
194	4.973375
198	5.2765
207	5.917125
211	6.1169375
217	6.5578125
224	8.66625
226	8.85225
235	9.5755625
244	10.52625
252	11.2703125
255	11.4563125
261	11.725
267	12.3519375
271	12.5930625
277	13.1855625
282	13.4749375
286	13.619625
294	14.3154375
300	14.6185625
307	16.6994375
311	16.919875
317	17.4710625
328	19.1728125
332	19.5655625
339	21.674
343	21.8944375
350	22.52825
354	22.8589375
370	25.7733125
376	26.02825
380	26.2900625
382	26.4209375
387	26.855
390	27.034125
397	27.64725
400	27.8056875
404	28.039875
410	28.522125
417	30.024125
421	30.2376875
426	30.444375
431	30.837125
435	32.6216875
439	32.780125
449	33.848
453	34.14425
457	34.557625
469	36.211125
472	36.4109375
476	36.6589375
482	37.1411875
493	39.7456875
497	39.9936875
503	40.248625
511	40.916875
515	41.275125
519	41.7023125
529	43.36275
533	43.535
538	43.8036875
542	44.072375
546	44.2170625
552	44.844
557	45.381375
560	45.5811875
596	48.97125
598	49.0815
607	49.9770625
614	50.597125
620	50.8589375
629	51.6925625
639	52.5261875
644	52.9325625
657	55.5714375
659	55.785
667	56.51525
671	56.770125
675	57.0388125
682	57.6313125
684	57.72775
695	58.7060625
699	58.995375
705	59.49825
710	60.015
713	60.269875
723	61.3033125
727	61.4410625
732	61.985375
737	62.7225625
740	62.8948125
742	62.984375
746	63.33575
755	65.9885
763	67.5041875
768	67.724625
775	69.02
778	69.261125
782	69.6400625
784	69.729625
797	71.5760625
800	71.7620625
803	71.96875
805	72.0583125
814	72.864375
819	73.160625
826	73.8150625
833	74.448875
836	74.6004375
839	74.820875
845	77.0533125
849	77.21175
858	78.0178125
862	78.2795625
870	79.0028125
873	79.216375
879	79.512625
883	79.8226875
889	81.1386875
893	81.3178125
897	81.4349375
905	81.97225
908	82.1445
913	82.5303125
918	82.97125
922	83.274375
926	83.4328125
960	86.8986875
964	87.132875
973	88.049125
977	88.3109375
989	90.915375
991	91.025625
999	91.631875
1006	92.1210625
1012	92.4241875
1022	93.2509375
1024	93.333625
1030	93.740125
1039	94.518625
1042	94.684
1044	94.7804375
1052	96.3926875
1056	96.551125
1058	96.66825
1067	97.3020625
1073	97.6465
1078	98.9280625
1081	99.1554375
1086	99.596375
1094	100.60225
1097	100.7745
1103	101.0431875
1111	101.78725
1116	102.152375
1121	102.4624375
1132	103.213375
1144	104.93575
1148	105.108
1152	105.3146875
1159	105.921
1168	106.6375
1171	106.8510625
1177	107.298875
1181	107.6640625
1190	109.924125
1194	110.1445625
1201	110.50975
1210	111.3158125
1215	111.5569375
1218	111.729125
1231	112.7625
1241	114.4160625
1251	115.27025
1256	115.7663125
1263	117.8540625
1268	118.322625
1272	118.494875
1280	119.149375
1283	119.321625
1298	121.3679375
1302	121.774375
1306	121.9259375
1315	122.7526875
1318	122.911125
1320	123.0006875
1354	126.2529375
1359	126.459625
1365	127.0383125
1368	127.245
1375	127.9133125
1379	128.1958125
1384	128.6780625
1392	130.8278125
1394	130.9518125
1401	131.54425
1409	132.9635
1411	133.1219375
1418	133.6455
1425	135.1268125
1429	135.299
1431	135.40925
1435	135.8570625
1440	136.132625
1442	136.2910625
1448	136.9524375
1451	137.172875
1453	137.2624375
1460	138.0891875
1464	138.36475
1473	138.9848125
1476	139.14325
1480	139.260375
1485	139.83225
1492	140.32825
1499	141.7200625
1503	141.9405
1508	142.3194375
1511	142.4916875
1516	142.7948125
1522	143.0979375
1530	144.1106875
1533	144.393125
1544	146.7633125
1547	146.963125
1552	147.4315625
1558	147.865625
1562	148.0103125
1572	149.6844375
1577	150.2838125
1584	151.5998125
1588	151.799625
1592	152.1991875
1595	152.4334375
1604	153.0535
1607	153.356625
1613	155.334125
1616	155.5408125
1620	155.816375
1622	155.8990625
1636	157.2355625
1646	158.889125
1650	159.082
1653	159.268
1658	159.6055625
1673	161.0868125
1676	161.300375
1683	161.9410625
1686	162.1339375
1694	162.698875
1703	165.020875
1709	165.3515625
1720	166.43325
1728	167.9145625
1730	168.0454375
1734	168.4656875
1739	168.7894375
1743	168.9134375
1749	169.588625
1754	170.002
1760	170.4566875
1764	170.601375
1773	171.4488125
1782	172.2685625
1785	172.4339375
1789	172.6956875
1825	176.0650625
1828	176.437125
1833	176.67825
1841	177.2914375
1845	177.436125
1851	178.042375
1858	178.696875
1862	179.0826875
1873	180.9221875
1878	181.190875
1884	181.4458125
1886	181.6111875
1893	182.1554375
1903	183.6988125
1907	183.9055
1912	184.208625
1918	184.51175
1920	184.6701875
1927	185.173125
1931	187.1024375
1934	187.30225
1944	188.1358125
1947	188.3011875
1953	188.6043125
1959	188.879875
1961	188.9625625
1972	190.030375
1979	190.56775
1986	191.1740625
1990	191.2911875
1994	191.6908125
2006	193.358125
2010	193.53725
2014	193.8059375
2026	194.7841875
2035	195.5695625
2039	195.71425
2045	196.1551875
2051	198.38075
2056	198.5874375
2061	198.8974375
2069	199.53125
2075	200.06175
2078	200.227125
2082	200.544
2090	202.0115625
2094	202.225125
2099	202.4318125
2103	202.7831875
2107	203.1965625
2114	203.795875
2122	204.4434375
2129	206.43475
2132	206.68275
2136	207.103
2140	207.392375
2144	207.6059375
2152	208.4189375
2158	208.9976875
2166	209.6590625
2169	209.8795
2173	209.996625
2183	211.381375
2187	211.753375
2195	213.77225
2205	214.5575625
2208	214.771125
2218	217.044875
2225	218.374625
2227	218.49175
2233	219.0635625
2241	219.7386875
2247	220.214
2255	220.641125
2259	220.8065
2264	221.3783125
2274	222.211875
2284	223.713875
2288	223.9343125
2295	224.519875
2302	225.1330625
2306	225.4361875
2311	225.6704375
2314	225.83575
2318	226.1733125
2323	227.46175
2327	227.6753125
2332	227.9026875
2338	228.3160625
2343	228.6123125
2348	229.108375
2354	231.0928125
2361	232.271
2366	232.8841875
2373	234.992625
2378	235.4198125
2382	235.5506875
2387	236.1569375
2391	236.3911875
2397	236.94925
