141	0.164625
145	0.3161875
152	0.798375
161	1.618125
166	2.059
171	2.3689375
173	2.4860625
183	3.540125
186	3.7055
190	3.8156875
198	4.5321875
204	5.0626875
207	5.2280625
211	5.4278125
224	7.61875
230	8.8934375
239	10.6846875
244	11.063625
248	11.229
255	11.8008125
263	13.916125
265	14.136625
272	14.7428125
275	14.9219375
280	15.2319375
291	16.1481875
297	16.48575
301	16.8853125
308	17.4640625
315	18.697375
319	18.869625
328	19.64125
336	21.660125
340	21.8185625
346	22.4455625
349	22.6246875
354	22.8726875
359	23.437625
362	23.67875
366	24.064625
368	24.1541875
375	24.8569375
382	26.303875
385	26.4760625
388	26.68275
390	26.813625
397	28.9220625
401	29.280375
407	29.6936875
412	29.9693125
416	30.1346875
421	30.637625
425	30.9820625
430	31.319625
438	31.857
445	32.4563125
449	32.5734375
485	36.1701875
489	36.328625
494	36.8866875
503	37.41025
506	37.5686875
510	37.7065
521	38.6296875
528	39.2773125
533	39.5184375
535	39.608
544	40.6620625
547	40.917
554	41.847125
558	42.0124375
560	42.095125
566	42.7703125
569	42.9425625
573	43.101
580	43.872625
583	44.0793125
590	46.1739375
593	46.4564375
597	46.732
603	47.1384375
606	47.345125
612	48.661125
617	49.2605
624	51.341375
628	51.465375
635	52.0579375
639	52.44375
642	52.6159375
645	52.8639375
656	55.0894375
658	55.2134375
666	55.985
677	56.846125
686	57.7004375
689	57.907125
695	58.389375
704	60.1255625
709	60.3115625
713	60.5595625
718	60.8558125
729	61.675625
732	61.8340625
738	62.3645625
742	62.750375
748	64.13525
752	64.32125
766	65.526875
769	65.7955625
773	66.1745
775	66.2640625
810	69.6333125
813	70.0329375
818	70.2603125
831	73.2161875
835	73.5744375
842	74.0910625
847	74.5939375
849	74.690375
856	75.35175
859	75.517125
865	76.206
872	77.6873125
880	78.272875
884	78.6655625
886	78.7826875
898	80.071
901	80.2776875
903	80.36725
909	81.0906875
912	81.2629375
916	81.421375
922	82.771875
924	82.8683125
930	83.27475
937	83.8603125
941	84.073875
945	84.197875
950	84.73525
953	84.9350625
962	85.7410625
967	86.002875
976	86.7745625
979	86.9811875
984	87.4565625
998	90.3089375
1001	90.515625
1013	92.293125
1023	93.161125
1028	93.65725
1035	94.9663125
1039	95.3796875
1051	97.8394375
1055	98.094375
1066	99.1209375
1072	99.38275
1080	100.1819375
1084	100.4919375
1091	101.070625
1098	101.835375
1103	102.179875
1107	102.317625
1112	102.9170625
1121	105.1494375
1123	105.3699375
1129	105.9624375
1132	106.182875
1136	106.4378125
1141	106.8580625
1144	107.0303125
1148	107.25075
1155	107.8156875
1159	108.1325625
1166	108.5941875
1171	108.8421875
1175	108.9593125
1180	109.5311875
1188	110.9366875
1194	111.4878125
1200	112.204375
1204	112.3765625
1211	113.044875
1217	114.36775
1221	114.5813125
1224	114.96025
1229	115.3598125
1231	115.449375
1236	115.807625
1273	119.43875
1275	119.6523125
1282	120.272375
1287	120.596125
1291	120.706375
1300	121.61575
1303	121.788
1307	121.92575
1315	122.6698125
1322	124.151125
1325	124.337125
1336	125.1569375
1346	126.7001875
1350	126.858625
1352	126.97575
1356	127.4235625
1361	127.699125
1363	127.7818125
1367	128.1951875
1375	128.9943125
1384	129.6350625
1387	129.7935
1391	129.910625
1397	130.4480625
1400	130.6134375
1404	130.7511875
1409	131.3230625
1415	133.4108125
1419	133.56925
1424	134.1273125
1430	134.464875
1434	134.8506875
1447	136.903875
1451	137.076125
1455	137.3035
1461	137.9993125
1465	138.2541875
1473	138.970625
1476	139.198
1482	139.61825
1487	140.197
1490	140.383
1494	140.5414375
1502	142.7256875
1507	143.070125
1510	143.2905625
1514	143.676375
1516	143.7659375
1524	145.164625
1528	145.516
1535	147.5761875
1538	147.7759375
1541	147.982625
1543	148.1410625
1552	150.4975625
1556	150.7455625
1567	151.5654375
1571	151.8616875
1574	152.0339375
1578	152.426625
1582	152.5781875
1588	153.2120625
1593	153.7149375
1630	157.5596875
1635	157.793875
1641	158.20725
1643	158.2968125
1647	158.6413125
1653	159.33025
1659	160.64625
1665	161.0389375
1670	161.2663125
1676	161.5625625
1683	162.20325
1688	162.63725
1692	162.878375
1704	164.4630625
1710	164.910875
1717	165.4551875
1725	166.10275
1727	166.1991875
1733	168.30075
1737	168.617625
1740	168.783
1745	169.086125
1752	169.692375
1756	170.6983125
1760	170.8705
1764	171.111625
1769	171.5594375
1774	172.027875
1781	174.3154375
1787	174.6185625
1791	174.82525
1795	175.3144375
1798	175.51425
1803	175.879375
1813	177.48475
1817	177.6431875
1826	178.4148125
1834	180.6334375
1839	181.7703125
1844	182.3696875
1851	183.6856875
1855	183.9474375
1858	184.161
1862	184.4296875
1866	184.8981875
1869	185.0841875
1877	187.240875
1879	187.364875
1885	187.909125
1890	188.253625
1896	188.770375
1901	189.2113125
1905	189.3421875
1911	189.8658125
1917	190.3274375
1921	190.49275
1927	191.9258125
1933	192.201375
1942	193.0004375
1948	193.338
1952	193.6963125
1958	194.254375
1962	196.0389375
1966	196.3626875
1970	196.693375
1976	197.89225
1982	198.2505
1985	198.4985
1989	198.7809375
1993	199.1805
2003	200.737625
2008	201.206125
2012	201.330125
2017	201.874375
2024	203.1696875
2028	203.2936875
2035	203.87925
2038	204.0515
2044	204.774875
2050	205.1813125
2059	207.372375
2064	207.72375
2068	207.9924375
2072	208.1439375
2078	208.7501875
2083	208.956875
2088	209.4735625
2095	210.073
2098	210.3485625
2107	211.8780625
2111	212.091625
2116	212.2983125
2122	212.5945625
2128	212.9596875
2131	213.1456875
2136	213.54525
2142	214.04125
2147	214.234125
2153	214.4959375
2158	214.9230625
