141	0.164625
145	0.3575
154	1.3013125
162	2.031625
167	2.2520625
169	2.3485
180	3.754
182	3.878
193	5.228375
197	5.3868125
199	5.476375
204	5.944875
210	6.4684375
219	8.590625
225	10.02375
230	10.623125
237	11.939125
240	12.1665
244	12.407625
252	13.1654375
256	13.275625
263	13.875
266	14.10925
272	14.660375
275	14.8395
280	16.0176875
283	16.23125
287	16.45175
294	18.5395
297	18.77375
304	19.4213125
307	19.5728125
312	19.9655625
318	20.2549375
322	20.475375
327	21.07475
332	21.5431875
338	22.92125
342	23.0935
346	23.320875
353	23.8995625
360	24.51275
364	24.809
369	25.0431875
372	25.2154375
377	25.6631875
382	26.035125
393	26.8549375
397	27.0891875
401	27.413
405	27.8264375
418	29.0871875
454	32.69075
456	32.91125
463	33.524375
466	33.710375
468	33.8275
473	34.3510625
480	35.0400625
486	35.611875
490	35.92875
492	36.045875
501	36.872625
509	37.7545
515	38.057625
521	38.650125
531	41.11675
534	41.36475
543	42.784
547	43.1284375
554	45.2299375
558	45.4435
561	45.622625
565	45.9601875
572	46.649125
576	46.7938125
582	47.4000625
588	47.6825
596	48.612625
604	51.044875
606	51.265375
610	51.809625
617	52.3745625
623	52.8499375
627	53.022125
635	54.4276875
643	55.22
648	55.61275
650	55.7023125
656	56.294875
659	56.4878125
663	56.6325
669	57.9484375
673	58.106875
675	58.23775
681	58.7958125
686	59.1746875
691	59.8223125
696	60.0634375
698	60.159875
731	63.5016875
733	63.598125
741	64.411
747	65.038
753	65.279125
758	65.48575
763	65.8026875
771	68.0833125
773	68.2073125
780	68.9926875
785	70.21225
787	70.33625
797	71.3834375
802	72.6374375
805	72.8303125
814	73.760375
819	74.9799375
823	75.3450625
826	75.5104375
831	75.8135625
837	76.08225
842	76.2681875
849	76.7435625
853	76.88825
859	79.003625
862	79.251625
866	79.6925625
874	81.0774375
884	81.9730625
889	82.469125
896	84.5844375
898	84.798
908	85.721125
912	85.907125
915	86.08625
921	86.761375
926	87.0851875
931	87.42275
934	87.6294375
942	89.055625
950	89.5171875
956	90.10275
961	90.3783125
965	90.6263125
975	92.913875
979	93.093
987	93.775
990	93.961
994	94.0988125
1003	94.891125
1007	95.187375
1012	95.463
1016	95.6076875
1024	96.2966875
1028	96.6825
1036	97.392125
1041	97.7021875
1077	101.27125
1082	101.4710625
1088	101.8913125
1091	102.166875
1095	102.3390625
1099	102.6835625
1105	103.3449375
1108	103.5791875
1114	103.944375
1118	104.22
1128	105.7564375
1132	105.914875
1134	106.0044375
1142	106.693375
1150	107.7130625
1153	107.8784375
1159	108.1746875
1163	108.491625
1172	109.4906875
1175	109.6629375
1183	110.3863125
1185	110.475875
1189	110.9925625
1192	111.157875
1196	111.4403125
1200	111.6951875
1207	112.1429375
1214	112.508
1218	112.7835625
1226	113.4518125
1233	115.4155625
1235	115.5258125
1248	116.5660625
1256	117.310125
1259	117.558125
1265	118.088625
1270	118.3159375
1272	118.4055
1280	119.2805
1286	120.4931875
1290	120.8376875
1297	122.9254375
1300	123.145875
1306	123.5936875
1318	124.7855625
1321	125.006
1330	127.2315625
1333	127.43825
1343	128.5336875
1346	128.726625
1350	128.84375
1358	129.5878125
1364	130.1871875
1371	130.7728125
1375	130.8830625
1383	131.758
1385	131.8544375
1391	132.5020625
1400	134.24525
1404	134.4725625
1407	134.80325
1412	135.120125
1415	135.306125
1421	135.6711875
1423	135.76075
1429	136.436
1434	138.441125
1438	138.62025
1449	139.7776875
1456	140.3495
1460	140.64575
1466	141.231375
1470	141.3760625
1475	141.920375
1485	143.5876875
1489	143.7668125
1493	144.0768125
1500	144.696875
1506	144.92425
1511	145.2963125
1514	145.4823125
1524	146.5983125
1528	146.81875
1537	147.6385625
1544	148.21725
1551	148.6719375
1556	148.954375
1564	149.753625
1595	152.7026875
1599	152.923125
1603	153.3089375
1610	154.00475
1615	154.2251875
1618	154.431875
1629	155.4515
1640	157.9180625
1643	158.131625
1647	158.379625
1654	158.9306875
1659	159.2269375
1662	159.4405
1666	159.6885
1675	161.0319375
1679	161.2179375
1682	161.424625
1686	161.66575
1693	162.2789375
1698	162.5820625
1701	162.78875
1710	164.2080625
1714	164.593875
1722	166.61275
1727	166.915875
1730	167.1363125
1734	167.5221875
1736	167.680625
1743	168.2730625
1746	168.438375
1752	169.899
1755	170.085
1758	170.2916875
1760	170.450125
1767	171.0356875
1770	171.194125
1774	171.6281875
1779	173.6401875
1784	174.19825
1792	174.9215625
1800	175.6449375
1806	175.9480625
1815	177.6843125
1819	177.897875
1824	178.1045625
1829	178.4973125
1832	178.6833125
1844	181.3565625
1848	181.6045625
1857	182.3693125
1864	182.81025
1866	182.93425
1876	184.0296875
1882	184.6704375
1885	184.8495625
1894	185.531625
1901	186.8889375
1903	187.0129375
1911	187.7431875
1917	189.176375
1919	189.300375
1929	190.2648125
1936	190.9193125
1940	191.1673125
1948	191.711625
1958	192.5520625
1966	194.019625
1970	194.1780625
1972	194.3089375
1982	195.2804375
1990	196.017625
1993	196.2174375
1999	196.6376875
2006	197.2990625
2009	197.5333125
2015	197.9466875
2017	198.043125
2026	200.4615
2028	200.688875
2034	201.25375
2040	201.494875
2045	201.7015
2051	202.176875
2057	204.2095
2059	204.43
2067	205.3394375
2072	205.7528125
2077	207.854375
2084	208.5295625
2088	208.6810625
2095	209.3906875
2100	209.8523125
2111	211.602375
2115	211.726375
2119	212.270625
2126	213.035375
2132	213.2971875
2138	215.3918125
2148	216.1979375
2156	216.811
2160	216.928125
2167	217.5550625
2170	217.8030625
2174	218.0510625
2183	218.8364375
2187	219.03625
2191	219.1464375
2198	219.773375
2201	220.0489375
2210	220.8825
2216	222.205375
2219	222.439625
2225	223.0390625
2229	223.1630625
2239	224.83725
2241	224.9475
2255	225.9189375
2262	226.4700625
2265	226.745625
2269	227.152125
2273	227.2968125
2278	227.83425
2281	228.0478125
2283	228.137375
2297	229.088125
2305	230.404125
2309	230.5625625
2312	230.762375
2316	231.230875
2325	232.1540625
2329	232.5536875
2339	233.45625
2342	233.697375
2346	234.0763125
2348	234.165875
2357	236.33625
2360	236.536
2364	236.9080625
2366	236.997625
2375	237.913875
2383	239.4434375
2388	240.0428125
2395	242.1305625
2398	242.3785625
2402	242.7919375
2412	243.618625
2415	243.804625
2426	246.1955
2430	246.608875
2436	247.1738125
2440	247.4080625
2443	247.61475
2451	248.413875
2455	248.6274375
2464	249.454125
2470	250.10175
2474	250.329125
2477	250.522
2485	251.9965
2493	253.257375
2497	253.6431875
2502	254.0565625
2506	254.3183125
2511	256.2820625
2520	256.8194375
2524	257.163875
2527	257.398125
2533	257.804625
2537	258.1973125
2542	258.817375
2547	259.04475
2549	259.161875
2555	260.4158125
2559	260.6638125
2564	261.1185625
2570	261.5801875
2575	261.7799375
2581	262.10375
2586	262.54475
2590	262.8823125
2593	263.082125
2597	263.3576875
2599	263.44725
2606	263.8813125
