141	0.164625
145	0.3230625
150	0.9086875
154	1.0809375
160	1.6183125
166	1.955875
170	2.3416875
178	3.0995
186	3.8298125
189	4.0709375
191	4.1605
198	4.773625
204	5.29725
207	5.4695
214	7.6813125
216	7.83975
225	8.501125
233	9.0385
240	9.6930625
246	9.954875
254	10.6851875
260	10.93325
268	12.3318125
272	12.5040625
276	12.6969375
291	14.061
298	14.6809375
300	14.7705
309	15.583375
312	15.845125
316	16.106875
320	16.4444375
323	16.6166875
327	16.7681875
337	19.0695
342	19.469125
345	19.64825
348	19.9169375
352	20.2131875
357	20.6334375
361	20.9503125
366	21.3085625
371	21.535875
377	22.6658125
382	23.2651875
389	25.3529375
392	25.5665
396	25.86275
401	26.3518125
408	27.0889375
413	27.3783125
416	27.53675
423	29.707125
425	29.927625
430	30.3548125
438	30.98175
441	31.147125
445	31.3744375
453	31.9049375
460	32.4285625
466	32.7455
470	33.062375
479	33.951125
488	34.6263125
492	34.998375
495	35.2395
499	35.3773125
505	35.956
512	36.6311875
516	36.8309375
525	37.5474375
531	38.953
535	39.1665625
541	39.628125
546	40.1310625
549	40.2964375
552	40.49625
559	40.93025
593	44.1411875
597	44.2651875
608	45.526
611	45.69825
615	45.836
622	46.5043125
626	46.82125
628	46.9039375
636	47.5033125
646	49.156875
650	49.3290625
656	49.5770625
663	50.307375
667	50.5760625
669	50.665625
673	51.12725
683	53.387125
686	53.5593125
689	53.7866875
696	55.261125
701	55.4884375
704	55.695125
706	55.819125
710	56.24625
713	56.425375
721	57.789625
725	57.913625
735	58.767875
742	60.84875
747	61.145
752	61.68925
757	62.1715
760	62.3713125
762	62.46775
768	63.005125
775	64.458875
781	64.9410625
790	67.2285625
795	67.6281875
798	67.7935625
803	68.1035625
808	68.4480625
811	68.65475
820	70.9629375
826	71.41075
841	72.96775
845	73.3604375
848	73.532625
854	74.8073125
858	75.020875
865	75.4273125
869	75.7304375
873	76.0060625
878	76.4263125
881	76.5985625
885	76.7294375
891	79.00325
895	79.18925
901	79.664625
906	79.8713125
912	80.208875
915	80.512
919	80.815125
923	81.2491875
926	81.662625
929	81.84175
965	85.5004375
970	85.707125
978	86.520125
981	86.657875
986	87.16775
990	87.284875
997	87.88425
1005	89.5033125
1009	89.9098125
1013	90.10275
1022	92.57625
1024	92.6865
1033	93.389125
1039	94.2365625
1041	94.3468125
1052	95.6006875
1054	95.7246875
1061	96.758125
1065	96.9165625
1067	97.0336875
1074	97.68125
1077	97.8810625
1082	98.4460625
1087	98.86625
1092	99.2865
1096	99.6723125
1104	101.195
1110	101.6015
1117	102.0010625
1122	102.3386875
1124	102.4695625
1132	103.461625
1139	103.9231875
1144	104.157375
1146	104.2469375
1157	106.775625
1160	106.9891875
1164	107.14075
1171	107.850375
1177	108.5944375
1187	110.0619375
1191	110.440875
1199	111.646625
1204	111.874
1207	112.0738125
1209	112.17025
1223	114.2715
1227	114.6573125
1229	114.746875
1240	117.268625
1242	117.4821875
1248	118.157375
1251	118.3571875
1257	118.8395
1267	120.4103125
1271	120.6651875
1275	120.8305
1282	121.5884375
1285	121.74
1295	122.4978125
1299	122.773375
1306	123.37275
1311	123.62075
1315	123.7654375
1349	127.0659375
1354	127.272625
1364	128.00975
1368	128.182
1376	128.7606875
1380	129.0706875
1383	129.2704375
1389	131.282375
1392	131.47525
1398	131.9988125
1402	132.2813125
1406	132.6809375
1414	133.2526875
1419	133.673
1423	134.024375
1433	135.553875
1437	135.788125
1439	135.8776875
1452	137.1453125
1455	137.4001875
1459	137.7860625
1461	137.9445
1472	139.66
1475	139.8115625
1478	140.01825
1480	140.1078125
1486	140.6726875
1491	141.127375
1497	141.60275
1503	142.03675
1505	142.153875
1512	142.649875
1520	144.8271875
1527	145.4196875
1531	145.63325
1542	147.397
1547	148.0101875
1554	150.118625
1556	150.3321875
1563	151.3795
1565	151.510375
1571	152.4405
1575	152.6126875
1577	152.7229375
1584	153.3980625
1587	153.5840625
1589	153.7149375
1597	154.5555
1605	155.1893125
1612	155.644
1615	155.947125
1620	156.319125
1625	156.56025
1629	156.677375
1636	157.4215
1641	157.8693125
1648	159.9639375
1652	160.122375
1656	160.714875
1665	162.1685625
1669	162.3614375
1676	162.9815
1682	163.518875
1685	163.6635625
1691	164.256125
1722	167.1983125
1724	167.411875
1729	168.004375
1732	168.176625
1738	168.5969375
1745	170.0369375
1747	170.1609375
1752	170.60875
1757	170.9118125
1760	171.1185
1768	171.841875
1774	173.2819375
1776	173.4059375
1782	174.019125
1785	174.1845
1791	174.70125
1798	176.1619375
1802	176.32725
1804	176.4099375
1810	177.071375
1817	177.6431875
1820	177.85675
1827	178.41475
1832	178.6903125
1838	178.9728125
1849	179.896
1852	180.1164375
1856	180.268
1861	180.8398125
1867	181.2531875
1870	181.4185625
1874	181.577
1881	183.733625
1885	183.981625
1889	184.229625
1893	184.401875
1898	184.994375
1901	185.1735
1906	185.5179375
1910	185.834875
1919	187.385125
1929	188.253125
1934	188.74925
1941	190.0583125
1945	190.2305
1950	190.471625
1953	190.6989375
1961	191.5945
1965	191.7391875
1975	194.137
1983	194.8741875
1986	195.0464375
1991	195.3426875
1995	195.721625
1998	195.96275
2007	197.6715
2012	198.15375
2019	198.8771875
2022	199.0631875
2026	199.3180625
2032	199.6763125
2045	202.556375
2054	204.079
2058	204.3614375
2063	204.7196875
2068	205.236375
2075	205.656625
2082	207.076
2086	207.4343125
2091	207.847625
2096	209.8665
2100	210.0869375
2102	210.1765
2109	210.7139375
2112	210.9550625
2119	211.4235625
2122	211.6164375
2127	212.1261875
2129	212.208875
2139	213.1183125
2149	214.6616875
2153	214.827
2155	214.944125
2161	215.5435
2165	215.922375
2170	216.3495
2175	216.6181875
2177	216.7353125
2182	217.2658125
2191	219.484375
2197	219.7530625
2201	220.0493125
2204	220.4145
2214	222.109375
2219	222.58475
2221	222.695
2231	224.293375
2233	224.403625
2237	224.7411875
2243	226.0640625
2249	226.449875
2254	226.918375
2257	227.090625
2262	227.386875
2272	228.124
2275	228.2824375
2280	228.8266875
2283	228.9989375
2287	229.253875
2291	229.6465625
2297	231.906625
2301	232.20975
2305	232.437125
2312	232.96075
2316	233.1536875
2326	233.884
2334	234.64875
2337	234.8485625
2341	235.8545
2345	236.1300625
2352	236.5985
2358	236.881
2362	237.17725
2365	237.5424375
