141	0.164625
145	0.288625
151	0.93625
160	1.5906875
165	2.066
170	2.3690625
172	2.5275
182	3.250875
185	3.402375
188	3.609
195	4.270375
203	6.626875
205	6.7853125
215	7.922
220	8.2595
226	8.562625
230	8.8933125
236	9.5134375
240	9.8165625
245	10.1196875
250	10.5123125
253	10.7051875
261	11.4079375
263	11.504375
274	12.503375
279	12.689375
283	13.0683125
289	13.5091875
297	15.7071875
302	16.037875
305	16.2376875
307	16.334125
316	17.0574375
322	17.4294375
325	17.6016875
332	18.1459375
335	18.338875
337	18.4973125
343	18.958875
353	20.598625
358	21.2118125
365	23.292625
368	23.4855
371	23.740375
376	24.3604375
378	24.4775625
385	25.1389375
388	25.3249375
397	26.1654375
409	28.6251875
413	28.9420625
416	29.1074375
421	29.4105625
426	29.858375
430	30.0513125
436	30.547375
439	30.71275
470	33.689375
475	33.875375
481	34.3300625
485	34.4471875
490	34.9915
500	35.900875
505	36.2176875
507	36.300375
516	37.2373125
527	38.3740625
529	38.5049375
541	39.9449375
545	40.11025
547	40.227375
554	40.957625
561	41.501875
564	41.66725
568	41.805
576	42.5490625
585	44.67125
590	45.057125
597	45.67025
599	45.7666875
608	46.593375
614	47.9438125
619	48.343375
626	48.9633125
629	49.176875
643	51.9259375
645	52.1395
650	52.7044375
653	52.9455625
657	53.3314375
659	53.421
671	55.109
675	55.4534375
682	57.513625
684	57.734125
694	58.6021875
700	59.18775
709	61.2755
717	61.9506875
721	62.1986875
725	62.543125
728	62.777375
732	62.9220625
738	64.265625
740	64.389625
744	64.81675
749	65.1886875
753	65.298875
760	65.9395625
763	66.1118125
773	67.1453125
777	67.482875
784	67.8893125
786	67.978875
792	69.2190625
803	70.335125
811	70.92075
818	71.4856875
821	71.7750625
826	72.236625
861	75.702375
865	75.8815
870	76.2604375
876	76.8253125
880	77.094
884	77.2386875
891	77.9138125
900	79.3813125
912	80.3939375
915	80.5799375
917	80.6970625
923	81.2344375
926	81.43425
930	81.8614375
939	84.12825
942	84.3625
946	84.6174375
954	85.21675
961	86.5878125
969	87.249125
973	87.4075625
980	88.0965
983	88.26875
990	89.605375
992	89.729375
998	90.3011875
1001	90.4734375
1005	90.728375
1009	91.1141875
1014	91.7065625
1025	92.450625
1027	92.5333125
1033	93.1878125
1044	94.8550625
1046	94.9653125
1054	95.55775
1060	96.915125
1064	97.3146875
1069	97.7486875
1075	98.251625
1088	99.5745
1093	99.8431875
1100	100.477
1106	100.77325
1116	103.2261875
1119	103.426
1124	103.8944375
1133	104.9760625
1136	105.18275
1143	105.754625
1146	105.99575
1154	106.719125
1158	106.8638125
1163	107.4080625
1174	108.91
1178	109.2683125
1185	111.3491875
1188	111.6523125
1191	111.8245
1195	112.272375
1198	112.5341875
1203	112.7821875
1208	113.1404375
1243	116.4615625
1245	116.6820625
1251	117.433
1256	117.8669375
1266	118.8038125
1271	119.2999375
1275	119.644375
1279	120.0370625
1286	120.726
1290	120.843125
1296	123.048
1300	123.296
1310	124.15725
1317	124.756625
1319	124.8530625
1323	125.2458125
1331	125.879625
1338	126.2929375
1340	126.375625
1347	126.8854375
1350	127.0576875
1354	127.229875
1362	128.6836875
1366	128.8559375
1370	128.9730625
1380	129.8616875
1391	130.7435
1395	130.908875
1406	132.149
1411	132.5209375
1417	133.00325
1428	133.802375
1432	134.1055
1435	134.257
1438	134.484375
1447	136.8890625
1451	137.0130625
1457	137.646875
1460	137.8466875
1465	138.1635625
1472	138.756
1480	140.947125
1484	141.1675625
1491	141.8220625
1502	142.74525
1504	142.8416875
1514	143.9439375
1519	144.32975
1529	145.9488125
1533	146.2933125
1540	148.3741875
1545	148.6773125
1548	148.89775
1552	149.3593125
1564	151.0748125
1567	151.247
1570	151.488125
1610	155.3328125
1615	155.7255
1619	156.0010625
1629	156.80025
1632	156.9725
1636	157.2274375
1644	158.0335625
1650	158.6054375
1657	159.246125
1665	160.7274375
1672	161.4095
1676	161.664375
1681	162.1879375
1686	162.4565625
1691	162.72525
1696	163.1730625
1698	163.3039375
1709	164.172
1713	164.4406875
1725	167.0658125
1727	167.1898125
1738	168.271375
1743	168.733
1752	169.49775
1755	169.6561875
1759	169.8559375
1769	171.6128125
1773	171.826375
1778	172.0330625
1784	172.294875
1791	172.9769375
1797	173.4454375
1804	173.9896875
1807	174.1550625
1811	174.3135
1822	175.154
1825	175.34
1827	175.4295625
1836	176.1598125
1845	178.1993125
1850	178.536875
1861	179.6804375
1869	180.9894375
1873	181.368375
1879	181.7816875
1882	181.9676875
1886	182.0848125
1895	183.6005625
1898	183.821
1902	184.1448125
1905	184.3928125
1910	184.9095625
1923	187.286625
1931	187.8860625
1936	188.395875
1940	188.6783125
1944	188.905625
1948	189.1123125
1955	189.608375
1958	189.8495
1967	191.46175
1971	191.888875
1975	192.1024375
1979	192.3298125
1987	194.50025
1991	194.62425
1995	194.9618125
2002	195.4440625
2008	195.7403125
2011	196.05725
2016	196.45675
2020	196.684125
2027	197.2973125
2030	197.559125
2036	198.04825
2044	199.371125
2047	199.5295625
2053	199.8189375
2058	200.1703125
2063	200.4183125
2067	200.57675
2079	202.2440625
2087	203.063875
2091	203.41525
2094	203.6219375
2104	204.9860625
2108	205.199625
2112	205.5509375
2116	205.9229375
2121	206.3776875
2129	206.99775
2132	207.1975625
2137	209.237125
2142	209.423125
2146	209.7606875
2149	209.9398125
2155	210.38075
2160	210.608125
2162	210.7045625
2173	211.538125
2176	211.8275
2181	212.4406875
2195	215.134625
2204	215.864875
2208	216.0095625
2214	216.6985
2221	218.0145
2224	218.2763125
2229	218.8550625
2233	218.99975
2241	221.1425625
2247	221.4939375
2254	222.120875
2259	222.362
2264	222.713375
2268	222.9131875
2274	224.298
2282	224.8491875
