141	0.164625
145	0.3230625
158	1.7285
163	2.169375
166	2.3278125
170	2.4449375
175	3.023625
178	3.1889375
180	3.271625
187	3.864125
195	6.220625
197	6.3790625
210	7.5089375
222	8.9764375
224	9.0866875
235	10.368125
239	10.5334375
241	10.623
246	11.256875
251	11.51175
258	12.111125
261	12.35225
275	13.681875
278	13.84725
282	13.985
289	15.4111875
293	15.6040625
297	16.003625
301	16.375625
304	16.541
309	16.8028125
313	17.078375
318	17.4710625
323	17.8224375
331	20.09625
343	21.8325
348	22.0666875
351	22.273375
353	22.3629375
359	22.9485625
362	23.1208125
369	24.37475
374	24.9810625
381	27.0619375
384	27.2755
390	27.826625
393	28.0264375
397	28.1641875
404	28.791125
408	29.0805
413	29.4663125
422	31.1819375
426	31.6021875
429	31.774375
433	31.925875
440	32.532125
447	33.2141875
481	36.390625
485	36.514625
491	37.1553125
507	38.333375
515	39.0636875
520	39.297875
522	39.408125
527	39.9179375
530	40.0901875
536	40.606875
540	40.79975
542	40.930625
546	41.4611875
549	41.661
554	43.8590625
556	43.9693125
564	44.7478125
573	46.167125
575	46.3255625
583	47.0765
588	47.43475
592	47.565625
599	48.2890625
605	49.6256875
609	49.7979375
613	49.9150625
619	50.5764375
622	50.734875
624	50.852
629	51.33425
637	51.9956875
640	52.2023125
642	52.3194375
653	53.2150625
658	53.6009375
662	53.7525
668	54.2140625
677	55.0200625
682	55.4540625
691	56.2738125
695	56.5080625
704	57.321
713	59.6223125
720	61.09675
727	62.44025
734	63.9009375
745	65.5269375
749	65.91275
757	67.931625
761	68.055625
772	69.3576875
775	69.5575
783	70.2878125
786	70.5289375
792	71.0731875
796	71.217875
801	71.686375
804	71.85175
808	71.9895
819	73.257125
822	73.43625
857	76.79875
860	77.033
864	77.32925
875	78.4108125
878	78.686375
882	78.8448125
887	79.4234375
894	81.6765625
900	82.138125
911	83.2196875
918	83.8328125
920	83.92925
929	84.8938125
937	86.3681875
941	86.5473125
945	86.685125
954	87.54625
957	87.711625
961	87.849375
969	88.5245625
973	88.800125
980	89.5028125
984	89.7508125
993	91.962625
995	92.1761875
1001	92.789375
1005	92.9685
1008	93.1751875
1015	93.7883125
1019	93.9536875
1023	94.3601875
1027	94.518625
1032	95.062875
1040	96.330625
1045	96.9369375
1052	98.2529375
1057	98.6938125
1062	98.97625
1067	99.4309375
1071	99.603125
1079	101.7735625
1089	102.6278125
1093	102.91025
1099	103.4131875
1102	103.5509375
1107	103.9918125
1112	104.3845
1116	104.687625
1118	104.763375
1122	105.11475
1129	106.6305
1133	106.809625
1137	106.9474375
1142	107.4504375
1145	107.6226875
1149	107.843125
1157	108.4080625
1162	108.855875
1169	109.448375
1173	109.6550625
1180	110.1716875
1185	110.6331875
1224	114.4640625
1228	114.6431875
1237	115.44925
1244	115.9039375
1255	116.7719375
1262	117.522875
1267	117.770875
1271	117.96375
1278	118.659625
1283	119.8860625
1287	120.0031875
1294	120.6025625
1301	121.36725
1305	121.6496875
1309	122.056125
1313	122.2008125
1322	124.598625
1324	124.722625
1330	125.30825
1337	126.7483125
1339	126.8723125
1346	127.616375
1353	129.0908125
1357	129.24925
1359	129.4076875
1364	129.8830625
1367	130.02775
1369	130.144875
1374	130.6409375
1381	131.1300625
1387	131.5985625
1390	131.8328125
1394	131.9774375
1407	134.4578125
1409	134.5818125
1414	135.08475
1418	135.4705625
1423	135.904625
1428	136.166375
1430	136.2835
1439	136.9035625
1442	137.1929375
1454	138.915375
1458	139.0600625
1468	139.9625625
1475	142.015875
1480	142.312125
1483	142.546375
1487	142.7944375
1493	143.2973125
1500	145.46775
1502	145.59175
1507	146.1153125
1512	146.597625
1518	147.0385
1522	147.2106875
1529	147.8031875
1536	148.4508125
1540	148.8435
1544	149.2155
1577	152.5159375
1579	152.6261875
1590	153.6526875
1597	154.7
1599	154.81025
1609	156.18825
1613	156.3535625
1615	156.443125
1621	157.0425625
1624	157.2148125
1630	157.77975
1633	158.0001875
1637	158.144875
1644	158.765
1649	159.316125
1653	159.55725
1661	160.108375
1667	160.5630625
1672	160.8593125
1676	161.059125
1685	161.823875
1689	162.1545625
1698	162.995
1707	165.1515625
1712	165.372
1718	165.7578125
1720	165.847375
1734	167.2115
1739	167.72825
1745	168.2311875
1757	169.044125
1761	169.230125
1763	169.3196875
1770	170.0224375
1774	170.3875625
1780	170.856
1784	171.0075
1788	171.5379375
1794	172.226875
1797	172.406
1807	174.8381875
1812	175.1619375
1817	175.368625
1826	176.9395
1834	177.70425
1838	177.8489375
1845	178.7101875
1848	178.8824375
1852	179.040875
1858	179.5300625
1862	179.7643125
1871	180.5428125
1873	180.632375
1884	181.838
1888	182.0515625
1892	182.19625
1900	184.277125
1905	184.662875
1910	185.1175625
1915	186.3578125
1919	186.7091875
1926	188.0045
1929	188.245625
1934	188.61075
1939	188.851875
1944	189.161875
1947	189.3754375
1950	189.678625
1954	190.092
1961	191.9730625
1965	192.2899375
1968	192.4553125
1971	192.61375
1975	192.9030625
1981	193.4059375
1984	193.5850625
1988	193.7228125
1995	194.34975
2003	194.9078125
2015	196.7404375
2024	198.325
2030	198.573
2034	198.8348125
2036	198.9656875
2040	199.3928125
2045	199.5995
2051	199.9301875
2055	200.3090625
2060	200.6810625
2065	201.0116875
2069	201.1495
2079	203.4784375
2082	203.8505
2087	204.2156875
2091	204.498125
2095	204.7461875
2101	205.1113125
2106	205.6763125
2109	205.8416875
2113	206.013875
2120	206.5995
2128	208.067
2130	208.17725
2140	209.0176875
2146	209.6170625
2149	209.830625
2157	210.3818125
2164	210.94675
2168	212.0766875
2172	212.2695625
2179	212.9723125
2182	213.2134375
2188	213.5096875
2191	213.7645625
2196	214.1159375
2202	216.07275
2204	216.29325
2210	216.8650625
2216	217.09925
2221	217.3128125
2227	217.788125
2233	219.0283125
2235	219.1523125
2243	220.0341875
2248	220.4475625
