141	0.164625
145	0.3575
154	1.1566875
163	1.845625
168	2.3071875
171	2.52075
173	2.6103125
182	3.4094375
189	4.1259375
194	4.4565625
198	4.5805625
204	6.70275
208	7.061
215	7.6120625
218	7.7774375
222	7.935875
233	9.389625
235	9.499875
240	9.982125
250	10.6916875
257	12.0420625
263	12.4554375
268	12.7379375
272	12.882625
280	13.7575625
284	14.0469375
289	14.3431875
300	15.3420625
303	15.5074375
307	15.776125
311	16.072375
319	18.380625
323	18.6010625
330	19.234875
339	20.013375
344	20.419875
351	21.7083125
355	22.0596875
362	24.1405
366	24.2645
373	24.8500625
376	25.0223125
383	25.71125
389	26.26925
392	26.5035
394	26.5930625
403	28.184625
407	28.5704375
409	28.653125
445	32.105125
449	32.3393125
460	33.503625
464	33.7654375
471	34.4336875
477	36.590375
484	37.2035
488	37.320625
494	37.9958125
502	39.5529375
505	39.759625
513	40.4829375
519	41.0755
524	41.55775
526	41.674875
533	42.267375
536	42.4465
542	42.935625
547	43.36275
552	43.5763125
556	43.8243125
564	45.2435625
568	45.41575
572	45.5535625
578	46.201125
582	46.4629375
584	46.607625
594	47.4136875
597	47.606625
603	47.902875
607	48.2129375
617	50.5969375
620	50.8794375
624	51.155
627	51.341
629	51.4305625
635	52.0506875
638	52.2298125
642	52.505375
646	52.8154375
655	54.2691875
660	54.8755
667	56.956375
673	57.5695625
677	57.7555625
684	58.4445625
688	58.7131875
693	59.043875
700	60.4769375
704	60.793875
707	61.041875
711	61.338125
714	61.6068125
717	61.8548125
724	62.4955
756	65.479
758	65.6925625
767	66.6019375
770	66.7673125
774	66.9188125
783	68.5930625
785	68.7170625
799	69.902
805	70.4325
810	70.673625
812	70.7700625
823	71.5898125
831	73.071125
840	73.8495
842	73.9390625
849	75.3033125
855	75.8063125
859	75.951
864	77.1705625
871	77.6321875
875	77.7975625
884	79.423625
888	79.6785
892	79.97475
896	80.140125
904	80.8015
911	81.4008125
920	83.6745
925	83.9638125
928	84.163625
930	84.2600625
942	85.279625
949	86.609375
953	86.9538125
960	89.014
963	89.21375
966	89.4686875
971	90.081875
973	90.199
982	90.936125
987	92.9688125
993	93.5475625
999	93.8300625
1006	94.4294375
1010	94.5465625
1015	95.008125
1021	95.476625
1024	95.759125
1028	95.9795625
1035	96.620375
1038	96.7788125
1073	100.0930625
1077	100.2170625
1086	100.9473125
1091	101.5329375
1095	101.7878125
1102	102.3389375
1107	102.5869375
1111	102.7040625
1121	103.585875
1126	105.6185625
1129	105.832125
1135	106.1765625
1137	106.266125
1143	106.996375
1149	107.5336875
1152	107.7059375
1158	108.3466875
1166	108.9736875
1169	109.12525
1172	109.3250625
1180	110.8821875
1182	111.0061875
1192	112.0120625
1204	113.114375
1212	113.741375
1215	113.8929375
1217	113.989375
1223	115.3605
1226	115.5603125
1235	116.3663125
1242	116.9105
1250	117.544375
1253	117.7028125
1255	117.792375
1264	119.2874375
1268	119.45275
1270	119.5354375
1279	120.2795
1283	120.665375
1287	120.927125
1291	121.058
1304	123.9174375
1307	124.11725
1312	124.5856875
1316	124.98525
1324	125.6880625
1328	125.839625
1334	126.2736875
1341	126.879875
1344	127.04525
1349	127.35525
1357	128.691875
1361	129.0501875
1368	130.3661875
1372	130.5590625
1375	130.752
1380	131.2135625
1384	131.613125
1388	131.9575625
1393	132.5294375
1398	132.88075
1402	133.0460625
1408	133.5283125
1444	136.8150625
1448	136.9390625
1456	137.531625
1462	138.0138125
1467	138.2480625
1469	138.337625
1480	139.536375
1484	139.722375
1486	139.8119375
1493	140.3699375
1500	140.983125
1505	141.320625
1509	141.4721875
1518	142.223125
1530	144.8826875
1540	145.681875
1543	145.916125
1547	146.322625
1551	146.4673125
1556	147.00475
1559	147.2665625
1571	149.03725
1575	149.38175
1582	150.69775
1586	150.8630625
1588	150.952625
1597	151.7793125
1602	152.151375
1605	152.385625
1609	152.7714375
1611	152.861
1618	155.148625
1622	155.3070625
1627	155.851375
1631	156.1131875
1634	156.271625
1638	156.4094375
1648	157.3050625
1655	158.6830625
1659	159.068875
1666	159.558
1670	159.909375
1679	160.5569375
1682	160.7498125
1690	162.28625
1694	162.4585
1698	162.651375
1711	163.6295625
1718	164.0841875
1723	164.3735625
1732	165.0900625
1736	165.4414375
1740	165.841
1747	166.5093125
1751	166.6815625
1763	167.549625
1768	168.217875
1771	168.38325
1775	168.521
1784	170.147
1786	170.277875
1794	171.1803125
1802	171.759
1804	171.8485625
1811	172.48925
1814	172.654625
1820	173.3160625
1827	174.060125
1831	174.23925
1833	174.3288125
1843	176.106375
1849	176.7195
1859	179.0828125
1863	179.2068125
1871	179.8681875
1875	180.136875
1878	180.3573125
1882	180.4881875
1890	181.8730625
1894	182.2450625
1897	182.458625
1901	182.6790625
1911	184.3533125
1915	184.5255625
1919	184.663375
1928	185.4693125
1932	185.744875
1940	186.2064375
1944	186.42
1953	187.2329375
1958	187.577375
1966	188.3076875
1969	188.5556875
1971	188.64525
1976	189.1895625
1979	189.3549375
1983	189.4926875
1993	190.42275
1998	190.815375
2009	193.22
2013	193.619625
2019	194.033
2024	194.322375
2033	195.0595
2040	196.60975
2044	196.8233125
2049	197.0850625
2051	197.174625
2057	197.5535
2063	198.938375
2071	199.675625
2073	199.7720625
2083	200.605625
2087	200.950125
2093	201.2808125
2097	201.6735
2102	202.1144375
2106	202.37625
2114	203.2718125
2118	203.4440625
2124	203.891875
2129	204.126125
2133	204.4154375
2142	205.125
2147	205.38675
2150	205.5865625
2157	207.8465625
2162	208.0325625
2166	208.2874375
2176	208.9488125
2187	209.8375
2190	210.0510625
2192	210.1613125
2200	210.8916875
2206	211.51175
2210	211.704625
2212	211.82175
2220	212.4486875
2228	213.1651875
2231	213.385625
2248	216.417125
2253	216.6444375
2257	216.789125
2262	217.3540625
2268	218.573625
2272	218.9111875
2280	220.1789375
2286	220.50275
2289	220.737
2292	220.9023125
2297	222.115
2305	223.3895625
2310	223.672
2314	223.84425
2318	224.1129375
2323	224.519375
2327	224.691625
