141	0.164625
145	0.3230625
151	1.0465
155	1.453
159	1.6734375
163	1.818125
169	2.1970625
173	2.5553125
177	2.8998125
181	3.2786875
190	4.9115625
196	7.02
198	7.144
208	7.991375
216	9.40375
218	9.514
224	9.96875
231	11.3466875
235	11.505125
237	11.636
247	12.6005
251	12.8829375
255	13.1585
262	13.7440625
267	14.19875
276	14.97725
283	15.5076875
286	15.6591875
289	15.9416875
301	16.8028125
304	17.078375
311	17.746625
315	18.0221875
319	18.401125
325	18.842
330	19.2760625
334	19.66875
337	19.834125
343	20.29575
352	22.5901875
356	22.8244375
361	23.217125
364	23.368625
369	23.761375
374	24.057625
379	24.42275
387	26.0419375
391	26.1935
398	26.758375
405	28.846125
411	29.2525625
414	29.417875
417	29.590125
419	29.6796875
425	31.1610625
430	31.512375
435	31.9256875
439	32.1875
442	32.44925
444	32.5595
452	34.812625
455	35.1846875
459	35.5085
463	35.7840625
472	36.3971875
477	36.6865625
482	37.086125
487	37.7199375
490	37.878375
494	38.0230625
527	41.3786875
529	41.59225
537	42.3569375
540	42.5223125
544	42.6669375
549	43.11475
553	43.42475
555	43.5143125
566	44.58225
569	44.747625
573	44.9680625
581	45.67075
584	45.8154375
586	45.9325625
592	46.490625
598	47.792875
601	48.027125
605	48.495625
612	49.10875
618	50.528125
620	50.659
627	51.2239375
630	51.4030625
640	52.987625
644	53.1460625
646	53.2769375
652	53.7454375
661	54.6135
665	54.978625
668	55.1990625
672	55.336875
680	56.15675
687	56.8111875
693	58.7886875
696	59.0229375
700	59.3123125
703	59.5120625
709	60.139
713	60.428375
715	60.5110625
723	61.5238125
733	63.067125
737	63.411625
744	65.4925
747	65.7611875
751	66.085
753	66.215875
760	66.81525
766	67.3113125
770	67.4973125
772	67.6144375
776	68.0415625
779	68.241375
787	70.46
791	70.584
798	71.25225
801	71.4245
805	71.56225
811	72.2305
816	72.5405625
823	73.091625
827	73.387875
831	73.6634375
836	74.1181875
842	74.559125
845	74.731375
849	74.9380625
854	75.558125
859	75.8475
866	76.48125
870	76.8808125
879	77.500875
882	77.7075625
917	81.2146875
921	81.46275
931	82.2343125
939	82.9025
946	83.3709375
959	85.238125
964	85.4999375
966	85.5895
973	86.0855
980	86.8984375
983	87.1326875
985	87.2429375
995	88.6209375
1000	88.88275
1002	88.9723125
1009	89.59925
1016	90.2468125
1021	90.818625
1024	91.0115625
1030	92.9753125
1032	93.1958125
1038	93.939875
1041	94.181
1045	94.594375
1053	96.0550625
1057	96.4478125
1064	98.5355625
1068	98.7284375
1070	98.818
1079	99.4724375
1082	99.73425
1086	100.1131875
1089	100.257875
1100	102.68325
1104	102.9450625
1108	103.255125
1117	104.1783125
1122	104.467625
1126	104.6880625
1134	105.3906875
1138	105.66625
1147	106.4585625
1153	107.216375
1158	107.6090625
1162	107.7261875
1169	109.235125
1172	109.455625
1178	109.9585625
1187	111.515625
1191	111.6740625
1193	111.7911875
1199	112.2183125
1203	112.5489375
1242	116.0835625
1246	116.3246875
1256	117.22025
1259	117.3786875
1263	117.4958125
1268	118.067625
1272	118.5636875
1276	118.8255
1278	118.9150625
1285	119.55575
1294	121.0509375
1298	121.3126875
1304	121.7949375
1309	122.24275
1315	122.663
1324	123.4553125
1329	123.73775
1331	123.854875
1336	124.33025
1341	124.902125
1345	125.08125
1347	125.1776875
1353	125.7839375
1357	126.3764375
1360	126.6106875
1364	126.7415625
1376	129.1461875
1378	129.35975
1385	129.972875
1388	130.214
1392	130.5929375
1394	130.7100625
1401	131.8951875
1405	132.2535
1412	134.334375
1416	134.5548125
1423	135.188625
1427	135.5813125
1431	135.980875
1435	136.3184375
1439	136.5595625
1444	137.0625
1448	137.289875
1453	137.7445625
1461	139.853
1465	140.0045625
1472	140.638375
1475	140.810625
1479	141.0655625
1485	141.5960625
1491	142.1403125
1495	142.415875
1504	143.1736875
1507	143.4355
1516	144.1933125
1519	144.38625
1523	144.530875
1529	145.846875
1533	146.0190625
1537	146.170625
1547	147.3141875
1550	147.4795625
1554	147.65175
1560	148.1615625
1566	148.61625
1573	149.11225
1579	149.6840625
1584	151.041375
1587	151.2480625
1591	151.51675
1595	151.79925
1600	152.9705625
1603	153.1634375
1614	155.5749375
1618	155.953875
1623	156.4016875
1627	156.6635
1631	157.0561875
1636	157.373125
1638	157.4626875
1679	161.321125
1681	161.541625
1687	162.079
1692	162.4165
1696	162.533625
1701	163.0503125
1709	163.8770625
1717	164.6005
1720	164.8209375
1730	165.6889375
1734	165.8543125
1743	167.4596875
1751	168.0108125
1753	168.100375
1758	168.63775
1762	168.872
1771	169.595375
1773	169.7125
1778	170.19475
1781	170.3394375
1783	170.4565625
1791	170.9388125
1798	173.1850625
1803	173.5433125
1806	173.7775625
1811	174.066875
1815	174.32175
1823	175.82375
1827	176.223375
1834	178.30425
1839	178.5935625
1842	178.807125
1847	179.117125
1850	179.3169375
1856	180.481375
1860	180.853375
1867	182.293375
1871	182.6791875
1878	184.08475
1882	184.45675
1888	185.0975
1891	185.262875
1895	185.400625
1903	187.770875
1907	187.9913125
1913	188.611375
1917	188.8525
1925	190.2166875
1929	190.437125
1935	191.8150625
1938	192.0355625
1942	192.3938125
1948	193.758
1952	194.0198125
1954	194.11625
1959	194.7225
1969	196.8791875
1975	197.5336875
1979	197.8299375
1987	199.28375
1992	199.8900625
1999	201.2060625
2002	201.4403125
2008	202.0259375
2013	202.3084375
2020	202.88025
2025	203.34875
2033	203.8103125
2037	203.955
2044	204.6784375
2052	205.2158125
2056	205.3329375
2061	205.9874375
2065	206.318125
2073	207.0621875
2079	207.3515625
2086	209.47375
2088	209.69425
2093	210.211
2096	210.4108125
2104	211.892125
2106	212.00925
2113	212.6430625
2121	213.394
2124	213.648875
2130	214.076
2136	215.557375
2141	215.90875
2145	216.1774375
2149	216.453
2158	217.1350625
2165	217.7826875
2169	218.0306875
2175	218.6300625
2180	220.7385
2184	221.103625
2189	221.68925
2192	221.8821875
2196	222.0130625
2204	222.8466875
2208	223.0878125
2214	223.6251875
2222	225.0100625
2227	225.2994375
2231	225.409625
2235	225.761
2240	226.4293125
2248	226.973625
2252	227.221625
2258	227.6005625
2264	229.033625
2266	229.157625
2273	229.8534375
2277	230.1565625
2281	230.528625
2287	230.9625625
2291	231.2725625
2296	231.575625
2302	231.87875
2307	232.2094375
2311	233.2084375
2315	233.3806875
2320	233.649375
2324	233.90425
2329	234.2969375
2334	234.5725
2339	234.86875
2343	235.1443125
2347	235.52325
2354	236.2121875
2360	236.5221875
2367	238.740875
2375	239.168
2379	239.3333125
2387	240.11875
2393	240.3805625
2397	240.8215
2401	241.05575
2409	241.5655
