141	0.164625
145	0.412625
154	1.067125
162	1.5769375
166	1.921375
168	2.0178125
178	2.631
184	3.1821875
190	3.74025
194	3.8849375
201	4.5394375
205	4.8425625
210	5.1388125
221	7.37125
225	7.7295
233	8.280625
242	9.1349375
250	10.5541875
258	11.01575
260	11.0915
267	11.82175
273	12.118
279	13.5924375
282	13.806
286	14.178
294	15.44575
298	15.5904375
304	16.03825
309	16.22425
314	16.6926875
320	18.808
325	19.0835625
329	19.19375
336	19.793125
339	20.027375
347	20.6956875
352	20.9436875
356	21.1710625
366	22.748875
370	22.99
379	23.7823125
386	25.167125
391	25.7734375
398	27.8543125
404	28.398625
407	28.646625
411	28.9153125
416	29.35625
422	30.0245
426	30.2380625
434	31.6505
437	31.88475
444	32.29125
448	32.6839375
482	35.970625
487	36.1704375
494	36.6251875
496	36.7560625
502	37.3555
505	37.52775
509	37.6999375
517	38.4026875
522	38.8505
526	39.077875
535	39.8356875
539	40.262875
550	41.26875
553	41.4271875
557	41.5443125
568	43.5286875
572	43.8938125
577	44.1349375
579	44.2245
583	44.7480625
587	44.9409375
589	45.099375
598	45.9123125
604	46.718375
613	48.2135625
617	48.5718125
622	48.8129375
624	48.909375
634	49.715375
646	50.6729375
650	50.9071875
655	51.348125
665	54.0353125
669	54.242
674	54.607125
677	54.7655625
688	55.5715625
692	55.84025
696	55.99175
702	57.43175
706	57.55575
714	58.4306875
718	58.713125
724	60.8146875
735	61.7515625
740	62.013375
743	62.247625
750	62.8125625
752	62.909
758	63.597875
761	63.770125
772	65.3065
776	65.6854375
784	67.7043125
791	68.2485625
794	68.4483125
797	68.655
799	68.7445625
805	69.426625
808	69.6401875
843	73.1266875
845	73.2506875
854	74.0015625
863	74.800625
866	75.034875
870	75.16575
880	75.85475
886	76.454125
894	76.88125
898	77.0190625
906	77.9078125
912	78.2385
919	78.8171875
928	80.3329375
932	80.505125
936	80.636
943	81.20775
950	81.8209375
954	82.089625
961	84.177375
975	85.451875
978	85.70675
982	86.0925625
984	86.182125
992	87.6359375
996	87.8288125
1007	89.1309375
1012	89.3789375
1016	89.5304375
1023	90.315875
1030	92.3760625
1033	92.5758125
1036	92.7825
1038	92.8720625
1047	95.4145
1051	95.6280625
1060	96.482375
1066	97.0610625
1069	97.2333125
1078	97.9773125
1081	98.1426875
1085	98.2529375
1093	98.9900625
1099	99.4929375
1103	99.81675
1111	100.540125
1119	101.3463125
1123	101.553
1129	102.7863125
1133	102.9585625
1137	103.1239375
1144	103.7923125
1153	104.5639375
1157	104.6948125
1164	105.507875
1167	105.687
1173	106.114125
1211	109.972625
1213	110.082875
1220	110.6615
1224	111.1161875
1227	111.3504375
1232	111.8533125
1241	112.583625
1249	113.0314375
1251	113.127875
1258	113.720375
1262	113.91325
1264	114.0028125
1271	114.6573125
1274	114.905375
1278	115.0638125
1288	115.8148125
1292	116.0559375
1298	116.6070625
1301	116.7793125
1308	118.8739375
1313	119.38375
1316	119.6524375
1320	119.8315625
1327	121.188875
1330	121.4506875
1337	123.566
1339	123.7589375
1344	123.98625
1350	124.5029375
1354	124.8749375
1362	127.0590625
1367	127.334625
1375	127.9546875
1379	128.223375
1382	128.4645
1390	129.38075
1396	129.7803125
1403	130.365875
1406	130.517375
1409	130.717125
1415	131.95725
1419	132.150125
1423	132.5496875
1427	132.9216875
1430	133.0870625
1435	133.424625
1439	133.6864375
1447	135.8981875
1452	136.242625
1457	136.945375
1460	137.1865
1462	137.2760625
1476	139.0810625
1479	139.342875
1486	140.658875
1490	141.0446875
1492	141.13425
1530	144.8411875
1532	144.9651875
1544	146.170875
1552	146.8459375
1557	147.1696875
1561	147.2936875
1566	147.8793125
1573	148.5683125
1579	149.174625
1587	149.60175
1591	149.7464375
1599	150.6351875
1605	150.9314375
1608	151.138125
1617	152.13025
1620	152.4885
1627	153.149875
1634	155.334125
1639	155.6234375
1642	155.843875
1646	156.016125
1652	156.4915
1659	157.06325
1662	157.2768125
1671	158.9441875
1676	159.5505
1683	161.631375
1688	162.0585
1692	162.223875
1697	162.6234375
1704	164.7180625
1708	164.9523125
1718	165.903
1724	166.4335
1734	167.26025
1736	167.4186875
1741	167.811375
1750	169.4443125
1753	169.651
1763	170.560375
1768	170.8359375
1770	170.9255
1775	171.3595625
1782	172.25525
1785	172.4481875
1789	172.6755625
1793	173.0200625
1802	173.6125625
1806	173.950125
1815	174.701
1819	174.8594375
1824	175.4036875
1835	176.451
1838	176.616375
1842	176.7816875
1848	178.035625
1852	178.2423125
1855	178.5868125
1860	179.1725
1863	179.3309375
1869	181.2878125
1873	181.5495625
1876	181.7218125
1879	181.94225
1883	182.0938125
1888	182.5416875
1897	184.00925
1901	184.3675625
1907	186.4484375
1912	186.6344375
1918	186.9306875
1922	187.2820625
1928	187.5783125
1932	187.8263125
1941	188.6254375
1945	188.901
1952	190.2583125
1956	190.4374375
1962	190.69925
1967	191.1815
1978	192.0701875
1983	192.2975625
1985	192.38025
1992	192.9245625
1998	193.2276875
2005	193.806375
2008	194.0199375
2012	194.3093125
2016	194.447125
2025	196.85875
2030	197.3134375
2033	197.4788125
2037	197.6716875
2046	198.6775
2055	199.5385625
2057	199.628125
2063	200.1930625
2071	201.6399375
2075	201.83975
2080	202.218625
2084	202.514875
2091	204.5475625
2095	204.7266875
2101	205.353625
2114	206.628125
2121	207.2894375
2127	207.73725
2134	208.3090625
2138	208.6053125
2142	208.743125
2147	209.2805
2150	209.6111875
2156	210.19675
2162	210.499875
2171	212.174125
2173	212.305
2178	212.78725
2181	212.9595
2190	213.765625
2193	213.9240625
2197	214.0549375
2206	214.8335
2210	215.12975
2214	215.5155625
2216	215.674
2226	217.3206875
2230	217.492875
2232	217.5755625
2243	218.68475
2247	218.9603125
2251	219.33925
2253	219.4288125
