141	0.164625
145	0.3230625
155	1.0533125
164	1.666375
167	1.873
169	1.9556875
177	4.2639375
183	4.704875
190	5.2146875
194	5.483375
197	5.6418125
201	5.793375
210	6.723375
215	7.2194375
221	7.5088125
225	7.7636875
237	8.7350625
241	9.0381875
248	9.5549375
251	9.7685
253	9.8580625
260	11.2566875
264	11.4289375
268	11.5460625
276	12.4693125
284	13.0273125
288	13.302875
291	13.4958125
295	13.6335625
300	14.171
307	16.1829375
312	16.4791875
315	16.8236875
319	17.0855
326	17.802
329	18.0224375
332	18.2084375
338	19.428
341	19.744875
349	22.01175
354	22.314875
358	22.4595625
364	23.13475
367	23.389625
372	23.761625
381	24.53325
386	24.7674375
388	24.850125
397	27.172125
401	27.4683125
408	28.0676875
413	28.5499375
422	30.0105625
426	30.272375
434	30.906125
443	33.12475
447	33.24875
458	34.316625
461	34.5370625
465	34.688625
472	35.08825
474	35.205375
482	35.7151875
485	35.9425625
491	36.4799375
495	36.67975
502	37.954375
504	38.078375
514	38.8913125
517	39.0773125
521	39.228875
529	39.738625
533	40.034875
537	40.3104375
542	40.7651875
550	41.4885
584	44.720125
588	44.981875
594	45.533
597	45.698375
601	45.836125
609	47.386375
613	47.6756875
626	49.591
630	49.839
635	50.1145625
638	50.32125
646	51.830125
650	52.0505625
660	52.84975
664	53.201125
670	53.6558125
674	53.979625
676	54.0623125
681	54.510125
685	54.7719375
690	55.24725
697	55.722625
704	57.8999375
706	58.1204375
713	58.7886875
716	58.995375
718	59.0849375
727	60.6558125
730	60.9245
737	63.0053125
741	63.391125
744	63.542625
756	66.04375
760	66.3813125
765	66.829125
769	67.10475
773	67.4974375
778	68.0141875
781	68.1864375
787	68.6618125
801	69.874375
804	70.0535
817	71.03175
820	71.210875
830	72.850625
839	73.6084375
842	73.766875
845	74.1526875
850	76.1578125
854	76.3369375
859	76.777875
869	77.90775
877	78.514
881	78.755125
886	79.127125
891	79.375125
895	79.5955625
904	80.39475
909	81.6211875
913	81.83475
923	82.509875
926	82.682125
930	82.9576875
935	83.495125
940	83.9084375
974	87.3605
978	87.6429375
987	88.2560625
993	88.821
997	89.0896875
1003	89.7373125
1009	91.7079375
1013	91.9835
1018	92.3141875
1020	92.40375
1029	93.2166875
1037	94.52575
1041	94.8909375
1048	96.2000625
1052	96.365375
1054	96.5238125
1063	97.2403125
1070	98.549375
1074	98.7905
1079	99.27275
1083	99.6791875
1091	100.4095
1094	100.5748125
1106	102.95875
1110	103.3239375
1116	103.888875
1122	104.4055625
1133	105.6870625
1145	106.8100625
1157	108.132875
1161	108.3050625
1165	108.4221875
1170	108.9665
1183	110.2340625
1186	110.447625
1191	110.8403125
1196	111.2398125
1200	111.5980625
1211	112.6314375
1214	112.803625
1218	112.941375
1224	115.277125
1226	115.5045
1235	116.241625
1241	116.475875
1246	116.6755625
1254	118.92175
1256	119.1353125
1260	119.6038125
1264	120.0171875
1267	120.2031875
1269	120.3340625
1276	121.0161875
1283	122.64225
1285	122.76625
1293	123.4345625
1301	124.13725
1308	124.764125
1311	124.9225625
1315	125.0603125
1326	126.934375
1328	127.044625
1337	127.7266875
1342	127.995375
1346	128.2226875
1351	128.6498125
1355	128.863375
1362	129.359375
1369	130.826875
1373	131.14375
1376	131.309125
1379	131.5089375
1388	132.2116875
1391	132.3839375
1395	132.5216875
1400	133.0798125
1406	133.7343125
1409	133.899625
1413	134.2165
1420	134.8503125
1425	135.346375
1462	139.218625
1467	139.4941875
1474	140.05225
1477	140.3485
1483	140.7825625
1489	141.382
1493	141.6575625
1499	142.0709375
1504	142.3326875
1507	142.5669375
1511	142.690875
1516	143.2006875
1519	143.359125
1521	143.4418125
1533	145.405375
1537	145.749875
1543	146.0185625
1548	146.3974375
1553	146.84525
1559	147.2655
1566	147.93375
1574	149.428875
1579	149.9938125
1585	150.221125
1590	150.703375
1594	150.875625
1603	151.605875
1611	152.1363125
1618	153.58325
1622	153.7348125
1628	154.2721875
1634	154.527125
1642	155.2711875
1644	155.36075
1652	156.0841875
1658	156.697375
1664	157.193375
1668	157.331125
1677	159.5635625
1682	159.908
1685	160.1284375
1689	160.51425
1691	160.6038125
1704	162.546625
1709	163.146
1716	165.226875
1719	165.41975
1722	165.6264375
1724	165.784875
1739	168.1341875
1743	168.292625
1745	168.40975
1758	169.6566875
1762	170.0286875
1765	170.235375
1769	170.4489375
1774	170.7934375
1777	170.9794375
1780	171.1516875
1785	173.0671875
1799	175.2513125
1803	175.6646875
1810	176.9186875
1814	177.2425
1816	177.3665
1821	177.82125
1825	178.110625
1829	179.1234375
1833	179.3783125
1837	179.529875
1843	180.1430625
1848	180.577125
1852	180.8458125
1860	183.01625
1864	183.2366875
1876	184.538875
1879	184.711125
1883	184.8764375
1889	185.32425
1897	186.219875
1905	186.984625
1908	187.3084375
1910	187.4255625
1914	187.859625
1922	188.5348125
1927	188.858625
1965	192.606875
1968	192.848
1973	193.3578125
1978	193.6471875
1986	194.3085
1991	194.8528125
1998	197.126625
2002	197.2850625
2007	197.6984375
2010	197.9258125
2014	198.249625
2023	199.6275625
2027	199.779125
2033	200.4198125
2036	200.6471875
2040	200.9571875
2050	202.4935625
2054	202.6864375
2062	203.526875
2065	203.7266875
2070	204.0986875
2079	204.8909375
2083	205.2009375
2086	205.4765
2090	205.6418125
2102	207.343625
2107	207.750125
2110	207.9154375
2113	208.122125
2122	208.67325
2125	208.9075
2129	209.0314375
2136	209.7548125
2140	210.0716875
2152	211.118875
2158	213.158375
2162	213.4476875
2169	213.9230625
2174	214.4053125
2179	214.8738125
2184	215.1563125
2188	215.487
2192	215.790125
2197	216.3068125
2200	216.568625
2204	216.8235
2211	218.8974375
2213	219.0834375
2219	219.6415
2222	219.8619375
2226	219.99975
2236	220.9918125
2239	221.2329375
2243	221.61875
2245	221.7083125
2254	223.2723125
2258	223.630625
2265	225.7115
2269	225.94575
2274	226.3385
2279	226.63475
2286	227.0756875
2291	227.3375
2296	227.5855
2303	228.198625
2309	230.224375
2312	230.4930625
2318	230.8719375
2321	231.0510625
2326	231.492
2329	231.6849375
2333	231.829625
2342	232.621875
2345	232.869875
2350	233.37275
2354	233.669
2364	235.2605625
2368	235.474125
2373	235.7634375
2376	236.0596875
2382	236.438625
2385	236.610875
2391	237.0518125
2394	237.251625
2398	237.55475
2403	238.7743125
2411	239.546
2415	239.68375
2421	240.3520625
2429	240.9789375
2433	241.2820625
2437	241.4198125
2444	242.04675
2452	242.76325
2456	242.9630625
2460	243.087
2467	243.775875
2471	244.072125
2476	246.0083125
2479	246.208125
2486	246.842
2490	247.01425
2496	247.5240625
2507	248.3576875
2511	249.3705
2515	249.4945
2523	250.376375
2529	250.7139375
2533	251.0721875
2540	251.81625
2544	252.091875
2553	252.8565625
2556	253.008125
2558	253.1045625
2570	254.172375
2573	254.5030625
2581	256.122125
2585	256.294375
2589	256.48725
2598	257.3276875
2601	257.486125
2603	257.5756875
2611	258.299125
2617	258.939875
2621	259.2085625
2625	259.4910625
2630	260.0284375
2637	260.5588125
2642	261.0824375
2645	261.2546875
2654	263.7351875
2659	263.941875
2666	264.4655625
2677	265.35425
2680	265.5540625
2685	266.0845625
2692	266.5668125
2696	266.6839375
2703	267.3384375
2706	267.5244375
2710	267.72425
