141	0.164625
145	0.288625
152	0.95
160	1.5561875
166	2.128
171	2.369125
173	2.4586875
181	3.285375
185	3.4851875
187	3.6023125
196	4.470375
199	4.6633125
203	4.7735
208	5.345375
214	7.44
218	7.5984375
225	8.23225
228	8.397625
232	8.659375
239	9.29325
245	10.6574375
247	10.7883125
252	11.31875
258	11.931875
262	12.111
264	12.228125
274	13.0685625
283	13.9710625
288	14.2121875
291	14.418875
300	15.335125
309	17.0231875
314	17.4365
317	17.60875
321	17.7740625
328	19.2071875
332	19.3863125
336	19.5034375
343	20.192375
347	20.4955
350	20.6815
357	21.370375
361	21.6115
367	21.8733125
371	22.272875
379	24.346875
383	24.594875
387	24.842875
389	24.9255625
397	26.379375
401	26.689375
406	27.047625
412	29.1009375
415	29.3765
419	29.6934375
424	31.795
427	32.02925
431	32.318625
433	32.4081875
443	33.3726875
448	33.6138125
451	33.7653125
463	34.7435625
468	34.9846875
472	35.15
481	36.7484375
485	36.920625
488	37.1893125
493	37.644
497	39.649125
501	39.8695625
506	41.2269375
508	41.3509375
512	41.805625
515	41.98475
521	43.349
525	43.64525
531	43.98975
536	44.2653125
540	44.5615
544	44.8921875
553	45.6636875
559	46.1321875
563	46.2699375
573	48.1026875
576	48.3438125
583	48.9914375
586	49.1291875
591	49.5219375
599	50.0041875
601	50.086875
608	50.7758125
614	51.0789375
617	51.2925
624	52.0503125
631	52.511875
636	52.821875
670	56.06725
675	56.2670625
680	56.542625
684	56.900875
687	57.073125
689	57.1626875
695	57.8171875
704	58.8988125
707	59.09175
711	59.2019375
719	59.9390625
727	61.3376875
731	61.5099375
735	61.6408125
741	62.254
749	62.8464375
751	62.942875
757	63.4458125
760	63.6249375
768	64.451625
776	65.0855
779	65.2439375
781	65.3335
787	67.4075
791	67.5659375
803	69.48825
805	69.605375
814	70.535375
819	70.866
823	70.983125
828	71.5273125
834	72.926
838	73.236
840	73.3944375
848	74.207375
852	74.7654375
856	74.9583125
859	75.1305
868	75.8194375
877	76.618625
881	76.866625
892	79.2781875
900	79.974
907	80.6766875
909	80.759375
917	81.61375
920	81.8066875
925	82.1098125
934	83.6325
938	83.7909375
950	84.7209375
957	86.0369375
964	86.787875
966	86.91875
1003	90.425875
1007	90.605
1015	91.3283125
1018	91.4936875
1022	91.7623125
1029	92.3754375
1033	92.63725
1035	92.754375
1041	93.2710625
1047	93.9324375
1050	94.090875
1052	94.1804375
1056	94.6558125
1060	94.917625
1067	95.44125
1072	95.68925
1077	96.3438125
1081	96.5780625
1087	96.90875
1092	97.322125
1094	97.4116875
1101	99.6028125
1105	100.023125
1108	100.26425
1111	100.5466875
1124	102.3655
1128	102.5239375
1140	103.4539375
1147	104.7699375
1151	104.976625
1154	105.3625
1158	105.6311875
1162	105.8791875
1168	106.27875
1184	109.13125
1186	109.2415
1192	109.9373125
1198	111.2739375
1200	111.3979375
1206	112.038625
1216	113.5888125
1218	113.7196875
1228	114.4981875
1233	114.766875
1235	114.8564375
1240	115.297375
1249	116.9646875
1252	117.171375
1259	117.805125
1264	118.2529375
1267	118.4871875
1271	118.6180625
1278	120.0305
1282	120.1958125
1284	120.3129375
1290	120.767625
1295	121.015625
1301	121.4496875
1309	122.1730625
1312	122.3315
1316	122.4830625
1322	123.7990625
1326	123.950625
1332	124.481125
1336	124.736
1341	125.1700625
1344	125.3423125
1349	125.6385625
1360	126.2724375
1364	126.5204375
1375	129.04225
1377	129.16625
1384	129.620875
1387	129.793125
1397	130.50275
1401	130.743875
1408	131.295
1417	132.741875
1421	132.921
1425	133.0656875
1430	133.486
1433	133.651375
1437	133.8098125
1443	134.4023125
1449	134.9189375
1453	135.2220625
1456	135.4080625
1489	138.619
1492	138.8325625
1496	139.053
1504	139.6799375
1512	140.258625
1515	140.424
1519	140.56175
1526	141.2644375
1535	142.8698125
1540	143.0765
1545	143.393375
1551	143.841125
1554	143.978875
1558	144.3923125
1563	144.723
1568	145.01925
1579	147.465125
1582	147.6786875
1589	148.3125
1597	149.1185625
1601	149.3251875
1609	149.9451875
1616	151.2543125
1621	151.860625
1628	153.9415
1632	154.196375
1635	154.4099375
1639	154.678625
1643	155.0506875
1648	155.3400625
1652	155.8360625
1659	156.4698125
1663	156.7040625
1667	157.1311875
1673	157.6754375
1676	157.833875
1682	158.3781875
1686	158.784625
1695	159.5906875
1702	161.7335625
1706	161.9126875
1713	162.4363125
1720	163.1459375
1725	164.4688125
1734	166.0465
1738	166.1980625
1742	166.5563125
1747	166.825
1754	168.21675
1758	168.395875
1762	168.513
1769	169.188125
1772	169.42925
1776	169.5808125
1787	170.4213125
1791	170.7244375
1795	171.1309375
1799	171.3583125
1804	171.751
1811	172.4330625
1814	172.5708125
1846	175.726625
1849	176.078
1853	176.2295625
1860	176.890875
1868	177.524625
1872	177.76575
1880	178.461625
1884	178.6820625
1889	179.081625
1898	181.4380625
1900	181.6240625
1907	182.5473125
1913	182.933125
1917	183.0846875
1927	184.69
1930	184.9518125
1938	185.5443125
1948	186.38475
1952	186.749875
1960	187.28725
1962	187.404375
1968	188.69275
1970	188.823625
1981	190.0911875
1988	190.7180625
1991	190.911
1995	191.0349375
2004	191.717
2009	192.0820625
2012	192.3783125
2018	192.647
2024	193.2601875
2028	193.4599375
2034	193.7148125
2043	195.837
2050	197.0151875
2055	197.628375
2062	198.9374375
2065	199.302625
2070	199.550625
2073	199.784875
2077	199.9501875
2083	200.44625
2091	202.04475
2093	202.16875
2100	203.6018125
2103	203.8429375
2110	204.4009375
2116	205.7169375
2120	205.9098125
2127	206.5505
2138	207.4666875
2143	207.6940625
2145	207.783625
2152	208.4725625
2155	208.7136875
2157	208.80325
2163	209.416375
