141	0.164625
143	0.385125
152	0.9775625
155	1.1635625
159	1.30825
170	3.1754375
172	3.2994375
180	3.988375
186	4.4844375
190	4.7875625
194	5.1665
200	5.6349375
205	6.11025
217	7.874
223	8.425125
226	8.576625
232	9.1140625
235	9.279375
239	9.4446875
246	11.5806875
250	11.945875
254	12.23525
256	12.3248125
265	13.179125
270	13.516625
274	13.63375
280	14.0678125
287	15.4940625
291	15.66625
295	15.8866875
301	16.5274375
305	16.8856875
308	17.2301875
312	17.5746875
315	17.78825
319	18.7941875
322	19.0284375
332	20.1375625
340	21.59825
342	21.7085
349	22.2320625
353	22.4663125
360	22.9830625
364	23.5204375
369	23.982
371	24.09225
377	25.380625
381	25.5390625
383	25.6561875
391	26.283125
395	26.5586875
399	26.83425
404	27.26825
411	27.8538125
414	28.0605
424	30.5134375
426	30.706375
429	31.0095
433	31.40225
438	31.80875
445	32.993875
449	33.386625
456	35.4675
458	35.7155625
463	36.2046875
472	36.9555625
485	39.29125
489	39.876875
496	40.4555625
500	40.8620625
504	41.0205
512	41.8885625
516	42.226125
520	42.605
527	44.051875
531	44.444625
535	44.796
537	44.90625
544	45.5125625
551	46.2496875
555	46.580375
562	47.2555625
566	47.393375
573	48.047875
610	51.692875
614	51.9478125
625	52.91225
629	53.2566875
633	53.6631875
640	54.2970625
645	54.6208125
649	54.9515625
659	55.8471875
663	56.0951875
673	57.6866875
677	57.9346875
681	58.14825
687	58.7545
693	60.78025
699	61.0489375
703	61.3451875
706	61.7034375
715	62.55775
718	62.7161875
722	62.9641875
730	64.40425
734	64.74875
741	66.06475
746	66.540125
748	66.650375
755	67.222125
761	67.71125
771	69.881625
775	70.0400625
781	70.543
785	70.8116875
794	71.67275
796	71.7623125
802	72.465
808	72.988625
815	74.2563125
820	74.5594375
828	75.2621875
832	75.524
834	75.6135625
840	76.31625
846	76.7778125
848	76.87425
855	77.8939375
857	78.0248125
862	78.8585
866	79.0169375
868	79.161625
874	79.6783125
877	79.96075
881	80.1260625
890	82.303375
893	82.6685625
897	82.81325
904	83.481625
911	83.901875
915	84.0534375
927	85.9068125
932	86.513125
938	88.594
947	90.1716875
951	90.440375
963	91.542625
967	91.8113125
973	92.2384375
979	93.53375
983	93.7335625
987	94.133125
991	94.49825
996	94.9323125
999	95.1045625
1002	95.263
1006	95.517875
1011	95.8416875
1047	99.25925
1051	99.4108125
1060	100.141125
1066	100.66475
1069	100.8231875
1073	101.0229375
1078	101.4225625
1082	101.7876875
1089	102.4215625
1098	103.1518125
1101	103.31025
1108	103.9440625
1113	104.219625
1130	107.409625
1132	107.5680625
1146	108.9735
1149	109.20775
1151	109.2973125
1163	110.9576875
1167	111.3435
1169	111.4330625
1178	113.0039375
1182	113.1555
1188	113.7273125
1195	115.7875
1198	116.0355
1202	116.45575
1205	116.696875
1207	116.814
1214	117.496
1220	117.94375
1224	118.09525
1232	120.348375
1234	120.458625
1245	121.23025
1251	122.4841875
1253	122.6081875
1260	123.235125
1268	124.7646875
1270	124.8749375
1275	125.2951875
1280	125.7360625
1283	125.9014375
1289	126.5490625
1299	128.2921875
1303	128.44375
1309	128.981125
1315	129.3669375
1320	129.6493125
1325	130.09025
1330	130.33825
1334	130.4966875
1343	131.323375
1346	131.48875
1355	132.274125
1359	132.5565625
1363	132.928625
1371	133.41775
1374	133.6244375
1409	137.007625
1413	137.145375
1420	137.8550625
1423	138.054875
1430	138.571625
1434	138.861
1441	139.412125
1444	139.5705625
1449	140.0665625
1459	141.603
1463	141.782125
1468	142.0439375
1472	142.326375
1476	142.464125
1484	144.669
1487	144.8688125
1500	145.964125
1508	146.8390625
1513	147.1215625
1520	147.7554375
1532	148.8578125
1538	149.36075
1541	149.5674375
1543	149.657
1550	150.973
1560	151.82725
1565	152.3233125
1572	154.4041875
1576	154.79
1578	154.8726875
1588	155.6443125
1590	155.733875
1597	157.807875
1601	157.931875
1607	158.5175
1610	158.682875
1614	158.8550625
1619	159.296
1627	159.8885
1633	161.197625
1637	161.4111875
1641	161.7419375
1645	162.0450625
1654	162.7821875
1660	163.2093125
1664	163.4573125
1668	163.788
1673	164.2909375
1676	164.5183125
1683	166.0271875
1687	166.185625
1693	166.7574375
1698	167.246625
1703	167.5910625
1707	167.818375
1712	168.2110625
1718	168.714
1723	168.9895625
1727	169.32025
1733	171.5045
1737	171.869625
1740	172.041875
1744	172.283
1750	172.524125
1755	172.7651875
1760	173.1648125
1764	173.2819375
1771	174.722
1775	175.0803125
1781	176.3963125
1785	176.609875
1795	177.3401875
1798	177.54
1801	177.7398125
1834	181.123
1839	181.3985625
1847	182.1219375
1851	182.2735
1857	182.8315625
1860	182.99
1864	183.4171875
1867	183.6514375
1871	183.761625
1877	184.3816875
1881	184.5608125
1889	185.1670625
1893	185.380625
1896	185.566625
1900	185.973125
1904	186.1935625
1912	188.446625
1916	188.8118125
1927	189.852125
1931	190.231
1938	190.87175
1951	192.5596875
1955	192.6836875
1962	193.345125
1968	193.6069375
1972	194.171875
1977	194.468125
1984	195.0330625
1989	195.51525
1992	195.694375
1998	195.9975
2002	196.286875
2009	197.850875
2013	198.271125
2018	198.5604375
2023	198.7878125
2028	199.1529375
2031	199.35275
2035	199.6076875
2047	201.9640625
2053	202.2671875
2056	202.4945625
2058	202.584125
2067	203.47975
2074	204.044625
2081	204.747375
2087	205.34675
2096	206.8763125
2100	207.2483125
2108	209.2671875
2112	209.4049375
2119	210.031875
2123	210.3143125
2129	210.7345625
2137	211.5269375
2141	211.72675
2145	211.8645625
2152	212.498375
2156	212.8290625
2163	213.4078125
2170	215.3853125
2174	215.674625
2181	216.156875
2192	217.080125
2197	217.4108125
2206	218.8025
2210	218.97475
2213	219.2365625
2218	219.808375
2222	220.042625
2228	220.4766875
2232	220.648875
2239	222.0268125
2243	222.392
2248	222.8811875
2255	224.2523125
2262	225.41675
2268	225.8025625
2273	227.1254375
2278	227.51125
2283	228.723875
2285	228.85475
2290	229.2956875
2298	231.624625
2300	231.748625
2314	233.057625
2322	233.7189375
2328	233.94625
2333	234.139125
2344	235.3585625
2347	235.558375
2353	236.9295
2357	237.0535
2363	237.63225
2366	237.797625
2370	237.935375
2377	238.589875
2381	238.8585625
2386	239.1479375
2390	239.5061875
2394	239.788625
2399	241.8833125
2401	242.0141875
2412	242.9579375
2420	243.52975
2424	243.764
2434	245.4726875
2438	245.693125
2441	245.8446875
2445	246.189125
2449	246.5818125
2454	246.96075
2458	247.195
2463	247.6015
2467	247.9459375
2475	249.3790625
2479	249.55125
2483	249.6959375
2493	250.5434375
2496	250.7156875
2500	250.887875
2508	251.6456875
2514	252.17625
2517	252.3691875
2520	252.5551875
2524	252.83075
2531	253.540375
2533	253.6299375
2538	254.2430625
2541	254.4153125
2550	255.2834375
2555	255.5314375
2558	255.85525
2571	257.1021875
2579	257.7566875
2585	258.0185
2590	258.445625
2598	260.5953125
2602	260.97425
2606	261.22225
2611	261.6494375
2618	262.1248125
2628	262.930875
2631	263.068625
2636	263.42
2640	263.599125
