141	0.164625
145	0.3230625
152	0.757
161	1.5768125
166	2.0245625
171	2.327625
173	2.4171875
179	2.9339375
182	3.092375
186	3.1956875
196	4.09125
203	5.545
209	5.93075
216	6.605875
219	6.8745625
225	8.156125
238	9.4099375
248	11.731875
250	11.952375
255	12.538
259	12.8686875
263	13.2545
271	13.9020625
274	14.1225
278	14.239625
285	14.845875
289	15.1351875
293	15.417625
301	16.023875
305	16.2994375
309	16.5405625
313	16.8711875
317	17.1260625
323	17.4223125
329	17.9390625
335	18.2215
339	18.4213125
343	18.6693125
347	19.055125
354	19.70275
358	20.0954375
363	20.5500625
367	20.9840625
372	21.4731875
376	21.7143125
382	23.8365625
384	23.9605625
390	24.456625
395	24.94575
398	25.111125
402	25.2695625
410	26.0343125
419	26.7439375
422	26.9575
430	27.680875
436	28.101125
440	28.2458125
446	28.8934375
481	32.304125
485	32.48325
490	32.9035625
493	33.0689375
497	33.23425
509	34.929125
511	35.0255625
518	35.6525
522	36.1140625
527	36.3483125
529	36.437875
535	37.12
542	38.56
548	39.1525
553	39.4211875
555	39.51075
567	40.523375
571	40.77825
577	42.87975
594	45.2635625
598	45.415125
605	46.1660625
612	48.2745
617	49.411375
621	49.535375
627	50.0314375
634	52.05025
637	52.243125
640	52.4498125
642	52.54625
647	53.021625
652	53.6555
657	53.9104375
661	54.3238125
669	54.9163125
672	55.0954375
675	55.4054375
680	55.681
686	57.7480625
692	58.003
696	58.2648125
698	58.3956875
705	58.802125
714	59.656375
717	59.8148125
721	60.014625
727	61.2479375
731	61.406375
733	61.5235
739	62.04025
744	62.5018125
747	62.6740625
780	66.0226875
782	66.23625
790	67.2973125
792	67.4144375
800	68.48925
802	68.61325
810	69.5846875
814	69.743125
816	69.8326875
824	70.54225
830	70.955625
837	71.561875
841	71.6996875
849	73.8770625
853	74.0561875
859	74.504
868	75.2755625
871	75.434
873	75.5235625
878	76.095375
881	76.3365
884	76.5225
891	77.239
896	77.53525
905	79.07175
909	79.19575
916	79.8364375
923	81.896625
925	82.1101875
931	83.508875
933	83.63975
940	85.0108125
942	85.1348125
947	85.6033125
950	85.82375
954	86.0579375
959	87.346375
965	87.7873125
970	88.3384375
973	88.5038125
980	89.10325
984	89.220375
989	89.7646875
997	91.8524375
1002	92.3278125
1006	92.4725
1012	93.8160625
1014	93.9400625
1022	95.4281875
1025	95.6830625
1032	96.2686875
1040	96.923125
1043	97.0885
1047	97.2538125
1055	98.6524375
1059	98.7833125
1069	99.5480625
1077	100.21625
1080	100.381625
1084	100.519375
1089	101.1463125
1097	101.9316875
1108	102.6481875
1115	103.199375
1119	103.3165
1125	103.791875
1132	106.0243125
1136	106.1620625
1146	107.037
1149	107.202375
1153	107.3745625
1159	108.13925
1165	108.5456875
1168	108.7316875
1201	112.066625
1203	112.176875
1215	113.224125
1222	113.9475625
1229	114.5055625
1236	115.0705625
1241	115.297875
1243	115.3805625
1250	116.11775
1255	116.737875
1260	117.0134375
1262	117.096125
1269	117.8195
1280	118.894375
1283	119.0528125
1285	119.142375
1291	120.554875
1293	120.68575
1299	121.2024375
1305	122.6148125
1309	122.77325
1311	122.8628125
1319	123.4690625
1330	125.8255625
1333	126.09425
1338	126.383625
1346	127.5135
1349	127.7270625
1356	129.0775
1360	129.4701875
1368	131.7370625
1375	132.9635
1380	133.5698125
1387	135.67825
1391	135.884875
1395	136.002
1400	136.5738125
1406	137.04225
1410	137.2420625
1419	139.55725
1421	139.68125
1427	140.246125
1431	140.7490625
1439	141.376
1443	141.555125
1450	142.0235625
1453	142.2165
1457	142.361125
1463	143.6770625
1475	144.5175625
1478	144.7586875
1482	145.103125
1485	145.2685
1516	148.245125
1520	148.5000625
1529	149.381875
1532	149.6023125
1536	149.7331875
1542	150.3188125
1552	151.1110625
1556	151.496875
1563	153.095375
1567	153.4880625
1579	155.492875
1583	155.87175
1592	158.2281875
1598	158.5933125
1602	158.9584375
1607	159.3718125
1611	159.5233125
1618	160.1433125
1625	160.7426875
1630	161.858875
1634	161.976
1640	162.513375
1648	163.96025
1653	164.24275
1657	164.36675
1662	164.95925
1667	165.159
1671	165.586125
1678	167.667
1685	168.3973125
1695	170.6710625
1699	170.8295
1704	171.40825
1708	171.711375
1716	172.097125
1723	173.46825
1727	173.59225
1735	174.3569375
1740	174.611875
1748	175.094125
1754	176.4239375
1758	176.596125
1762	176.71325
1769	177.402125
1776	177.8499375
1781	178.304625
1786	178.7593125
1791	179.0968125
1795	179.2276875
1804	180.00625
1809	180.2818125
1811	180.37825
1818	180.9431875
1822	181.1360625
1824	181.2531875
1833	182.8929375
1838	183.2305
1846	183.83675
1850	184.1123125
1856	184.6220625
1861	185.11125
1894	188.3635
1898	188.5495
1908	189.5346875
1916	190.12725
1921	190.354625
1923	190.4441875
1931	191.3260625
1937	191.65675
1945	192.456
1947	192.5455625
1956	193.2345
1960	193.537625
1964	193.9303125
1969	194.1714375
1979	196.6588125
1981	196.8793125
1987	197.5958125
1990	197.8645
1994	198.2434375
1996	198.401875
2003	199.8280625
2007	200.2000625
2015	201.4058125
2019	201.571125
2021	201.695125
2029	202.37025
2032	202.5975625
2036	202.983375
2038	203.093625
2046	205.3880625
2050	205.5809375
2058	206.5248125
2066	207.1655625
2069	207.3309375
2073	207.551375
2078	208.0060625
2082	208.27475
2089	208.9775
2099	211.3959375
2109	212.147
2113	212.574125
2116	212.7739375
2123	213.435375
2126	213.5938125
2130	213.7385
2137	214.1863125
2146	215.6606875
2150	215.7846875
2156	216.2600625
2163	218.278875
2167	218.402875
2172	218.9195625
2175	219.0849375
2179	219.2364375
2185	220.635125
2189	221.041625
2193	221.1931875
2198	221.703
2201	221.87525
2205	222.06125
2213	224.424625
2216	224.6244375
2223	225.2583125
2227	225.403
2234	226.078125
2237	226.250375
2241	226.388125
2248	227.06325
2255	227.552375
2259	227.786625
2264	228.2344375
2269	228.51
2273	228.6615625
2278	229.260875
2284	229.55025
2289	229.9980625
2293	230.1634375
2299	231.61725
2303	231.8376875
2305	231.934125
2312	232.6230625
2316	232.9261875
2320	233.3326875
2326	233.808
2333	234.269625
2336	234.4763125
2341	234.937875
2343	235.0274375
2348	235.56475
2352	235.991875
2355	236.350125
2360	236.9839375
2365	237.2319375
2368	237.4110625
