141	0.164625
145	0.3230625
158	1.4529375
164	2.02475
169	2.265875
171	2.3554375
180	4.636125
184	4.87725
188	5.2355
192	5.6350625
199	6.17925
202	6.3308125
207	7.4745625
212	8.080875
219	10.1616875
223	10.430375
228	10.8161875
232	11.9599375
236	12.194125
240	12.442125
243	12.74525
247	13.172375
256	15.3496875
260	15.6735
264	15.9421875
274	16.6930625
281	18.18125
285	18.3465625
288	18.61525
293	19.0699375
303	19.7245
311	20.4065625
317	20.89575
330	23.5415625
340	24.471625
343	24.6645625
347	24.8643125
352	25.312125
357	25.7048125
365	27.9579375
373	29.322125
377	29.72175
384	31.8301875
387	32.098875
395	32.9048125
430	36.1364375
434	36.5291875
438	36.853
440	36.9494375
452	37.9483125
456	38.3479375
459	38.5201875
468	40.1048125
476	40.904
480	41.0486875
486	42.5438125
491	42.8538125
495	42.9709375
504	44.459125
509	44.76225
513	44.927625
523	47.4288125
525	47.676875
529	47.897375
533	48.1660625
536	48.3520625
546	50.081375
549	50.3431875
556	51.6523125
560	51.8451875
564	52.0311875
568	52.24475
571	52.485875
577	54.5185625
581	54.88375
589	55.7035625
593	55.965375
601	56.7024375
605	57.033125
609	57.412
613	57.6875625
622	59.9613125
627	60.250625
630	60.4710625
642	61.54575
649	62.916875
653	63.2751875
660	64.5911875
664	64.811625
672	65.4385625
709	69.1593125
713	69.366
718	69.7586875
726	70.613
730	70.8816875
734	71.026375
740	71.5981875
743	71.7704375
747	71.93575
753	74.0579375
757	74.423125
764	75.0638125
766	75.16025
777	76.1040625
785	76.9445
790	77.185625
792	77.2751875
799	77.95725
810	79.603875
813	79.838125
820	80.47875
822	80.5683125
834	82.221875
839	82.766125
845	84.77125
849	84.9916875
856	85.632375
868	86.672625
872	86.838
876	87.2651875
880	87.60275
887	88.9325
891	89.283875
898	91.3646875
902	91.7298125
905	91.9020625
908	92.177625
912	92.584125
915	92.7563125
918	92.9905625
922	93.149
930	95.353875
932	95.5674375
942	96.4423125
945	96.66275
949	96.793625
960	97.84075
967	98.385
973	98.83975
980	100.2935625
984	100.4726875
988	100.596625
993	101.2718125
997	101.58875
1005	102.1880625
1008	102.39475
1043	106.0259375
1048	106.3015
1058	107.210875
1062	107.3624375
1067	107.9204375
1073	108.313125
1080	108.9400625
1085	109.2845
1098	111.923375
1102	112.047375
1112	112.9291875
1120	114.376
1124	114.5275625
1131	114.989125
1136	115.31975
1140	115.436875
1150	116.97325
1152	117.104125
1158	117.5795
1165	118.8954375
1167	119.0194375
1173	119.7496875
1181	121.3343125
1192	122.1196875
1197	122.3056875
1201	122.5605625
1210	123.3940625
1213	123.683375
1222	124.3723125
1228	124.7374375
1237	126.942375
1242	127.2868125
1245	127.486625
1247	127.5761875
1253	128.988625
1257	129.3744375
1259	129.457125
1270	131.3105
1274	131.6688125
1281	133.7496875
1284	134.0321875
1288	134.2870625
1297	135.1
1299	135.2584375
1306	137.3806875
1310	137.587375
1314	137.7320625
1319	138.1868125
1323	138.476125
1326	138.662125
1329	138.8619375
1342	140.5911875
1345	140.811625
1350	141.328375
1362	143.1610625
1366	143.3470625
1372	143.7879375
1410	147.4259375
1413	147.6601875
1417	147.9564375
1427	148.879625
1432	150.099125
1435	150.3678125
1445	151.7870625
1452	152.420875
1465	155.0253125
1467	155.1355625
1478	156.0655625
1486	156.857875
1489	157.0783125
1501	158.8008125
1505	159.1453125
1512	161.2261875
1514	161.3570625
1524	162.2940625
1528	162.6729375
1534	163.46525
1546	165.794125
1550	166.1524375
1556	166.7105
1562	167.19275
1574	168.171125
1577	168.3295625
1580	168.5293125
1595	169.776125
1602	170.382375
1606	170.5821875
1610	170.726875
1614	171.0369375
1616	171.1540625
1621	171.6914375
1626	171.9325
1635	172.8349375
1639	173.1174375
1645	173.5651875
1652	174.1300625
1658	174.577875
1662	174.7363125
1667	175.2736875
1673	175.7835625
1681	177.8988125
1683	178.1193125
1688	178.4913125
1691	178.6704375
1697	179.2284375
1700	179.4626875
1704	179.841625
1706	179.9380625
1713	181.440125
1717	181.784625
1723	183.8655
1729	184.354625
1733	184.53375
1739	184.9815625
1742	185.25025
1747	185.7049375
1752	186.1734375
1755	186.387
1759	186.759
1767	188.84675
1771	189.1291875
1775	189.3565
1782	190.775875
1785	191.0445625
1792	193.1460625
1794	193.359625
1798	195.3923125
1804	196.0399375
1811	197.4799375
1823	199.9740625
1827	200.2151875
1832	200.4631875
1834	200.6491875
1838	201.1314375
1842	202.14425
1844	202.323375
1849	202.695375
1852	202.9020625
1864	203.5496875
1868	203.9285625
1871	204.13525
1874	204.314375
1884	205.06525
1894	206.6429375
1898	207.015
1901	207.2285625
1903	207.31125
1910	208.110375
1916	209.43325
1920	209.6536875
1923	209.8948125
1927	210.0325625
1933	210.6595
1938	211.252
1943	211.5345
1947	211.70675
1952	212.17525
1955	212.4301875
1963	214.5454375
1967	214.9105625
1970	215.075875
1976	216.9086875
1980	217.2255625
1983	217.3909375
1989	219.22375
1994	219.540625
1997	219.7128125
2000	219.9470625
2013	221.7451875
2016	222.007
2023	223.323
2027	223.4883125
2029	223.68125
2034	223.8948125
2038	224.3150625
2043	224.70775
2048	226.451
2057	227.9805
2061	228.345625
2064	228.511
2069	228.8554375
2075	229.08275
2080	229.4548125
2083	229.61325
2092	230.4400625
2096	230.5985
2106	232.2038125
2113	232.5000625
2121	232.996125
2128	233.623
2132	235.5385
2135	235.765875
2139	236.2550625
2144	237.6193125
2146	237.7364375
2156	238.6113125
2161	238.8455625
2163	238.9558125
2170	239.479375
2176	240.6920625
2181	241.195
2186	241.45675
2189	241.691
2193	241.8149375
2199	242.3454375
2204	242.5865625
2206	242.683
2211	243.220375
2216	243.6199375
2220	244.054
2228	245.5629375
2236	246.0314375
2240	246.300125
2245	246.8030625
2248	247.07175
2251	247.3886875
2256	247.88475
2259	248.1396875
2264	248.4428125
2268	248.7873125
2278	250.3788125
2282	250.5510625
2286	250.6681875
2290	251.1091875
2295	251.3365
2301	251.8118125
2304	252.0598125
2309	252.4800625
2314	252.7280625
2318	252.8451875
