141	0.164625
145	0.3230625
150	0.956875
153	1.12225
157	1.3426875
170	2.7136875
176	3.2441875
184	3.9745
187	4.2225
189	4.33275
197	6.3998125
201	6.5445
207	6.9716875
210	7.1370625
215	7.40575
219	7.6881875
228	8.3976875
231	8.556125
234	8.838625
237	9.0453125
243	9.4655625
252	10.1820625
261	11.566875
264	11.849375
268	12.0078125
274	12.4005
280	13.69575
284	14.06775
287	14.233125
292	14.5706875
296	14.8669375
300	15.2734375
308	17.306125
310	17.4645625
317	18.098375
320	18.38775
323	18.622
327	19.0078125
336	20.751
340	21.102375
347	23.1625625
352	23.507
355	23.7274375
359	24.1133125
361	24.2441875
370	26.59375
372	26.8073125
375	27.0070625
383	27.6064375
387	27.8475625
392	28.11625
395	28.3505
402	30.452
406	30.7481875
418	31.7126875
422	31.981375
425	32.14675
435	33.9105625
439	34.0896875
443	34.2205625
449	34.9439375
452	35.1161875
456	35.2539375
460	35.5984375
465	36.0049375
470	36.6249375
475	37.1554375
478	37.3414375
482	37.4585625
487	38.0304375
520	41.317125
525	41.9234375
530	42.3574375
534	42.509
542	43.094625
548	43.6733125
552	43.9075625
558	44.3485
566	46.6085
570	46.725625
579	47.7108125
582	47.8761875
586	48.048375
591	48.51
594	48.74425
606	50.4184375
610	50.797375
618	52.81625
620	53.0298125
628	53.93925
631	54.0908125
633	54.180375
639	54.821125
645	55.2275625
648	55.441125
650	55.5306875
659	56.254
662	56.42625
668	56.777625
677	57.542375
684	59.692125
688	60.0573125
692	60.319125
697	60.80825
700	60.987375
704	61.359375
710	61.92425
716	63.2885
718	63.4125
726	64.2393125
731	64.5355625
739	65.2175
742	65.4930625
746	65.892625
753	66.5608125
756	66.822625
760	67.2084375
762	67.298
771	68.97225
774	69.116875
777	69.3235625
779	69.4475625
785	71.56975
789	71.8246875
794	72.0658125
798	72.3345
807	73.06475
812	73.2989375
816	73.581375
826	75.1178125
830	75.2969375
835	75.74475
838	75.917
843	76.220125
848	76.5784375
879	79.5550625
881	79.7755625
885	80.29225
890	80.616
894	80.733125
900	82.00775
903	82.242
907	82.7311875
914	83.296125
917	83.4614375
921	83.743875
934	85.6385625
939	86.051875
942	86.224125
946	86.3894375
952	86.9061875
955	87.126625
959	87.3815625
963	87.7260625
966	87.8983125
970	88.0360625
978	88.86275
982	89.097
988	89.6550625
994	90.1373125
1002	92.5075
1007	92.810625
1019	93.8921875
1023	94.154
1025	94.3124375
1035	95.8281875
1038	96.09
1045	98.17775
1048	98.412
1055	98.92875
1059	99.0803125
1065	99.576375
1068	99.7348125
1072	99.8795
1078	101.1954375
1082	101.409
1088	101.8430625
1097	102.6766875
1102	103.1589375
1108	103.4414375
1114	104.01325
1122	104.82625
1125	104.9985
1130	106.7761875
1133	106.982875
1137	107.2584375
1139	107.341125
1145	107.981875
1148	108.1334375
1150	108.223
1158	108.85675
1163	109.4423125
1166	109.642125
1175	111.2475
1179	111.440375
1182	111.626375
1186	111.8950625
1191	112.50825
1193	112.625375
1229	115.99475
1232	116.2083125
1236	116.36675
1243	117.86875
1246	118.109875
1252	118.67475
1256	118.915875
1260	119.322375
1266	119.784
1272	120.1698125
1277	120.404
1281	120.5969375
1292	123.043
1298	124.3865
1302	124.71025
1309	125.2200625
1316	126.5291875
1319	126.791
1323	127.0596875
1325	127.14925
1332	127.86575
1340	128.478875
1343	128.7061875
1345	128.8164375
1349	129.2849375
1359	131.6964375
1361	131.8824375
1369	132.6471875
1375	133.239625
1380	133.673625
1384	134.8035625
1388	134.97575
1392	135.092875
1401	135.8713125
1408	136.6290625
1411	136.794375
1415	137.04925
1419	137.5935
1423	137.9724375
1429	140.0326875
1433	140.253125
1440	140.8869375
1451	141.9891875
1453	142.085625
1458	142.705625
1462	143.00875
1464	143.0845
1473	144.6485
1477	144.9309375
1484	145.4063125
1491	147.4871875
1496	147.7834375
1499	148.0176875
1503	148.1691875
1512	149.03725
1518	150.367
1522	150.559875
1525	150.7320625
1528	150.9663125
1532	151.1178125
1537	151.65525
1544	152.302875
1551	152.854
1585	156.20275
1588	156.437
1593	156.8571875
1598	157.3256875
1601	157.497875
1605	157.6631875
1615	158.8
1619	159.0755625
1625	159.4751875
1633	160.295
1635	160.3776875
1641	161.569625
1644	161.817625
1648	162.237875
1653	162.658125
1657	162.8235
1665	164.2153125
1669	164.4564375
1672	164.7181875
1676	165.1384375
1682	165.6689375
1691	166.6265625
1696	166.8745625
1706	169.3825
1708	169.5065
1718	170.20925
1723	170.5813125
1726	170.8155625
1730	171.201375
1732	171.2840625
1741	172.854875
1744	173.0270625
1747	173.23375
1749	173.3233125
1758	174.0466875
1764	175.3419375
1768	175.5830625
1777	176.3270625
1780	176.5819375
1785	177.09175
1790	177.46375
1794	177.656625
1803	180.102625
1807	180.3713125
1812	180.8398125
1820	181.349625
1822	181.4391875
1831	182.1970625
1839	183.1270625
1843	183.3199375
1845	183.4301875
1851	183.94
1857	184.4360625
1862	184.7598125
1866	184.9045
1872	185.2971875
1880	185.9035
1888	186.47525
1891	186.6474375
1897	187.1228125
1901	187.2675
1910	188.0735
1917	190.3955625
1921	190.5678125
1928	191.2223125
1933	191.4220625
1936	191.649375
1943	193.0549375
1948	193.6543125
1955	195.7420625
1958	195.9625
1963	196.424125
1968	196.6790625
1971	196.830625
1980	199.24225
1984	199.8003125
1993	200.73725
1998	201.0059375
2002	201.2470625
2008	201.51575
2015	202.1081875
2021	202.7420625
2024	202.94875
2028	203.2105625
2032	203.57575
2036	203.954625
2042	204.4575625
2047	205.0225
2050	205.187875
2055	206.9724375
2059	207.2893125
2062	207.4546875
2068	207.847375
2077	208.853125
2082	209.114875
2088	209.6246875
2091	209.8726875
2095	209.9898125
2101	210.5065625
2106	210.782125
2109	211.08525
2116	213.2280625
2118	213.4071875
2123	213.855
2129	215.0331875
2132	215.295
2139	216.604125
2143	216.7763125
2148	217.2171875
2151	217.4514375
2156	217.727
2158	217.892375
2162	218.188625
2170	220.303875
2175	221.4820625
2178	221.6611875
2182	221.9780625
2190	223.4249375
2194	223.7694375
2203	226.1258125
2210	226.62875
2215	227.0903125
2219	227.3245625
2225	228.5854375
2229	228.737
2234	229.2399375
2238	229.4948125
2245	230.0666875
2250	230.34225
2254	230.521375
2259	231.0174375
2263	231.2723125
2268	231.727
2277	232.45725
2282	232.774125
2287	232.9808125
2293	233.256375
2299	235.357875
2302	235.592125
2309	236.2396875
2312	236.3774375
2316	236.7839375
2324	237.2455
2328	237.3833125
2336	238.175625
2342	238.409875
2348	240.511375
2351	240.745625
2359	241.345
2363	241.593
2370	242.151
2373	242.502375
2378	242.9226875
2383	243.3911875
2387	243.529
2396	244.3144375
2400	244.5555625
2411	245.3823125
2416	245.6716875
2426	246.581
2429	246.7945625
2431	246.9048125
2441	248.0621875
2444	248.3170625
2448	248.7235625
2452	248.882
2457	249.419375
2460	249.6811875
