141	0.164625
145	0.3230625
154	1.1704375
162	1.90075
167	2.1349375
169	2.2245
183	4.1329375
185	4.229375
190	4.8149375
196	6.1585
198	6.2825
210	7.51575
218	9.0659375
222	9.23125
224	9.348375
233	10.1405625
237	10.278375
243	10.8295625
249	11.16025
253	11.5598125
261	12.999875
265	13.3099375
270	13.7370625
274	13.88175
279	14.426
287	15.1906875
292	15.5626875
302	16.1620625
305	16.361875
311	16.83725
317	18.97325
319	19.1868125
328	20.4614375
330	20.5923125
339	21.8738125
343	22.039125
345	22.15625
356	23.265375
361	23.6925625
367	24.126625
377	24.767375
386	25.4355625
389	25.6146875
393	25.9798125
403	26.841
406	27.0339375
410	27.1648125
418	28.591
422	28.7631875
425	28.9629375
433	29.59675
439	30.18925
442	30.3890625
451	31.14
456	31.6085
460	31.7531875
466	32.4076875
470	32.7728125
474	33.1034375
508	36.4521875
512	36.5761875
520	37.2513125
525	37.5544375
527	37.6301875
533	38.2640625
539	39.573125
551	40.77875
555	40.9785625
561	43.093875
563	43.314375
568	43.9688125
571	44.1410625
575	44.2788125
584	45.8979375
586	46.0219375
593	46.745375
596	46.917625
600	47.0760625
609	48.6883125
611	48.8191875
618	49.349625
621	49.59075
625	49.707875
631	50.265875
638	51.6783125
643	52.050375
647	52.3673125
649	52.46375
659	53.1045
670	54.1655
673	54.33775
677	54.4755
682	55.0473125
689	57.1350625
693	57.2935
702	58.1890625
705	58.4233125
712	59.766875
717	60.3800625
724	62.4815625
735	63.24625
740	63.6940625
743	63.90075
745	63.9903125
781	67.304625
783	67.5181875
793	68.482625
797	68.7099375
801	68.84775
810	70.466875
813	70.6735625
825	71.6518125
830	71.9824375
834	72.18225
841	73.663625
845	73.8220625
848	74.0011875
858	74.862375
862	75.1930625
868	75.7855625
872	76.17825
875	76.3504375
878	76.5846875
884	77.135875
894	78.01775
898	78.134875
909	79.23725
912	79.48525
914	79.5679375
924	82.15175
926	82.37225
933	83.2471875
935	83.3711875
944	84.4115625
948	84.58375
950	84.714625
956	85.307125
960	85.61025
964	85.913375
971	87.243125
975	87.5945
982	89.6546875
987	90.1025
991	90.5020625
994	90.6674375
999	90.9774375
1002	91.2185625
1006	91.3908125
1011	91.8316875
1014	91.990125
1016	92.1485625
1024	94.312125
1028	94.573875
1036	95.2835
1039	95.448875
1044	95.807125
1053	96.5304375
1058	97.8601875
1061	98.128875
1071	99.5756875
1073	99.6928125
1079	101.04325
1083	101.2154375
1087	101.449625
1094	102.0559375
1097	102.2970625
1102	102.7173125
1106	102.91025
1115	103.743875
1119	104.0125625
1121	104.102125
1128	104.818625
1160	108.0364375
1162	108.2569375
1175	109.373
1183	109.807
1185	109.8965625
1193	110.7164375
1200	111.329625
1202	111.4605
1208	112.1631875
1212	112.4525625
1216	112.7005625
1221	113.0036875
1229	113.5341875
1235	114.099125
1244	115.5046875
1248	115.71825
1253	116.069625
1255	116.1660625
1261	116.848125
1264	117.020375
1268	117.1788125
1275	119.239
1277	119.4595
1283	119.996875
1288	120.244875
1290	120.3344375
1299	121.1198125
1303	121.505625
1310	121.9948125
1315	122.2359375
1317	122.3255
1324	123.0075
1330	123.668875
1333	123.8686875
1337	124.1029375
1344	126.2801875
1354	127.1965
1358	127.49275
1363	127.871625
1368	128.2711875
1372	128.54675
1376	128.91875
1383	130.227875
1387	130.572375
1393	131.888375
1397	132.060625
1401	132.1984375
1408	132.9769375
1415	133.5556875
1422	134.031
1428	136.0085
1433	136.2840625
1436	136.483875
1438	136.61475
1444	137.076375
1448	137.262375
1450	137.3519375
1455	137.89625
1458	138.123625
1462	138.5231875
1472	140.1009375
1476	140.3075625
1486	141.0929375
1493	143.14625
1497	143.3666875
1510	144.8891875
1513	145.206125
1524	146.9699375
1528	147.128375
1537	147.9206875
1547	149.505375
1551	149.6845
1555	149.877375
1564	150.6351875
1567	150.8900625
1571	151.03475
1579	152.59875
1583	153.0051875
1587	153.1705
1597	155.5958125
1599	155.75425
1610	156.75325
1613	156.9116875
1617	157.0425625
1623	157.4628125
1631	158.9648125
1635	159.178375
1641	159.77775
1645	160.067125
1647	160.142875
1654	160.811125
1690	164.4009375
1694	164.559375
1704	165.49625
1707	165.6685
1711	165.80625
1720	167.4185
1722	167.5425
1731	168.300375
1734	168.5690625
1738	168.844625
1747	170.4293125
1749	170.5601875
1755	171.1595625
1758	171.3249375
1762	171.5178125
1771	172.310125
1777	173.7845625
1781	173.949875
1784	174.101375
1795	175.0796875
1799	175.35525
1803	175.60325
1810	176.1061875
1814	176.2853125
1820	176.7538125
1827	177.9181875
1832	178.324625
1835	178.49
1840	178.7518125
1844	179.027375
1849	179.3305
1855	179.929875
1859	180.21925
1861	180.295
1868	180.956375
1875	183.0235
1877	183.244
1887	184.1533125
1890	184.422
1894	184.8009375
1896	184.9180625
1903	186.2546875
1907	186.3786875
1920	187.6875625
1927	188.976
1931	189.2033125
1933	189.292875
1943	190.2021875
1946	190.470875
1950	190.8498125
1952	190.9669375
1960	191.6420625
1969	193.7160625
1973	193.8745
1979	194.3774375
1983	194.6943125
1987	194.963
1995	195.6519375
2004	196.4028125
2007	196.6094375
2013	197.195
2018	197.498125
2024	198.7314375
2028	198.9105625
2032	199.2205625
2039	199.83375
2042	200.1024375
2048	202.1419375
2050	202.3555
2058	203.1339375
2064	203.3613125
2069	203.5679375
2074	204.002
2077	204.194875
2085	205.4833125
2087	205.5935625
2094	206.227375
2100	206.48225
2105	206.6958125
2110	207.129875
2113	207.315875
2118	207.681
2126	210.058125
2130	210.182125
2135	210.6023125
2143	211.236125
2147	211.532375
2153	212.8139375
2158	213.0619375
2162	213.2135
2170	214.0678125
2173	214.2400625
2177	214.3778125
2184	215.0391875
2188	215.3491875
2194	215.7900625
2199	216.1345625
2203	216.2516875
2210	216.89925
2213	217.11975
