141	0.164625
144	0.364375
149	0.83975
154	1.032625
158	1.4046875
166	1.8938125
169	2.1280625
175	2.5483125
180	2.9616875
184	3.244125
188	3.60925
194	4.9114375
198	5.1388125
205	5.752
215	6.489125
217	6.5786875
226	7.44675
229	7.6740625
231	7.7911875
240	10.2648125
244	10.3888125
251	11.0019375
255	11.3533125
261	11.959625
271	13.8268125
274	13.999
276	14.0885625
285	15.01175
292	15.66625
297	15.907375
299	16.0520625
308	17.03725
315	17.746875
319	17.926
321	18.0155625
326	18.4565
329	18.62875
333	18.856125
341	19.5244375
348	21.7293125
350	21.8533125
360	22.6525
372	23.823625
378	24.2231875
382	24.5745625
385	24.7743125
390	25.0705625
398	25.6699375
406	26.1935
410	27.3234375
414	27.5025625
418	27.6196875
429	28.54975
434	28.99075
442	29.7279375
446	30.1068125
454	30.7406875
462	32.814625
465	33.0144375
470	33.4484375
472	33.538
477	34.0960625
483	34.5576875
487	34.77125
491	35.122625
505	36.4384375
516	38.3606875
520	38.519125
526	39.084125
533	41.1443125
537	41.3785625
542	41.605875
552	42.6806875
556	42.825375
564	44.36875
568	44.561625
572	44.7614375
577	45.0163125
585	45.657
587	45.7396875
593	46.3873125
599	48.3510625
607	49.0675625
614	49.6944375
621	50.29375
625	50.4315
631	51.0239375
640	51.78175
642	51.8644375
648	52.429375
652	52.6705
657	53.0838125
664	54.475625
669	54.7856875
671	54.87525
675	55.3299375
678	55.5159375
682	55.7776875
688	56.4184375
726	59.97375
730	60.166625
737	60.8073125
741	61.1104375
748	61.813125
759	64.465875
761	64.6794375
771	65.8161875
776	66.2501875
780	66.40175
789	67.87625
791	68.00025
798	68.6685
808	69.660625
812	69.9155
819	71.2935
821	71.458875
833	72.5955625
839	73.084625
843	73.6013125
850	74.22825
853	74.4004375
867	75.606125
878	76.322625
885	76.8738125
889	77.011625
896	79.250875
905	80.0569375
908	80.2911875
912	80.670125
914	80.7665625
921	82.2065625
925	82.5579375
932	84.618125
935	84.817875
938	85.0245625
940	85.114125
953	87.601375
958	87.9526875
969	88.69675
974	88.94475
983	90.4743125
987	90.625875
999	91.852125
1009	93.4368125
1013	93.6159375
1020	94.1464375
1024	94.3255625
1029	94.8766875
1041	97.59825
1046	97.9840625
1051	98.34925
1059	98.94175
1063	99.0864375
1068	99.589375
1074	99.8511875
1077	100.051
1088	101.1946875
1091	101.47025
1095	101.6286875
1103	103.09625
1107	103.5165
1110	103.7989375
1114	103.96425
1153	107.9121875
1159	108.2015625
1169	109.021375
1174	109.358875
1178	109.48975
1185	110.2614375
1189	110.5163125
1200	111.54275
1204	111.8045
1208	111.9285
1216	113.34775
1219	113.5544375
1231	115.40775
1236	115.6281875
1241	115.8555
1247	117.18525
1253	117.4470625
1259	117.99825
1264	118.26
1269	118.632
1274	118.873125
1276	118.99025
1285	121.2156875
1287	121.3396875
1293	121.856375
1302	122.4350625
1305	122.6073125
1309	122.772625
1315	123.5304375
1325	124.5639375
1332	125.080625
1338	125.376875
1343	126.5964375
1347	126.754875
1349	126.872
1353	127.29225
1358	127.657375
1362	127.781375
1371	128.5185
1379	129.15925
1383	129.3728125
1387	129.4968125
1392	130.041125
1399	132.3424375
1403	132.5766875
1408	132.8246875
1419	134.43
1424	134.8985
1428	135.0500625
1436	136.428
1441	136.6898125
1446	137.199625
1449	137.371875
1454	137.668125
1457	137.8679375
1462	138.2744375
1465	138.5155625
1476	140.9546875
1481	141.2509375
1484	141.471375
1489	141.7745
1495	142.2566875
1498	142.40825
1503	142.8560625
1506	143.0145
1542	146.5491875
1546	146.7283125
1551	147.176125
1558	147.9408125
1562	148.230125
1565	148.423
1578	149.5115625
1580	149.608
1586	150.2486875
1592	150.827375
1598	152.205375
1600	152.329375
1605	152.8599375
1610	153.12175
1616	153.3698125
1630	154.8235
1639	156.2634375
1644	156.8559375
1648	157.000625
1656	158.454375
1660	158.64725
1666	159.095
1669	159.32925
1682	161.9956875
1685	162.1816875
1690	162.39525
1697	163.793875
1701	163.9454375
1708	164.613625
1715	166.715125
1718	166.908
1723	167.3075625
1727	167.7209375
1732	168.0446875
1735	168.189375
1738	168.4098125
1751	170.29075
1756	170.8556875
1766	173.2534375
1769	173.467
1775	173.94925
1778	174.1214375
1781	174.4039375
1792	176.7534375
1800	177.304625
1806	178.5379375
1810	178.696375
1816	179.130375
1825	180.253375
1829	180.5083125
1831	180.597875
1836	181.1559375
1842	181.6245
1844	181.7140625
1881	185.131625
1888	185.5931875
1898	186.399125
1902	186.6746875
1907	187.1225
1914	187.7563125
1920	188.9551875
1924	189.1274375
1928	189.272125
1934	189.7268125
1946	192.1658125
1949	192.379375
1952	192.6825
1956	193.109625
1964	193.777875
1971	194.480625
1978	195.7139375
1982	196.0584375
1989	198.1461875
1992	198.3804375
2000	199.083125
2012	201.7771875
2014	201.99075
2023	202.89325
2029	203.4375
2033	203.7268125
2038	204.1539375
2042	204.3675
2046	204.5190625
2051	205.0770625
2059	206.6410625
2063	206.806375
2066	206.992375
2072	207.6883125
2077	208.115375
2085	208.8594375
2089	209.12125
2099	210.0995
2107	210.450875
2111	210.6093125
2119	211.3395625
2126	211.9251875
2129	212.187
2133	212.435
2142	213.07575
2146	213.330625
2154	215.6664375
2156	215.7904375
2160	216.217625
2169	217.003
2177	217.7953125
2185	219.414375
2191	219.70375
2193	219.7933125
2199	220.4478125
2204	220.8198125
2206	220.909375
2213	221.557
2220	222.1150625
2228	222.907375
2234	224.13375
2240	224.423125
2242	224.5058125
2254	225.7803125
2261	226.510625
2265	226.8
2267	226.8964375
2272	227.351125
2278	227.8265625
2282	227.99875
2292	228.9908125
2298	231.044125
2305	231.712375
2311	232.008625
2315	232.3875625
2320	232.6975625
2326	232.9249375
2333	233.4485
2339	234.9298125
2343	235.129625
2350	235.7496875
2357	236.39725
2360	236.590125
2365	236.948375
2370	237.1895
2376	239.242875
2380	239.5321875
2386	240.9721875
2391	241.3098125
2397	242.7015625
2402	243.2183125
2407	243.487
2411	243.666125
2416	244.1690625
2422	244.430875
2431	245.18175
2439	245.7259375
2445	246.9248125
2449	247.138375
2454	247.3933125
2459	247.765375
2463	248.0340625
2467	248.171875
2473	248.826375
2476	248.9779375
2478	249.136375
2483	249.5221875
