141	0.164625
145	0.3161875
151	0.6950625
155	1.074
162	1.769875
167	1.9971875
169	2.1074375
175	2.6585625
180	2.9135
184	3.168375
193	3.9675625
196	4.1190625
199	4.3601875
201	4.4773125
210	6.7785625
214	6.937
226	8.0461875
234	8.8866875
238	9.1691875
248	10.0303125
252	10.2508125
256	10.7813125
262	11.2635625
270	11.8698125
275	13.048
279	13.18575
291	14.3775625
299	15.01825
304	15.321375
314	16.809625
318	16.98875
324	17.415875
334	18.414875
338	18.6905
347	20.8678125
354	21.5291875
363	22.4040625
370	23.637375
374	23.761375
386	24.9325
392	27.0409375
396	27.295875
400	27.764375
404	28.0881875
410	29.39725
414	29.6108125
417	29.9966875
421	30.2929375
425	30.5203125
436	31.5055625
441	31.7811875
445	31.9603125
452	32.67
460	33.269375
464	33.4209375
469	33.9651875
478	36.37675
487	37.237875
493	37.520375
497	37.7821875
500	37.954375
510	38.77425
513	38.9809375
516	39.2840625
521	39.5940625
528	40.2416875
532	40.4896875
539	41.9365625
544	42.370625
547	42.542875
551	42.680625
557	43.19725
561	43.500375
565	43.7276875
569	43.948125
577	44.774875
583	46.0976875
587	46.2768125
591	46.6695
594	46.834875
598	46.972625
606	47.572
612	48.2126875
618	49.0531875
624	49.383875
628	49.8041875
631	50.024625
637	52.11925
642	52.505125
645	52.677375
650	52.9391875
654	53.3111875
657	53.5109375
661	53.8416875
664	54.062125
668	54.2068125
674	55.515875
678	55.688125
681	56.032625
685	56.4253125
689	56.824875
723	60.208
726	60.44225
730	60.7660625
734	61.1794375
746	63.797625
754	64.4108125
757	64.5830625
761	64.8999375
771	66.608625
774	66.8704375
782	67.469875
786	67.69725
791	68.10375
795	68.344875
800	68.7513125
803	68.9510625
808	69.28175
811	69.454
815	69.791625
821	70.2394375
826	70.6183125
835	71.3899375
843	73.8221875
846	74.042625
855	74.8073125
857	74.9244375
864	76.178375
867	76.4401875
874	78.5555
879	79.086
882	79.25825
885	79.44425
889	79.7198125
891	79.809375
900	82.2140625
905	82.737625
908	82.903
911	83.0751875
915	83.3714375
921	85.473
923	85.6865625
927	86.1481875
930	86.3204375
934	86.48575
941	87.160875
949	88.6353125
957	89.317375
961	89.7100625
993	93.0036875
995	93.1345625
1003	93.7270625
1014	95.24275
1016	95.36675
1022	95.9385625
1030	97.419875
1034	97.5783125
1036	97.6954375
1044	98.5289375
1050	98.9560625
1054	99.4245625
1059	99.7551875
1063	99.899875
1067	100.2719375
1078	101.1055
1082	101.422375
1088	102.07
1091	102.2353125
1095	102.4075
1106	104.674375
1115	105.6595625
1125	106.5206875
1131	107.023625
1133	107.1131875
1145	108.8700625
1149	109.021625
1156	109.6829375
1163	111.7638125
1167	111.9980625
1172	112.4251875
1174	112.51475
1187	115.08475
1191	115.2914375
1201	116.083625
1204	116.249
1208	116.435
1215	117.13775
1219	117.440875
1223	117.868
1231	118.6671875
1234	118.929
1242	120.4929375
1248	120.9683125
1251	121.1474375
1255	121.4505625
1258	121.664125
1290	124.79925
1294	124.92325
1306	126.053125
1311	126.5491875
1315	126.817875
1319	126.9900625
1331	128.0510625
1334	128.2715
1338	128.4230625
1346	129.9664375
1350	130.2833125
1355	132.2815
1366	133.4113125
1370	133.5835
1376	134.072625
1388	135.181875
1395	135.8914375
1398	136.0774375
1402	136.27725
1407	136.7319375
1414	137.2761875
1418	137.4415
1427	138.30275
1432	138.592125
1438	139.288
1442	139.5084375
1448	140.734875
1452	140.9070625
1455	141.196375
1459	141.4788125
1467	141.9059375
1470	142.13325
1478	142.684375
1487	143.4765625
1493	143.8279375
1498	144.3515625
1501	144.5858125
1505	144.8751875
1510	146.8734375
1513	147.1214375
1517	147.5348125
1526	148.3270625
1530	148.6095625
1533	148.823125
1544	150.586875
1549	151.1931875
1556	153.2740625
1565	154.0525
1569	154.293625
1572	154.459
1581	156.0230625
1584	156.236625
1588	156.4295625
1594	157.842
1598	158.1038125
1603	158.5791875
1607	158.723875
1615	159.5575
1621	160.818375
1625	161.0595
1628	161.32125
1632	161.7415
1638	162.16175
1640	162.2513125
1645	162.7955625
1648	162.9815625
1652	163.119375
1659	163.7463125
1663	164.02875
1668	164.37325
1700	167.349875
1708	168.0319375
1721	169.1891875
1733	170.2363125
1736	170.4016875
1740	170.5531875
1746	171.152625
1757	173.90175
1759	174.08775
1763	174.549375
1767	174.74225
1769	174.8525
1775	175.383
1781	176.719625
1787	177.2295
1795	178.765875
1799	179.1448125
1801	179.24125
1809	180.9568125
1813	181.1359375
1817	181.3288125
1827	182.2450625
1834	182.927125
1838	183.209625
1840	183.2923125
1848	183.877875
1855	184.429
1861	184.7665625
1865	185.1316875
1868	185.3659375
1872	185.7861875
1880	186.3235625
1889	187.0125
1900	187.8875
1906	189.9890625
1911	190.485125
1914	190.657375
1919	190.9880625
1925	191.249875
1936	193.089375
1941	193.5991875
1947	193.8954375
1953	195.990125
1957	196.2450625
1969	197.2715625
1972	197.5265
1976	197.933
1980	198.208625
1992	199.242
1995	199.41425
1999	199.56575
2010	201.2330625
2014	201.3639375
2026	202.52825
2033	204.5884375
2038	204.8846875
2041	205.105125
2045	205.4220625
2048	205.6769375
2053	206.173
2062	208.4950625
2066	208.6535
2076	210.313875
2079	210.5205625
2086	211.8985625
2090	212.1465625
2099	212.938875
2103	213.0835625
2111	214.558
2115	214.7715625
2121	215.0264375
2125	215.3295625
2128	215.69475
2134	216.2528125
2137	216.44575
2144	218.4990625
2151	219.794375
2155	219.9459375
2162	220.60725
2168	221.916375
2173	222.198875
2177	222.316
2183	222.936
2189	223.5904375
2198	224.217375
2201	224.4378125
2205	224.5549375
2213	226.063875
2216	226.305
2220	226.60125
2230	227.4210625
2240	229.0333125
2244	229.2055
2247	229.4741875
2252	229.922
2256	231.169125
2263	233.48425
2267	233.60825
2275	234.373
2279	234.648625
2288	235.4409375
2292	235.5511875
2302	237.0875625
2306	237.2666875
2310	237.390625
2316	238.045125
2319	238.2105
2322	238.3826875
2326	238.7065
2328	238.7960625
2333	239.243875
2336	239.4436875
2342	239.9190625
2347	240.318625
2352	240.5528125
