141	0.164625
145	0.3230625
151	1.0395625
155	1.425375
159	1.6871875
165	2.1074375
172	2.782625
176	3.1615
182	4.7048125
187	5.0630625
189	5.2215
196	5.8690625
206	7.6465
211	8.1288125
214	8.28725
218	8.63175
222	8.921125
224	9.03825
230	10.3335625
234	10.54025
238	10.9123125
243	11.2154375
251	11.8768125
256	12.2075
263	12.7999375
268	13.1444375
271	13.2753125
275	13.668
279	15.41125
281	15.6248125
286	16.00375
291	17.292125
293	17.423
298	17.9190625
304	18.4426875
307	18.6218125
314	20.06175
318	20.2201875
320	20.30975
328	21.1295
338	21.9838125
343	22.26625
347	22.5418125
352	23.0034375
360	25.4425625
364	25.7456875
367	26.014375
375	26.730875
379	26.86175
383	27.282
396	29.2318125
400	29.383375
412	30.6580625
419	32.7389375
427	33.3176875
431	33.462375
438	34.054875
441	34.296
445	34.43375
450	35.033125
454	35.27425
458	35.639375
463	35.9631875
467	36.163
473	36.9001875
507	40.248875
510	40.47625
517	41.1100625
520	41.2685
524	41.4063125
529	41.97125
536	42.5568125
543	43.9278125
545	44.0518125
554	45.01625
557	45.2366875
561	45.3745
571	46.022125
578	46.6628125
585	47.3104375
590	47.6755
596	48.1646875
601	48.681375
604	48.84675
608	49.0120625
619	51.485625
624	51.8300625
627	52.03675
629	52.1951875
635	53.483625
639	53.8694375
641	53.965875
656	56.1498125
660	56.3565
666	56.811125
672	58.12025
676	58.2925
680	58.409625
686	58.9815
689	59.1813125
700	60.1389375
705	60.4283125
714	61.11725
721	61.67525
725	61.89575
732	64.0179375
736	64.2039375
745	65.044375
752	65.6230625
756	65.9261875
758	66.022625
770	67.2626875
778	68.819875
782	68.9783125
784	69.0954375
791	69.770625
794	69.94975
801	70.7351875
812	71.610125
817	71.858125
825	72.402375
830	72.857
834	73.1670625
840	73.6148125
845	73.9730625
880	77.4664375
884	77.5904375
892	78.3689375
895	78.527375
897	78.6169375
910	79.4643125
919	80.366875
921	80.4564375
926	80.9731875
929	81.1454375
938	81.9721875
942	82.1650625
944	82.2821875
948	82.74375
951	82.922875
963	85.5961875
966	85.796
971	86.2575625
981	87.3116875
986	87.5459375
990	87.704375
1002	88.7996875
1011	90.3568125
1015	90.508375
1027	91.776125
1034	93.092125
1037	93.33325
1041	93.498625
1052	94.51825
1057	94.917875
1062	95.11075
1067	95.5448125
1075	97.6739375
1077	97.8599375
1085	98.6176875
1088	98.7968125
1095	100.030125
1097	100.140375
1110	101.6905
1113	101.86275
1126	103.1649375
1133	104.687625
1137	104.8529375
1139	104.9700625
1145	105.54875
1148	105.7485625
1152	106.134375
1158	106.67175
1167	107.595
1172	108.01525
1176	108.1805625
1182	108.8970625
1186	109.214
1197	110.2129375
1233	113.7269375
1237	113.961125
1244	114.5605
1249	115.0565625
1253	115.32525
1257	115.4699375
1269	117.915875
1271	118.136375
1278	119.5833125
1280	119.74175
1285	120.217125
1288	120.4169375
1294	121.7535625
1298	121.912
1300	122.0704375
1308	122.525125
1313	123.0831875
1318	123.413875
1322	123.717
1326	123.882375
1331	124.3853125
1336	125.67375
1340	125.8804375
1345	126.3626875
1349	126.5969375
1360	127.471875
1364	127.66475
1371	129.793875
1383	130.882375
1388	131.1235
1392	131.26125
1399	131.8950625
1403	132.122375
1408	132.335875
1411	132.5494375
1418	133.3073125
1421	133.520875
1424	133.71375
1432	135.257125
1437	135.8634375
1444	137.1794375
1448	137.3723125
1452	137.7856875
1457	138.2473125
1462	138.52975
1466	138.702
1471	139.1980625
1475	139.4391875
1480	139.6389375
1483	139.8663125
1520	143.4975
1524	143.614625
1536	144.8133125
1541	145.0406875
1548	145.7089375
1552	146.0534375
1558	146.4599375
1564	147.1075625
1570	148.396
1575	148.685375
1578	148.8989375
1583	150.1529375
1588	150.421625
1598	151.861625
1603	152.157875
1606	152.3576875
1611	152.585
1620	155.0379375
1622	155.2515
1627	155.788875
1630	155.961125
1638	156.76025
1641	157.00825
1647	157.47675
1649	157.593875
1657	158.25525
1662	158.806375
1665	158.978625
1673	160.528875
1677	160.9078125
1684	162.9266875
1686	163.14025
1694	164.022125
1697	164.2150625
1701	164.4079375
1710	165.276
1717	165.827125
1727	166.6263125
1731	166.777875
1737	167.2325625
1747	168.872375
1751	169.0515
1755	169.168625
1765	170.181375
1772	170.7531875
1777	171.0425625
1786	171.7315
1790	172.0139375
1795	172.406625
1804	173.1713125
1809	173.4193125
1813	173.570875
1848	177.0780625
1853	177.4914375
1859	178.8625625
1863	179.1105625
1875	180.2196875
1879	180.5159375
1886	181.0601875
1889	181.3150625
1894	181.700875
1899	182.0315625
1901	182.121125
1907	182.8169375
1912	183.1269375
1917	183.4576875
1919	183.54725
1927	185.7383125
1929	185.9588125
1935	186.4755
1938	186.6615
1942	186.7993125
1948	187.2746875
1954	187.8603125
1957	188.1014375
1961	188.39075
1968	189.7066875
1973	190.319875
1980	192.40075
1984	192.800375
1988	193.158625
1992	193.5513125
1996	194.05425
2000	194.4883125
2006	196.4245
2010	196.5829375
2019	197.3476875
2022	197.5199375
2026	197.6576875
2032	199.1115
2036	199.228625
2048	200.627125
2051	200.7855625
2053	200.875125
2060	201.495125
2067	202.935125
2071	203.107375
2075	203.2589375
2086	204.2991875
2097	205.1258125
2100	205.325625
2104	205.7115
2115	206.6690625
2120	207.0755
2124	207.254625
2129	207.812625
2135	208.1984375
2140	208.7495625
2143	208.9149375
2147	209.073375
2155	211.3403125
2162	211.987875
2165	212.2014375
2170	212.4494375
2172	212.5596875
2179	213.8274375
2183	213.979
2195	215.24675
2202	216.56275
2206	216.803875
2209	217.065625
2213	217.485875
2218	217.8648125
2221	218.030125
2223	218.1196875
