141	0.164625
145	0.302375
154	0.9981875
160	1.446
164	1.735375
166	1.811125
177	3.4715
181	3.760875
184	4.0778125
189	5.9864375
193	6.144875
201	6.90275
207	7.4056875
211	7.5435
217	8.0601875
226	9.4933125
230	9.6793125
241	10.733375
248	11.4636875
254	11.9115
256	12.042375
263	12.662375
267	12.8965625
271	13.04125
278	14.3571875
282	14.4743125
291	15.418125
295	15.617875
299	15.735
309	16.7063125
314	17.181625
320	17.781
324	17.9945625
328	18.1254375
333	18.6628125
345	21.039875
348	21.32925
353	21.8253125
357	22.032
363	22.528
367	22.693375
375	24.1264375
379	24.2504375
392	25.311375
399	27.39225
402	27.6058125
406	27.757375
414	28.5634375
417	28.7976875
424	30.086125
428	30.2445625
434	30.6785625
439	31.2986875
442	31.553625
477	34.819625
479	34.9780625
489	35.6531875
492	35.8185625
496	35.9563125
504	36.638375
508	36.9621875
516	37.6786875
524	38.092
526	38.2504375
534	39.6973125
538	39.85575
540	39.972875
547	40.551625
550	40.717
554	40.8271875
559	41.364625
568	41.9433125
572	42.294625
580	42.7355625
584	42.956
595	45.2573125
599	45.4915625
604	45.7326875
609	46.208
616	46.8004375
621	47.0484375
625	47.4204375
629	47.702875
634	48.109375
637	48.295375
642	48.543375
646	48.7638125
654	49.9901875
658	50.1968125
669	51.016625
676	53.0768125
681	53.35925
684	53.5935
688	53.73125
695	54.4201875
699	54.63375
703	54.9093125
711	55.5293125
716	57.4793125
720	57.6033125
734	59.491
738	59.615
748	60.6208125
752	60.793
756	61.0271875
767	62.0330625
777	62.839125
781	63.094
788	63.6865625
792	63.89325
797	64.3273125
800	64.48575
804	64.6235625
813	65.409
817	65.712125
821	66.0496875
824	66.2011875
860	69.7428125
864	69.8668125
876	70.9553125
884	71.7614375
888	72.0576875
894	74.097125
898	74.3175625
905	74.937625
910	75.5645625
915	75.9435
920	76.1915
924	76.3981875
929	76.9286875
933	77.1285
937	77.2731875
942	77.789875
945	77.95525
949	78.1205625
955	78.5615
961	79.932625
965	80.104875
969	80.33225
979	81.1726875
984	81.4138125
988	81.5515625
999	82.702125
1010	83.7905625
1014	84.114375
1022	84.824
1027	85.2029375
1034	87.25625
1037	87.4904375
1042	87.9795625
1045	88.1518125
1049	88.31025
1058	89.109375
1065	89.639875
1069	89.998125
1076	90.625125
1081	91.6310625
1085	91.7895
1095	92.8504375
1102	94.910625
1104	95.138
1113	95.8200625
1118	96.2540625
1122	96.6811875
1128	97.253
1130	97.370125
1163	100.6154375
1167	100.8359375
1180	101.821125
1183	102.0140625
1187	102.138
1192	102.71675
1197	103.2128125
1204	103.825875
1206	103.9154375
1210	104.5424375
1213	104.735375
1217	104.9558125
1226	105.6516875
1232	106.9745625
1236	107.126125
1245	107.98725
1253	108.6830625
1260	109.344375
1265	109.8335
1268	110.06775
1272	110.198625
1280	112.3553125
1285	112.7824375
1288	112.9478125
1293	113.2854375
1296	113.505875
1309	114.704625
1319	116.158375
1323	116.5028125
1330	117.79125
1334	118.0048125
1339	118.38375
1342	118.549125
1345	118.721375
1348	118.9831875
1360	119.9821875
1368	122.2145625
1373	122.435
1378	122.7931875
1386	123.489
1392	124.7360625
1396	124.9083125
1400	125.0254375
1405	125.611
1408	125.78325
1412	125.9416875
1419	126.672
1422	126.8924375
1426	127.0095625
1433	127.643375
1437	127.939625
1441	128.3254375
1443	128.415
1452	129.17975
1484	132.3699375
1493	133.0519375
1497	133.2173125
1502	133.7478125
1509	134.175
1514	134.636625
1518	135.0224375
1523	135.525375
1526	135.8629375
1534	136.4209375
1536	136.5518125
1550	137.8884375
1555	138.2190625
1559	138.3430625
1570	140.6995
1575	141.050875
1578	141.2506875
1581	141.471125
1590	143.669125
1595	144.3099375
1603	146.5768125
1606	146.7696875
1611	146.990125
1614	147.2105625
1626	148.815875
1629	149.0776875
1636	150.3936875
1640	150.60725
1650	151.2824375
1653	151.551125
1657	151.9851875
1667	154.17625
1671	154.4449375
1675	154.837625
1683	155.6161875
1693	157.2215
1696	157.48325
1699	157.6899375
1706	158.241125
1711	159.495125
1713	159.619125
1726	160.6869375
1731	161.1554375
1738	161.7204375
1742	161.9615625
1746	162.113125
1753	163.4635625
1757	163.9045
1761	164.1180625
1765	164.2489375
1770	164.7794375
1775	165.0068125
1811	168.4450625
1814	168.644875
1822	169.4648125
1827	169.8023125
1831	169.9125
1842	171.7106875
1844	171.8346875
1852	172.5029375
1857	172.8335625
1861	172.97825
1870	174.54225
1874	174.7075625
1876	174.8246875
1885	175.499875
1890	175.8305
1894	176.0303125
1899	176.4574375
1904	176.912125
1907	177.0774375
1911	177.311625
1918	178.000625
1921	178.2210625
1925	178.36575
1930	178.951375
1936	180.853125
1940	181.03225
1946	181.50075
1949	181.673
1953	181.81075
1958	182.4859375
1961	182.740875
1965	182.878625
1974	184.3668125
1978	184.5596875
1986	185.4140625
1993	187.5018125
2004	188.2665
2009	188.7143125
2012	188.9554375
2025	191.6425625
2027	191.801
2032	192.4968125
2036	192.7861875
2046	193.578375
2049	193.8195
2053	194.0193125
2059	195.328375
2063	195.5005625
2067	195.6176875
2071	196.134375
2076	196.465
2080	196.595875
2085	197.174625
2090	197.6775625
2095	197.9944375
2098	198.187375
2104	198.793625
2111	199.3999375
2114	199.6341875
2121	200.109625
2125	200.2543125
2135	202.8450625
2139	203.0241875
2144	203.3893125
2147	203.6304375
2156	204.4226875
2160	204.7189375
2167	205.993625
2171	206.1451875
2176	206.717
2180	207.01325
2185	209.1216875
2188	209.33525
2192	209.6039375
2200	210.306625
2206	210.8509375
2211	211.3263125
2219	212.0910625
2222	212.4355625
