141	0.164625
145	0.412625
154	1.067125
162	1.6320625
166	1.8869375
171	2.3071875
174	2.451875
176	2.5414375
181	3.1615
186	3.4301875
190	3.6781875
195	3.9744375
205	4.76675
210	5.1525625
213	5.3868125
221	7.7570625
223	7.8879375
230	8.3908125
239	9.9203125
241	10.0511875
253	10.9881875
259	12.442
263	12.6004375
265	12.7175625
270	13.165375
273	13.33075
282	14.3090625
291	14.977375
296	15.308
300	15.41825
309	16.3483125
317	18.3946875
320	18.5945
325	18.9320625
328	19.1249375
338	20.0963125
343	20.3994375
346	20.6819375
352	21.7016875
356	21.85325
362	22.4181875
369	24.478375
373	24.6368125
378	25.270625
381	25.436
385	25.57375
390	26.1524375
393	26.3935625
397	26.8000625
401	26.965375
406	27.59925
409	27.7715
413	27.9368125
420	30.059
424	30.4448125
429	30.9339375
432	31.1061875
436	31.326625
441	31.7744375
445	32.043125
451	32.4495625
453	32.539125
462	33.3039375
469	34.592375
473	34.7576875
477	35.040125
482	35.5981875
487	35.8530625
490	36.114875
494	36.56275
497	36.7625625
501	37.038125
507	37.5135
511	37.678875
544	41.0758125
550	41.337625
554	41.813
559	42.2814375
564	42.5845
566	42.701625
578	43.8728125
583	44.1139375
586	44.31375
598	45.4298125
602	46.0154375
607	46.58725
611	46.780125
613	46.8696875
621	47.558625
626	48.0340625
631	48.2683125
634	48.433625
638	48.6885
646	49.508375
655	50.397125
660	50.631375
662	50.741625
668	52.8363125
671	53.036125
680	53.8765625
684	54.0694375
686	54.1865625
693	54.8548125
698	55.32325
701	55.4885625
705	55.75725
717	57.583
719	57.713875
728	58.5956875
733	59.0365625
738	60.256125
742	60.4696875
749	61.02775
753	61.2413125
757	61.392875
764	63.50125
768	63.6596875
777	64.576
782	65.15475
790	66.65675
794	66.8083125
801	67.3388125
808	69.4196875
813	69.88125
816	70.0948125
822	71.562375
827	72.0308125
830	72.1823125
842	74.5938125
848	75.207
852	75.3654375
861	76.316125
868	77.852625
871	78.2246875
875	78.5485
879	78.8585
887	79.2994375
892	79.56125
901	80.3190625
906	80.76
912	81.2629375
944	84.3911875
948	84.5840625
956	85.3486875
959	85.5140625
963	85.6655625
970	86.4165
978	87.2363125
986	88.0079375
990	88.256
1000	90.6261875
1002	90.83975
1011	91.8180625
1014	91.9971875
1026	93.17525
1033	94.7599375
1035	94.8701875
1044	95.7106875
1048	96.0138125
1054	96.4409375
1065	97.2951875
1074	98.8729375
1078	99.031375
1080	99.16225
1086	99.6238125
1097	100.7260625
1102	101.0704375
1106	101.17375
1112	101.8971875
1115	102.0625625
1119	102.1934375
1127	102.9374375
1131	103.213
1138	103.7779375
1141	104.0535
1145	104.43925
1152	105.8654375
1156	106.023875
1163	106.71975
1167	106.96775
1173	107.49825
1177	107.7669375
1179	107.8565
1186	108.3595
1189	108.538625
1193	108.676375
1199	109.330875
1205	110.784625
1209	111.1704375
1211	111.3013125
1217	113.4235
1222	113.62325
1228	113.9608125
1233	114.3053125
1237	114.505125
1245	115.05625
1248	115.2766875
1252	115.421375
1258	116.764875
1262	116.9784375
1267	117.1644375
1273	117.502
1277	117.8946875
1283	118.2598125
1286	118.432
1290	118.7765
1293	118.9831875
1331	122.814125
1335	122.9725625
1340	123.530625
1350	124.3091875
1352	124.4263125
1361	125.253
1369	126.80325
1374	127.058125
1376	127.189
1385	128.1741875
1389	128.3670625
1392	128.5668125
1397	129.03525
1405	129.806875
1409	130.0893125
1416	130.723125
1420	130.9849375
1427	131.5980625
1430	131.8185
1435	132.163
1439	133.9406875
1453	135.2771875
1457	135.559625
1468	137.433625
1472	137.6265
1483	138.7770625
1487	139.04575
1489	139.1421875
1493	139.6244375
1496	139.82425
1501	141.0369375
1505	141.209125
1509	141.470875
1518	142.4078125
1522	142.7109375
1531	145.0604375
1536	145.34975
1539	145.5701875
1543	145.7355625
1558	147.9195625
1563	148.525875
1570	150.6343125
1574	150.7583125
1581	151.5436875
1594	152.838875
1597	153.018
1604	153.6449375
1608	153.913625
1615	154.533625
1622	155.1123125
1625	155.3328125
1633	157.434375
1642	158.1095625
1647	158.3369375
1655	158.853625
1661	159.2876875
1668	159.914625
1675	161.4235
1683	161.8575
1687	162.02975
1694	162.7600625
1700	163.015
1707	163.690125
1710	163.8899375
1719	164.5238125
1721	164.62025
1758	168.2444375
1764	168.56825
1773	169.1951875
1778	169.4431875
1786	170.180375
1791	170.4215
1795	170.614375
1806	171.503125
1811	171.7098125
1815	171.999125
1825	173.7009375
1829	173.8731875
1833	173.9903125
1840	174.6585625
1845	175.1545625
1848	175.3268125
1852	175.4645625
1858	176.098375
1862	176.408375
1869	176.94575
1872	177.2144375
1879	179.336625
1884	179.8258125
1887	179.9980625
1892	180.32875
1898	180.5905625
1905	181.4035625
1909	181.5689375
1919	183.3946875
1924	183.9045
1930	184.1731875
1937	184.79325
1941	184.9516875
1949	185.7578125
1952	185.93
1956	186.0884375
1964	186.8600625
1973	189.1269375
1976	189.333625
1980	189.6091875
1982	189.691875
1991	190.497875
1998	191.1040625
2002	191.2969375
2005	191.4966875
2013	192.089125
2018	193.3086875
2022	193.4878125
2026	193.6049375
2035	194.3628125
2042	194.9621875
2050	195.7269375
2055	196.243625
2059	196.367625
2064	196.911875
2071	199.1511875
2075	199.3991875
2082	200.115625
2086	200.3774375
2092	200.9768125
2096	201.1765625
2100	201.376375
2105	201.8310625
2109	202.086
2114	203.395125
2116	203.519125
2121	204.2563125
2124	204.4216875
2128	204.580125
2137	205.5239375
2141	205.7581875
2151	206.5573125
2154	206.75025
2158	206.881125
2168	208.445125
2172	208.638
2179	209.2925
2183	209.5749375
2188	209.905625
2193	211.6833125
2198	211.958875
2202	212.08975
2211	213.047375
2214	213.3298125
2219	213.9154375
2223	214.060125
2233	215.5345625
2237	215.920375
2245	217.1123125
2249	217.36725
2260	218.3730625
2263	218.6279375
2267	218.9104375
2272	219.4409375
2279	219.9989375
2284	220.5294375
2287	220.7016875
2301	223.48525
2306	223.7056875
2312	223.974375
2322	225.6830625
2326	225.9379375
2331	226.144625
2337	226.4821875
2341	226.8818125
2348	227.495
2356	229.038375
2360	229.2105625
2364	229.35525
2375	230.0855
2383	230.7538125
2389	231.19475
2393	231.5668125
2399	232.138625
2403	232.44175
2407	232.6139375
2413	233.0479375
2420	233.6473125
