141	0.164625
145	0.288625
151	0.93625
159	1.721625
162	1.887
166	2.1419375
177	3.2028125
181	3.4508125
187	4.0501875
191	4.2844375
201	6.062
207	6.5098125
213	7.1091875
216	7.2745625
220	7.3916875
225	7.9910625
231	8.2253125
236	8.5490625
239	8.69375
247	9.34825
254	10.0440625
258	11.828625
262	12.0490625
269	12.669125
273	12.979125
275	13.0686875
283	13.8815625
288	14.3086875
292	14.529125
296	14.64625
306	16.3824375
308	16.4926875
316	17.2711875
320	17.505375
324	17.73275
338	19.7651875
342	19.923625
344	20.04075
351	20.6470625
362	21.6323125
366	21.907875
370	22.155875
375	22.6725625
382	23.1961875
385	23.4235625
395	25.718
399	26.1175625
403	26.28975
411	27.6608125
415	27.812375
421	28.4049375
428	30.52025
431	30.761375
434	30.9198125
437	31.1540625
441	31.5743125
451	32.9521875
454	33.110625
457	33.3379375
461	33.7995
499	37.36175
503	37.48575
509	38.07825
513	38.3469375
525	40.055625
529	40.227875
533	40.35875
542	41.10275
546	41.3783125
552	43.4798125
554	43.63825
563	44.5131875
568	44.78875
581	45.966875
588	46.62825
594	47.827125
596	47.9855625
604	48.8260625
612	50.204
614	50.334875
626	51.4578125
629	51.6300625
635	52.263875
646	54.193
650	54.3583125
653	54.5443125
662	55.5295625
665	55.7224375
667	55.812
678	56.92125
689	57.7273125
693	58.0441875
697	58.41625
700	58.5884375
704	58.7055625
709	59.2774375
716	61.26875
720	61.4271875
732	62.60525
735	62.8739375
739	63.2804375
743	63.5560625
751	64.9340625
755	65.085625
766	66.084625
773	68.1655
777	68.372125
785	69.1643125
817	72.478625
823	72.7335625
827	72.995375
829	73.0849375
840	73.9529375
843	74.1389375
847	74.393875
856	75.193
861	75.5236875
867	76.7363125
871	76.901625
873	77.0600625
883	77.88675
886	78.0796875
890	78.2105625
896	78.7893125
904	81.2215625
908	81.3455625
917	82.130875
921	82.38575
925	82.81975
929	82.9644375
941	84.232125
949	85.575625
953	85.75475
957	85.8649375
962	86.2989375
970	86.7674375
972	86.863875
982	87.7386875
989	88.3586875
992	88.57225
994	88.6825
1004	89.3714375
1008	89.647
1012	89.895
1019	90.41175
1025	90.701125
1029	90.956
1034	91.4520625
1042	93.7258125
1047	94.0565
1050	94.2769375
1055	94.545625
1058	94.717875
1067	95.59975
1073	96.1301875
1078	96.536625
1083	96.7984375
1087	96.9155625
1093	97.384
1101	99.0375625
1105	99.1615625
1113	99.9400625
1120	102.0209375
1126	102.427375
1129	102.6065
1135	104.7425
1138	104.94225
1141	105.1420625
1146	105.6725625
1149	105.8379375
1153	106.072125
1194	110.0476875
1198	110.1854375
1210	111.2876875
1215	111.5288125
1219	111.68725
1226	112.383125
1230	112.7345
1234	113.09275
1245	114.0916875
1253	115.65575
1257	115.8073125
1262	116.37225
1268	116.7029375
1275	117.378125
1277	117.4608125
1290	119.982625
1295	120.2719375
1298	120.47175
1300	120.5613125
1308	121.3260625
1313	121.9116875
1316	122.0908125
1324	123.523875
1328	123.87525
1335	125.9354375
1338	126.1351875
1341	126.3694375
1345	126.645
1350	127.09975
1357	128.5810625
1361	128.9806875
1372	131.2544375
1384	132.942375
1388	133.3695
1400	135.126375
1403	135.3536875
1407	135.5259375
1418	136.263125
1426	136.9865625
1431	137.2483125
1435	137.4894375
1467	140.7348125
1473	141.058625
1482	141.6855625
1486	141.912875
1490	142.03
1497	142.657
1502	142.9531875
1509	143.4354375
1513	143.7316875
1515	143.814375
1521	144.406875
1528	145.00625
1532	145.19225
1534	145.3506875
1541	145.9293125
1548	147.9550625
1555	148.5269375
1559	148.6991875
1564	149.1539375
1571	149.7464375
1576	150.0770625
1580	150.1941875
1585	150.766
1595	152.1990625
1599	152.3161875
1607	153.1015625
1612	153.673375
1619	155.6646875
1623	155.9264375
1626	156.1124375
1630	156.264
1635	156.711875
1642	158.8340625
1646	159.0406875
1658	160.136125
1664	160.72175
1672	162.2375
1676	162.3959375
1684	163.1468125
1691	163.8081875
1695	164.1664375
1700	165.46175
1704	165.634
1708	165.751125
1723	167.27375
1728	167.480375
1733	167.79725
1743	168.362125
1745	168.4516875
1755	169.250875
1760	169.857125
1763	170.0155625
1767	170.1464375
1774	170.697625
1778	170.993875
1782	171.1385625
1788	171.7930625
1793	172.178875
1800	172.799
1803	172.964375
1807	173.19175
1812	175.2519375
1815	175.4310625
1820	175.8789375
1823	176.0580625
1827	176.3680625
1830	176.561
1837	177.2499375
1842	177.4979375
1844	177.594375
1853	178.4693125
1859	178.7655625
1862	178.97225
1864	179.089375
1870	180.4191875
1874	180.6120625
1878	181.0323125
1883	181.50075
1885	181.611
1918	184.8839375
1921	185.104375
1925	185.2559375
1930	185.8139375
1938	187.36425
1940	187.495125
1946	188.0600625
1950	188.507875
1958	189.0039375
1962	189.1761875
1967	189.5965
1970	189.76875
1974	189.9065
1981	190.5954375
1984	190.8365625
1988	191.07075
1996	192.627875
2000	192.8551875
2008	194.31575
2010	194.446625
2016	194.9013125
2026	195.7693125
2029	195.9415625
2033	196.0724375
2042	197.7535625
2047	198.0015625
2051	198.2633125
2058	198.786875
2062	198.9866875
2066	199.241625
2073	199.6618125
2081	200.2886875
2084	200.481625
2088	200.59875
2094	202.721
2099	202.9414375
2105	203.5339375
2109	203.926625
2118	204.7326875
2123	205.0013125
2130	205.6489375
2136	205.9383125
2145	206.544625
2150	206.8201875
2156	207.0475625
2163	207.5918125
2166	207.764
2171	208.067125
2174	208.26
2178	208.3978125
2183	209.066125
2188	209.2659375
2196	211.4915
2201	212.0495625
2203	212.139125
2208	212.5800625
2211	212.731625
2213	212.8211875
2219	213.4825625
2227	214.8880625
2231	215.115375
2238	215.7216875
2245	217.8025625
2249	218.140125
2252	218.4088125
2260	219.69025
2263	219.8624375
2266	220.0553125
2269	220.3721875
2273	220.5375
2278	221.01975
2283	221.2746875
2285	221.36425
2292	222.0669375
2295	222.335625
2303	224.451
2307	224.575
2316	225.505125
2320	225.822
2323	226.02175
2332	226.8829375
2336	227.1378125
2342	227.4340625
2349	228.067875
2355	228.5156875
2358	228.6879375
2364	229.879875
2368	230.07275
2373	230.582625
2379	231.0166875
2389	231.7125625
2394	232.20175
2401	232.7459375
2405	233.1524375
