141	0.164625
145	0.288625
153	0.908625
159	1.4115625
168	2.1418125
171	2.355375
173	2.5138125
179	3.071875
184	3.313
186	3.3956875
194	4.20175
199	4.73225
203	5.0146875
207	5.2626875
212	5.5726875
217	6.0205
221	6.3925625
224	6.5579375
228	6.7025625
233	7.295
241	9.548125
245	9.9270625
250	10.388625
253	10.560875
257	10.78825
264	11.435875
269	11.677
271	11.7665625
278	12.7241875
280	12.8344375
288	13.8265
292	13.9918125
294	14.081375
304	15.1354375
308	15.4936875
312	15.776125
320	16.23775
323	16.534
330	18.74575
334	18.99375
338	19.2210625
347	19.8755625
349	19.965125
355	20.6678125
361	21.17075
368	21.7769375
373	22.204125
378	23.3134375
382	23.67175
389	25.752625
391	25.938625
397	26.234875
402	26.6000625
405	26.7515625
409	27.1511875
413	27.3165
418	27.9709375
425	28.5565625
428	28.76325
433	29.238625
436	29.4039375
440	29.5416875
477	32.9868125
481	33.14525
486	33.6481875
494	34.3923125
498	34.723
505	35.3775
512	37.3963125
516	37.7959375
523	38.450375
534	41.0410625
538	41.1995
549	42.0813125
552	42.2466875
563	43.1905
567	43.431625
572	43.67275
575	43.89325
577	43.9896875
585	45.4640625
589	45.8085625
596	47.8963125
599	48.0823125
602	48.3165625
606	48.702375
608	48.7919375
614	50.9210625
617	51.2035
622	51.6513125
625	51.8924375
628	52.11975
633	52.422875
639	53.77325
643	53.9454375
645	54.20725
648	54.4208125
658	55.17175
661	55.3715
664	55.654
676	56.515125
686	58.2720625
695	58.97475
700	59.2571875
704	59.477625
740	62.9571875
744	63.322375
748	63.6461875
754	64.0113125
760	64.459125
764	64.6244375
773	66.4434375
778	67.656125
782	67.9248125
789	68.5310625
797	69.2544375
806	70.8390625
810	71.0113125
814	71.1284375
822	71.893125
827	72.3685
832	72.78875
844	75.4415
853	76.247625
860	77.4809375
864	77.83925
871	79.148375
874	79.4170625
879	79.7753125
892	80.967125
897	81.1944375
900	81.5045
904	81.67675
909	82.14525
912	82.2968125
914	82.4139375
923	84.694625
925	84.804875
932	85.473125
941	86.27225
946	86.602875
950	86.72
959	87.51225
964	87.9463125
972	89.4483125
976	89.6205625
980	89.76525
986	90.2268125
990	90.626375
995	90.957
999	91.0671875
1009	92.7620625
1013	93.0445
1017	93.285625
1026	94.1466875
1028	94.23625
1036	95.01475
1043	96.5098125
1048	96.9024375
1082	100.3475625
1086	100.74025
1092	101.33275
1096	101.711625
1105	102.517625
1110	102.7725625
1114	102.910375
1120	103.502875
1126	103.8404375
1130	104.2400625
1138	105.6731875
1142	105.9349375
1147	106.4379375
1149	106.5688125
1155	107.078625
1158	107.28525
1160	107.3748125
1171	108.4909375
1182	111.109125
1186	111.233125
1192	111.8118125
1196	111.97025
1200	112.383625
1204	112.5283125
1209	113.06575
1212	113.306875
1216	113.53425
1230	115.477125
1234	115.821625
1241	117.9025
1246	118.1780625
1251	118.7705625
1256	119.0185625
1264	119.679875
1266	119.7625625
1272	120.458375
1278	120.9750625
1288	121.9120625
1292	122.1531875
1303	124.0065
1307	124.1925
1310	124.36475
1315	124.557625
1320	124.95725
1324	125.1019375
1329	125.6393125
1332	125.790875
1334	125.8873125
1343	126.7209375
1349	127.161875
1356	129.249625
1360	129.4700625
1367	130.124625
1371	130.4070625
1376	130.86175
1380	131.054625
1385	131.4679375
1390	131.798625
1401	133.5486875
1405	133.70025
1411	134.403
1415	134.6234375
1419	134.7474375
1428	135.82225
1432	136.13225
1436	136.5249375
1440	136.883125
1448	137.4205
1452	137.59275
1458	137.9854375
1492	141.3616875
1497	141.568375
1502	141.9679375
1506	142.19525
1510	142.3605625
1515	143.021875
1519	143.2216875
1523	143.37325
1532	144.344625
1535	144.516875
1541	144.937125
1547	145.4883125
1553	147.5003125
1555	147.713875
1558	147.9894375
1563	148.5336875
1567	148.8299375
1575	150.290625
1580	150.9038125
1587	152.9846875
1589	153.19825
1592	153.44625
1596	153.8665
1605	155.3960625
1609	155.5545
1615	156.1263125
1625	158.489625
1627	158.7031875
1630	158.8960625
1638	159.5023125
1642	159.75725
1647	160.0190625
1650	160.16375
1662	161.245375
1672	162.0306875
1678	162.5749375
1685	164.6558125
1689	164.91075
1701	165.9785625
1711	166.92925
1714	167.0876875
1718	167.2255
1725	167.8800625
1733	169.18225
1740	169.8711875
1747	170.2983125
1750	170.45675
1754	172.2344375
1758	172.3584375
1768	173.4125
1772	173.77075
1776	174.0531875
1784	174.494125
1788	174.7559375
1795	175.210625
1800	175.458625
1804	175.6033125
1808	175.9684375
1813	176.1613125
1818	177.4704375
1822	177.684
1827	177.9044375
1832	178.4004375
1836	179.406375
1846	180.267625
1850	180.50875
1855	180.9496875
1858	181.142625
1862	181.3010625
1894	184.642875
1898	185.0080625
1902	185.1320625
1909	186.572
1913	186.82
1923	187.6123125
1927	187.874125
1932	188.4941875
1934	188.6113125
1939	189.19
1942	189.36225
1946	189.6171875
1960	191.587625
1964	191.883875
1968	192.056125
1976	193.062
1986	194.619125
1990	194.853375
1994	195.1771875
1997	195.3631875
2003	195.8316875
2007	196.0590625
2015	198.1399375
2017	198.2501875
2024	198.9184375
2033	199.7175625
2038	200.0481875
2042	200.1790625
2051	200.9644375
2056	201.47425
2061	201.9083125
2065	202.0254375
2071	202.5834375
2075	202.9485625
2079	203.2516875
2083	203.630625
2090	204.946625
2094	205.1601875
2099	205.4150625
2103	205.5735
2111	206.331375
2118	206.6965625
2121	206.90325
2131	207.785125
2138	208.3500625
2142	208.4740625
2147	209.0251875
2150	209.1974375
2154	209.541875
2169	212.2909375
2173	212.5389375
2180	213.172875
2182	213.2555625
2188	213.93075
2197	215.487875
2201	215.83925
2208	217.9200625
2214	218.3954375
2217	218.6503125
2220	218.8363125
2224	219.3048125
2229	219.552875
2231	219.6424375
2235	220.0695625
2240	220.4001875
2244	220.5173125
2253	221.3095625
2257	221.6884375
2261	222.0605
2266	222.349875
2268	222.4463125
2278	223.4935
2283	223.8930625
2286	224.0790625
2288	224.2375
2295	226.380375
2300	226.6008125
2305	226.9108125
2310	227.44125
2313	227.6135
2316	227.8270625
2327	229.4875
2337	231.0169375
2340	231.189125
2342	231.2718125
2347	231.89875
2351	232.14675
2361	233.056125
2367	233.3936875
2375	235.529625
2379	235.667375
2385	236.2391875
2392	236.73525
2400	238.354375
2404	238.5128125
2411	240.014875
2414	240.2146875
2421	241.58575
2425	241.882
2429	242.281625
2439	243.0393125
2442	243.239125
2447	245.140875
2451	245.2993125
2459	245.98825
2462	246.153625
2466	246.4085625
2474	246.98725
2481	248.578875
2485	248.8613125
2489	249.136875
2494	249.57775
2498	249.853375
2507	250.6525
2511	251.1279375
2517	251.6515
2524	252.9811875
2529	253.470375
2533	253.60125
2542	254.37975
2545	254.545125
2549	254.6898125
2555	255.2754375
2559	255.5785625
2562	255.7508125
2570	256.488
2574	256.715375
2582	258.0313125
2586	258.244875
2591	258.4653125
2594	258.789125
2603	260.47025
2611	261.24875
2622	262.8609375
2628	263.1226875
2635	263.7565625
2637	263.846125
2644	264.5419375
2648	264.8450625
2652	265.1895625
2660	265.885375
2667	266.45725
