141	0.164625
145	0.3230625
158	1.735375
163	2.045375
173	2.8789375
178	4.0985
181	4.2914375
185	4.4429375
191	5.8140625
199	8.08775
203	8.266875
208	8.8249375
217	9.617125
220	9.803125
224	9.92025
231	10.664375
237	11.256875
242	11.5255625
244	11.615125
251	12.317875
254	12.565875
259	13.9163125
263	14.0885625
267	14.3159375
275	15.0393125
283	15.8728125
285	15.962375
292	16.8235625
298	17.1129375
300	17.195625
311	18.2015
318	18.539125
323	18.74575
329	20.7715
331	20.9850625
339	22.032375
341	22.156375
351	23.493
355	23.6514375
357	23.741
369	24.8225625
374	25.2635
378	25.4219375
383	25.9524375
390	27.4544375
394	27.8265
402	28.5154375
407	28.8116875
414	29.4179375
417	29.6521875
422	30.11375
431	30.844
464	34.2340625
468	34.4269375
479	35.226125
482	35.3845625
484	35.474125
493	36.3766875
496	36.5489375
500	36.71425
505	37.18275
513	37.9613125
517	38.0853125
526	40.2833125
528	40.496875
536	41.4820625
538	41.6060625
546	42.5016875
550	42.660125
552	42.7496875
560	43.659125
565	44.1
568	44.2653125
572	44.48575
582	45.257375
585	45.4709375
592	46.0703125
596	46.2976875
602	47.6756875
604	47.8065625
611	48.4471875
614	48.6263125
616	48.7434375
621	49.184375
626	49.701125
634	50.1489375
636	50.307375
643	50.8791875
647	51.09275
651	51.3476875
658	51.9745625
663	52.5119375
670	54.572125
678	55.364375
684	55.6330625
689	55.874125
694	56.2875
699	57.3003125
703	57.451875
710	58.08575
717	60.166625
724	60.834875
757	64.0595625
761	64.2524375
771	65.0998125
774	65.2720625
778	65.437375
784	66.002375
788	66.2848125
794	67.5456875
798	67.7248125
802	67.862625
811	68.627375
815	68.9511875
825	71.245625
830	71.4798125
839	72.2444375
841	72.334
848	73.6913125
850	73.8015625
857	74.669625
866	76.137125
870	76.323125
872	76.433375
878	76.977625
883	77.21875
885	77.3083125
896	78.341625
908	79.3543125
913	79.657375
916	79.8640625
925	80.8079375
928	80.9733125
932	81.1110625
939	81.8069375
942	81.9791875
946	82.1306875
955	84.3355
957	84.44575
964	85.1276875
971	85.83725
979	86.5675625
983	86.808625
987	87.098
991	87.215125
996	87.7525
1007	89.5025
1017	90.191375
1020	90.3566875
1024	90.577125
1030	91.06625
1034	91.53475
1038	91.7965625
1045	92.3200625
1048	92.6783125
1059	95.103625
1064	95.3240625
1069	95.5789375
1077	96.309125
1080	96.481375
1083	96.7638125
1094	98.2864375
1099	98.89275
1106	100.973625
1111	101.2629375
1114	101.483375
1118	101.7038125
1129	103.378
1133	103.7844375
1137	104.0186875
1171	107.3260625
1174	107.5603125
1178	107.8428125
1183	108.27
1188	108.58
1192	108.710875
1197	109.1793125
1207	110.59175
1211	110.7639375
1214	111.05325
1218	111.3908125
1221	111.5355
1226	111.9970625
1229	112.1624375
1232	112.369125
1237	112.7273125
1243	114.6979375
1247	114.9321875
1252	115.14575
1256	115.6349375
1258	115.903625
1261	116.1723125
1266	116.5305625
1270	116.6476875
1274	117.150625
1277	117.3435625
1281	117.5985
1285	117.9774375
1293	119.4449375
1297	119.80325
1304	121.11925
1308	121.2914375
1310	121.55325
1313	121.80125
1317	122.2008125
1322	122.634875
1327	122.869125
1329	123.1378125
1332	123.3789375
1338	125.487375
1342	125.659625
1349	126.2659375
1356	126.87225
1360	127.1685
1365	127.4371875
1369	127.637
1374	128.11925
1377	128.284625
1381	128.4430625
1389	129.1595625
1393	129.5040625
1398	129.8071875
1404	130.08275
1410	130.6408125
1414	130.7923125
1420	131.45375
1426	132.7076875
1430	132.9074375
1433	133.2105625
1437	133.54125
1440	133.69275
1443	133.9476875
1448	134.4368125
1451	134.6021875
1456	134.9673125
1463	135.5391875
1466	135.7734375
1472	136.0696875
1476	136.524375
1479	136.7173125
1513	140.066
1517	140.5345
1521	140.83075
1528	141.3543125
1531	141.505875
1533	141.5954375
1539	142.236125
1544	142.78725
1551	143.3935625
1555	143.531375
1563	144.9645
1567	145.1505
1570	145.32275
1574	145.577625
1580	146.1769375
1585	146.56275
1592	147.1965625
1595	147.36875
1598	147.603
1601	148.0164375
1611	150.3935625
1615	150.5795625
1627	151.654375
1638	152.508625
1641	152.6601875
1643	152.756625
1649	153.40425
1654	154.0243125
1662	155.0301875
1666	155.236875
1668	155.347125
1677	156.1256875
1684	156.7801875
1690	157.186625
1692	157.2830625
1699	157.9031875
1702	158.0754375
1708	158.7161875
1723	161.0930625
1725	161.2170625
1731	161.726875
1735	162.0438125
1737	162.1265
1742	163.3529375
1744	163.511375
1751	164.0831875
1755	164.3725625
1757	164.531
1765	165.8745
1767	165.9985
1776	166.811375
1780	167.1145
1782	167.19025
1792	169.6224375
1796	169.8015625
1803	170.5800625
1811	171.179375
1815	171.317125
1819	171.7511875
1828	172.58475
1832	172.8671875
1836	173.26675
1849	175.065
1852	175.2371875
1856	175.4851875
1863	176.139625
1868	176.5874375
1873	177.0559375
1876	177.228125
1882	177.731
1887	177.979
1890	178.1443125
1894	178.3923125
1899	178.6954375
1902	178.8745625
1906	179.0260625
1918	179.687375
1920	179.797625
1926	180.403875
1931	180.6105
1937	180.9411875
1943	183.1391875
1947	183.297625
1954	183.9521875
1958	184.2553125
1965	184.827125
1969	184.94425
1974	185.502375
1979	185.9915625
1985	186.377375
1992	187.941375
1996	188.1205
2000	188.2444375
2008	188.8644375
2012	189.181375
2017	189.767
2021	190.0219375
2025	190.1390625
2030	190.6833125
2034	191.1173125
2037	191.2895625
2042	191.723625
2046	191.9578125
2053	192.5846875
2060	194.0453125
2068	194.562
2071	194.727375
2076	194.9891875
2080	195.26475
2085	195.6574375
2090	196.10525
2094	196.2568125
2099	196.6770625
2106	197.428
2113	198.812875
2117	198.992
2122	199.2538125
2131	200.9556875
2136	202.168375
2140	202.4370625
2142	202.526625
2147	203.13975
2150	203.305125
