141	0.164625
145	0.3230625
158	1.4460625
162	1.6871875
168	2.1419375
172	2.5070625
178	3.7816875
183	4.284625
186	4.58775
194	6.131125
197	6.3998125
202	6.8131875
209	7.5159375
213	7.6675
221	8.3564375
225	8.638875
230	9.0798125
234	9.252
242	10.0649375
249	12.387
252	12.6695
256	12.9588125
263	13.5030625
269	14.012875
276	15.3013125
281	15.907625
288	17.9885
291	18.2020625
297	18.773875
304	19.4628125
307	19.697
316	20.5374375
324	21.398625
328	21.63975
333	21.9153125
339	22.425125
342	22.7144375
351	25.029625
355	25.153625
362	25.8425625
366	26.1319375
372	26.7313125
376	27.0206875
378	27.0964375
385	27.723375
396	29.459625
400	29.6525
410	30.5825625
414	30.871875
420	31.47125
424	31.712375
428	32.132625
433	32.552875
440	34.75775
450	35.66025
454	35.839375
460	36.431875
467	37.0243125
470	37.2654375
472	37.355
477	37.9268125
480	38.1335
487	39.4081875
491	39.7665
498	41.847375
502	42.0540625
506	42.1849375
512	42.805
515	43.03925
520	43.32175
523	43.556
528	43.9005
536	44.5963125
574	48.2413125
578	48.565125
585	49.2403125
589	49.5296875
591	49.612375
598	50.2393125
607	52.63025
609	52.7405
620	53.8565
628	54.5316875
634	54.786625
637	54.9933125
639	55.1035625
649	55.87525
657	56.6191875
661	56.83275
665	56.9705625
674	58.582875
676	58.71375
684	59.3061875
688	59.6713125
694	59.94
699	60.539375
703	60.7874375
715	61.88975
719	62.1653125
724	62.60625
728	62.7509375
737	63.6326875
748	66.1751875
752	66.430125
756	66.9399375
759	67.1053125
763	67.2568125
771	68.1180625
778	68.63475
781	68.8896875
788	70.164375
791	70.398625
798	72.486375
802	72.6379375
812	73.6575
818	74.0984375
821	74.3395625
824	74.5255625
827	74.8631875
831	75.1939375
834	75.4695
841	76.13775
845	76.372
849	76.8818125
852	77.0540625
855	77.343375
892	80.8849375
897	81.52575
904	82.2353125
908	82.5246875
910	82.6004375
918	83.2341875
928	85.5906875
938	86.39675
941	86.6723125
945	86.9479375
950	87.402625
958	88.1466875
962	88.36025
972	89.2489375
976	89.6140625
983	90.909375
987	91.2676875
994	93.3485625
1003	94.17525
1006	94.4370625
1010	94.58175
1020	96.5040625
1029	97.454875
1032	97.7166875
1036	97.8820625
1040	98.2265625
1043	98.4745625
1050	100.7276875
1052	100.94125
1062	102.0641875
1065	102.2433125
1070	102.7325
1077	103.325
1082	103.738375
1086	104.1655
1093	104.7441875
1104	105.6535625
1112	106.48725
1125	107.51375
1135	110.014875
1139	110.138875
1151	111.1378125
1156	111.7785625
1159	111.937
1161	112.0954375
1168	112.7636875
1172	113.0599375
1176	113.19775
1181	113.721375
1184	113.955625
1189	114.4860625
1229	118.2274375
1234	118.6339375
1238	118.868125
1248	120.4458125
1252	120.597375
1264	121.8650625
1273	122.6159375
1277	122.760625
1288	123.6975
1297	125.3373125
1301	125.5301875
1314	126.6393125
1319	127.094
1322	127.26625
1326	127.4315625
1331	128.003375
1337	128.3823125
1347	130.097875
1356	130.7385
1363	131.3929375
1370	132.1163125
1374	132.2885
1382	132.9774375
1386	133.17725
1390	133.3219375
1400	135.56125
1404	135.8850625
1415	136.8770625
1424	137.6555
1429	138.055
1433	138.406375
1445	139.9979375
1449	140.3424375
1456	142.4233125
1460	142.67825
1471	143.505
1474	143.67725
1478	143.815
1484	144.4281875
1488	144.745125
1492	144.86225
1500	145.6338125
1503	145.7991875
1507	145.9506875
1515	148.30025
1518	148.4931875
1522	148.603375
1532	150.3809375
1539	151.069875
1543	151.4970625
1547	151.634875
1581	155.073125
1585	155.2246875
1596	156.40275
1600	156.6783125
1610	157.5945625
1614	157.808125
1622	159.2136875
1630	159.8544375
1633	160.1575625
1640	160.998125
1644	161.2323125
1648	161.3631875
1658	163.071875
1662	163.2440625
1669	163.9191875
1673	164.1120625
1684	165.09725
1687	165.434875
1692	165.7105
1696	165.8551875
1700	166.1996875
1710	167.1505
1716	167.44675
1719	167.6534375
1731	168.721375
1734	169.003875
1738	169.141625
1748	169.9614375
1755	172.0491875
1759	172.2283125
1765	172.937875
1775	173.8473125
1778	174.116
1786	174.5706875
1790	174.791125
1794	174.928875
1799	175.459375
1806	176.899375
1810	177.09225
1820	178.015375
1827	180.103125
1833	180.5165
1837	180.7645625
1843	181.164125
1849	183.2036875
1854	183.424125
1863	184.057875
1866	184.2783125
1871	184.664125
1877	185.02925
1881	185.2565625
1885	185.3805625
1891	186.0213125
1896	186.5449375
1901	186.8274375
1906	187.9643125
1910	188.1434375
1914	188.2743125
1919	188.908125
1922	189.0735
1926	189.3076875
1935	190.1068125
1939	190.3616875
1943	190.7336875
1951	191.3881875
1954	191.60175
1962	192.1390625
1998	195.8115
2002	196.1835625
2006	196.321375
2015	197.947375
2019	198.0989375
2024	198.73275
2028	198.98075
2032	199.35275
2037	199.72475
2041	200.1175
2044	200.358625
2051	201.722875
2055	202.081125
2059	202.2258125
2065	203.5969375
2068	203.7829375
2072	204.0378125
2074	204.1205
2078	204.4580625
2083	204.9196875
2086	205.112625
2090	205.2504375
2102	207.7860625
2112	208.6885625
2116	208.853875
2122	209.446375
2125	209.680625
2130	209.95625
2133	210.1560625
2138	210.617625
2141	210.9345625
2146	211.4375
2150	211.5959375
2160	212.56725
2164	212.822125
2171	214.248375
2176	214.8615625
2183	216.942375
2186	217.19725
2189	217.4108125
2192	217.7139375
2196	218.1410625
2203	218.6853125
2206	218.850625
2210	219.09175
2216	219.456875
2222	220.8141875
2226	220.96575
2231	221.4686875
2234	221.68225
2239	222.0335625
2244	222.2333125
2247	222.4813125
2249	222.5915625
2254	223.08075
2257	223.2391875
2261	223.439
2267	223.85925
2279	226.277625
2284	226.4705
2288	226.85625
2294	227.145625
2301	227.6691875
2306	228.0205625
2310	228.19275
2315	228.7508125
2326	230.6868125
2330	230.8590625
2334	231.0519375
2345	232.822625
2348	233.00175
2352	233.2566875
2357	234.44175
2364	235.1100625
