141	0.164625
145	0.3230625
154	1.1015
158	1.404625
164	1.95575
171	2.568875
173	2.686
178	3.1889375
184	3.7745
187	3.9674375
191	4.091375
198	4.7803125
205	7.0403125
209	7.329625
213	7.805
221	8.5353125
226	8.99
236	10.6986875
240	10.8778125
244	11.015625
251	11.635625
256	11.925
265	12.6208125
270	13.978125
273	14.1710625
277	14.4259375
284	15.865875
286	15.989875
290	16.417
293	16.58925
297	17.037125
301	17.292
306	17.7329375
314	19.992875
317	20.227125
322	20.4544375
327	20.9298125
331	21.1640625
336	21.43275
347	22.87275
351	23.2310625
358	25.3119375
360	25.4979375
365	25.72525
369	26.2006875
374	26.6553125
380	27.94375
384	28.06775
392	28.7428125
401	29.6796875
404	29.907
408	30.3135
412	30.4581875
450	34.027375
454	34.1858125
464	34.8746875
467	35.0400625
471	35.1778125
479	35.7634375
483	36.0183125
491	38.230125
493	38.450625
500	39.1464375
504	39.40825
514	41.1995625
516	41.3649375
524	42.1228125
528	42.4121875
530	42.494875
537	43.0666875
549	44.127625
552	44.293
556	44.43075
566	46.049875
570	46.2151875
572	46.297875
576	46.8215
581	47.152125
585	47.2968125
590	47.717125
593	47.889375
597	48.040875
605	50.2319375
611	50.8175625
615	51.044875
619	51.168875
627	52.4710625
631	52.5950625
640	53.55275
646	54.0694375
653	56.1571875
657	56.481
660	56.7015
664	56.8944375
670	58.306875
674	58.5548125
677	58.8579375
681	59.285125
691	61.483125
694	61.731125
698	62.1445
706	63.605125
710	63.729125
719	64.52825
724	64.93475
732	66.9605
736	67.1189375
744	67.8630625
747	68.0353125
751	68.200625
757	68.72425
761	69.027375
768	69.613
772	69.78525
778	70.4879375
782	70.7635
787	71.0804375
797	72.78225
801	73.0026875
804	73.1749375
809	73.6434375
812	73.8294375
815	74.049875
850	77.4468125
856	77.7155
860	77.9773125
862	78.066875
876	79.2104375
884	80.5953125
888	80.75375
896	81.4909375
908	82.4209375
917	83.0548125
919	83.15125
924	84.4259375
931	85.073625
935	85.2045
942	86.6651875
946	86.87875
950	87.1749375
953	87.3609375
958	87.80875
963	88.043
965	88.1256875
970	88.8215625
975	89.1109375
984	89.972125
987	90.1719375
993	90.612875
1000	91.2398125
1003	91.4051875
1009	92.0115
1012	92.2113125
1016	92.5970625
1025	94.9190625
1029	95.0430625
1035	95.5804375
1038	95.738875
1040	95.8215625
1044	96.1729375
1049	96.751625
1052	96.9583125
1059	97.4129375
1064	97.6678125
1068	97.7986875
1074	98.4049375
1077	98.5565
1080	98.7563125
1084	99.2316875
1094	100.76125
1098	101.1264375
1104	102.4355625
1108	102.6078125
1112	102.745625
1122	103.5999375
1130	105.0468125
1134	105.412
1140	106.8175625
1145	107.3205
1153	107.913
1156	108.0576875
1188	111.206625
1192	111.3650625
1200	112.081625
1203	112.253875
1207	112.4123125
1211	112.8395
1220	113.7765
1224	114.07275
1230	114.623875
1239	117.056
1243	117.421125
1249	117.6829375
1259	119.3915625
1263	119.612
1269	120.011625
1275	120.2803125
1278	120.4663125
1290	121.541
1293	121.7339375
1295	121.892375
1307	123.0015625
1311	123.2633125
1317	123.587125
1322	123.897125
1325	124.09
1330	124.4413125
1337	126.5910625
1339	126.7701875
1346	127.9139375
1350	128.2653125
1357	130.37375
1359	130.5666875
1364	130.9731875
1368	131.131625
1375	131.6138125
1379	132.0065
1388	134.0253125
1390	134.1355625
1396	134.755625
1401	135.31375
1404	135.5135625
1408	135.8304375
1412	136.1405
1418	136.7123125
1422	136.987875
1429	137.4425625
1433	137.725
1439	138.96525
1443	139.1374375
1447	139.2683125
1456	140.074375
1468	140.94925
1476	141.7346875
1481	142.1205625
1485	142.258375
1493	142.9196875
1498	143.4364375
1503	143.8015625
1505	143.9118125
1540	147.3363125
1544	147.5154375
1551	148.128625
1555	148.424875
1560	148.7005
1564	148.87275
1573	149.61675
1577	149.9611875
1582	150.29875
1590	150.849875
1598	151.401
1605	152.083
1613	152.6823125
1615	152.771875
1622	155.025
1626	155.149
1633	155.782875
1642	157.35375
1646	157.5053125
1651	158.015125
1659	159.5378125
1663	159.689375
1670	160.150875
1682	161.40475
1687	161.68725
1694	162.286625
1699	162.548375
1705	163.030625
1712	164.3053125
1723	165.063125
1733	165.944875
1735	166.0344375
1742	166.737125
1747	167.0058125
1751	167.28825
1759	168.0943125
1771	170.4025
1781	171.1535625
1785	171.5806875
1788	171.7598125
1799	173.3583125
1803	173.509875
1810	174.1505625
1818	174.8739375
1825	176.95475
1830	177.45075
1833	177.616125
1835	177.6988125
1841	178.456625
1846	178.9044375
1849	179.111125
1853	179.3385
1859	180.626875
1863	180.75775
1870	181.4053125
1874	181.674
1878	181.8186875
1883	182.3629375
1892	184.54025
1897	185.0431875
1900	185.2085625
1903	185.3808125
1907	185.6770625
1913	186.931
1917	187.1445625
1922	187.530375
1925	187.6956875
1928	187.8955
1932	188.1779375
1936	188.3156875
1941	188.853125
1948	189.50075
1952	189.74875
1961	191.2851875
1965	191.443625
1974	192.1876875
1983	193.8413125
1987	194.0755
1994	194.5164375
2006	196.3904375
2010	196.548875
2014	196.8589375
2016	196.9691875
2023	197.671875
2031	198.471
2039	199.008375
2049	201.4336875
2054	201.6196875
2058	201.8745625
2064	202.398125
2066	202.4808125
2072	203.0044375
2075	203.224875
2079	203.342
2088	204.1755625
2092	204.4098125
2096	204.7818125
2104	205.3260625
2107	205.5603125
2111	205.68425
2121	207.262
2127	207.6340625
2132	208.9638125
2135	209.1429375
2139	209.397875
2144	210.5829375
2148	210.741375
2156	211.37525
2167	212.3673125
2170	212.5326875
2174	212.691125
