141	0.164625
145	0.3230625
152	0.757
161	1.5285
169	2.2794375
174	2.6651875
181	3.1680625
184	3.4091875
188	3.6709375
195	4.111875
198	4.284125
207	6.62
211	6.861125
220	7.736125
223	8.01175
233	9.51375
238	10.1200625
245	11.4360625
249	11.6151875
253	11.76675
261	12.428125
264	12.683
268	13.0895
272	13.2341875
283	15.8730625
285	16.0935625
296	17.182125
301	17.51275
305	17.6505625
313	18.436
317	18.73225
323	19.331625
327	19.621
329	19.69675
341	20.681875
344	20.8403125
348	21.171
352	21.3225625
360	22.08725
365	22.328375
371	23.7476875
375	23.9543125
379	24.0714375
391	25.1805625
398	25.800625
402	26.07625
407	26.5515625
412	26.9925
422	27.6814375
427	27.9294375
431	28.205
435	28.5908125
437	28.68725
449	29.6655
452	29.8308125
457	31.7876875
461	31.9668125
468	32.428375
476	33.9855
480	34.1370625
486	34.6675625
492	35.9284375
496	36.100625
500	36.2453125
506	36.74825
517	37.699
522	38.2570625
527	38.580875
531	38.9115625
534	39.0975625
538	39.2146875
543	39.752125
550	40.4755625
554	40.696
558	40.813125
564	41.46075
597	44.8025625
601	44.9265625
607	45.6155
618	46.5179375
622	46.786625
630	48.192125
635	48.412625
637	48.5090625
646	49.328875
651	49.86625
654	50.08675
656	50.1831875
661	50.686125
668	52.8496875
671	53.0839375
681	53.883125
683	53.9795625
693	54.613375
700	55.137
704	55.4125625
712	56.7423125
716	57.0936875
723	59.153875
733	60.015
736	60.269875
742	60.766
746	60.896875
751	61.441125
758	62.075
766	64.390125
770	64.5485625
781	65.94025
785	66.0849375
791	67.0633125
795	67.2424375
799	67.3733125
809	68.275875
816	68.9510625
819	69.1370625
823	69.2541875
828	69.8260625
833	70.2325625
837	70.570125
841	70.8939375
843	70.9835
850	71.534625
856	72.003125
860	72.140875
870	72.933125
877	74.2835625
881	74.49025
885	74.607375
891	75.14475
894	75.3445625
900	75.888875
904	76.1575625
908	76.3229375
915	76.9774375
918	77.1496875
922	77.315
928	77.7765625
965	81.3594375
969	81.511
979	82.4825
982	82.65475
986	82.7925
991	83.39875
995	83.6605625
999	83.9705625
1013	85.9891875
1017	86.2303125
1030	87.4565625
1034	87.7459375
1045	88.6070625
1048	88.7724375
1058	89.4683125
1064	90.805
1069	90.997875
1073	91.2803125
1077	91.6799375
1086	92.5686875
1090	92.823625
1096	93.409125
1102	95.5313125
1104	95.7518125
1112	97.1366875
1114	97.2606875
1128	98.5283125
1134	99.85125
1138	100.0234375
1142	100.16125
1150	100.9535
1160	101.986875
1164	102.27625
1169	102.579375
1175	103.05475
1181	103.537
1185	103.6885625
1193	105.1905625
1197	105.3628125
1201	105.500625
1212	106.534
1218	107.009375
1222	107.36075
1226	107.808625
1229	108.0015625
1233	108.16
1241	110.5165
1243	110.737
1247	111.136625
1253	111.618875
1257	111.736
1267	112.5695625
1272	113.8166875
1277	114.0095625
1283	114.3058125
1286	114.62275
1291	115.1256875
1295	115.3255
1301	115.876625
1305	116.042
1310	116.6758125
1344	120.0314375
1348	120.1554375
1359	121.257625
1367	121.80875
1371	122.0154375
1378	124.2685625
1383	124.4545625
1393	125.3501875
1398	125.618875
1402	125.7704375
1407	126.3009375
1411	126.583375
1419	127.3825
1423	127.7131875
1428	128.33325
1433	128.5881875
1437	128.7810625
1447	129.7041875
1450	129.8695625
1454	130.04175
1460	131.3576875
1464	131.57125
1469	131.8261875
1473	131.9984375
1486	133.3625
1489	133.5209375
1491	133.603625
1496	134.306375
1504	134.9815625
1508	135.2226875
1510	135.31225
1517	135.890875
1520	136.05625
1524	136.2215625
1530	137.4893125
1534	137.8681875
1537	138.0335625
1541	138.198875
1549	140.445125
1562	141.361375
1570	141.981375
1573	142.263875
1577	142.401625
1585	143.889875
1590	144.2136875
1593	144.4341875
1599	144.902625
1607	145.5433125
1610	145.73625
1617	147.824
1621	147.948
1628	148.657625
1633	149.0985625
1636	149.319
1640	149.5531875
1647	150.2008125
1653	151.5168125
1657	151.882
1661	152.006
1669	153.43225
1675	153.8455625
1680	154.2038125
1683	154.403625
1688	154.70675
1693	154.9340625
1697	155.07875
1734	158.771875
1738	158.951
1745	159.3711875
1754	160.108375
1759	160.480375
1762	160.7904375
1767	161.0246875
1771	161.3209375
1777	161.9134375
1785	164.49725
1787	164.7108125
1793	165.324
1796	165.489375
1801	165.7925
1804	166.033625
1808	166.4194375
1810	166.509
1817	168.0110625
1822	168.617375
1829	170.6981875
1839	171.435375
1843	171.869375
1846	172.0346875
1852	173.3506875
1855	173.557375
1863	174.1843125
1870	176.2858125
1874	176.651
1878	176.9748125
1885	178.2563125
1889	178.469875
1893	178.800625
1897	179.0761875
1902	179.6618125
1909	181.1361875
1913	181.28775
1920	181.7218125
1930	183.3821875
1933	183.5613125
1937	183.8093125
1942	185.00125
1946	185.2975
1950	185.71775
1955	185.9795625
1959	186.1035625
1964	186.7029375
1970	186.971625
1973	187.1714375
1982	187.8741875
1986	188.129125
1990	188.37025
1996	188.6389375
1999	188.8249375
2006	189.58275
2009	189.8031875
2012	189.95475
2017	190.189
2022	192.2905625
2025	192.49725
2029	192.80725
2036	193.434125
2041	193.7235
2048	194.3435
2054	194.632875
2060	195.101375
2066	196.293375
2070	196.54825
2077	197.2026875
2082	197.47825
2086	197.6298125
2096	198.422125
2102	198.8975
2108	199.1524375
2111	199.359125
2118	201.5984375
2123	201.818875
2129	203.148625
2132	203.320875
2134	203.45175
2140	204.7194375
2147	206.1594375
2151	206.331625
2155	206.4694375
2165	207.557875
2169	207.8403125
2173	208.1159375
2179	208.7015625
2184	209.335375
2189	209.62475
2196	210.272375
2200	210.5548125
