141	0.164625
145	0.3161875
158	1.71475
166	2.4450625
169	2.6930625
171	2.782625
184	4.0915625
187	4.2844375
189	4.374
194	4.9045
203	5.66925
208	7.571
212	7.7914375
220	8.576875
225	8.914375
229	9.0521875
237	9.8031875
247	10.5885625
249	10.678125
257	11.51175
265	13.055125
269	13.227375
273	13.3651875
283	14.309
287	14.5845625
291	14.867
296	15.404375
300	15.590375
312	16.56875
316	16.8788125
321	17.292125
324	17.4574375
330	17.9948125
335	18.4356875
340	20.213375
343	20.4269375
347	20.681875
358	22.397375
362	22.521375
371	23.2446875
378	24.55375
383	24.8293125
386	25.036
393	25.6974375
400	27.792125
408	29.2665625
412	29.4939375
418	30.052
426	30.6581875
428	30.754625
442	32.0705
454	33.9719375
458	34.17175
465	34.82625
469	35.1086875
474	35.439375
478	35.5909375
483	36.1420625
489	38.415875
494	38.6225625
500	38.9188125
503	39.23575
508	39.7249375
511	39.9040625
515	40.0625
520	40.6481875
524	40.86175
529	41.2545
533	41.48875
540	42.0743125
545	42.4876875
549	42.708125
584	46.043
588	46.21525
596	46.9316875
599	47.1039375
603	47.2416875
612	48.0476875
620	48.8675
624	49.1293125
626	49.218875
636	51.885375
638	52.0438125
649	52.9463125
654	53.221875
656	53.3183125
667	54.3930625
670	54.6204375
679	56.28775
681	56.41175
693	57.53475
696	57.6931875
700	57.927375
706	58.3545625
714	59.9116875
718	60.077
720	60.2354375
729	60.951875
732	61.124125
736	61.2825625
742	61.6615
749	62.336625
753	62.688
760	63.301125
762	63.4595625
770	64.7961875
774	64.9684375
778	65.16825
785	65.66425
793	66.491
798	66.7459375
801	66.9319375
810	67.72425
814	67.889625
824	69.136625
831	69.7153125
835	69.8393125
842	71.995875
846	72.175
856	73.1670625
860	73.4633125
865	73.7733125
874	74.5449375
878	74.875625
887	75.564625
894	77.0045625
898	77.204375
905	77.858875
909	78.1344375
917	78.5685
920	78.747625
925	79.17475
929	79.409
967	83.0814375
971	83.2605625
976	83.7635
980	84.0735
984	84.5075625
991	84.9829375
998	85.665
1001	85.86475
1007	87.063625
1011	87.235875
1016	87.5045625
1020	87.77325
1024	87.938625
1034	89.5920625
1038	89.964125
1044	90.398125
1048	90.9561875
1052	91.2455625
1057	91.5900625
1059	91.67275
1069	94.0981875
1071	94.31175
1079	95.0833125
1083	95.2761875
1085	95.3864375
1092	96.061625
1096	96.2614375
1101	96.8056875
1112	98.5901875
1117	99.1895625
1124	101.2704375
1128	101.59425
1134	102.0558125
1136	102.1798125
1143	103.6129375
1147	103.8540625
1153	104.2191875
1159	104.8323125
1161	104.9494375
1169	107.18875
1173	107.37475
1179	108.2290625
1183	108.4288125
1188	109.1729375
1192	109.3451875
1196	109.4623125
1200	109.96525
1203	110.1856875
1207	110.2959375
1214	111.1089375
1219	111.391375
1223	111.667
1228	112.142375
1239	113.1481875
1242	113.3410625
1246	113.540875
1252	114.7673125
1256	114.9464375
1260	115.0773125
1266	115.697375
1270	115.98675
1278	116.5860625
1281	116.785875
1290	117.6540625
1323	120.9545625
1327	121.202625
1336	122.0708125
1342	122.580625
1346	122.890625
1349	123.0973125
1354	123.545125
1357	123.7518125
1369	124.9505
1380	125.7014375
1384	125.8943125
1386	126.0114375
1391	126.411
1394	126.6176875
1401	127.3479375
1403	127.444375
1407	127.788875
1414	128.5260625
1417	128.8085625
1421	128.973875
1430	131.11675
1433	131.351
1438	131.723
1441	131.9434375
1445	132.088125
1451	132.5979375
1463	134.4513125
1467	134.8233125
1475	136.0290625
1479	136.23575
1484	136.5319375
1487	136.738625
1492	137.2621875
1498	137.517125
1506	138.2474375
1508	138.405875
1520	140.82425
1522	141.0378125
1531	141.954125
1534	142.1539375
1540	142.588
1546	143.0495625
1556	144.5653125
1560	144.7375625
1564	144.875375
1579	146.4875625
1584	146.75625
1592	147.4726875
1597	147.9686875
1601	148.24425
1608	148.7815625
1611	149.0640625
1619	149.7668125
1623	150.0699375
1627	150.442
1633	150.8621875
1669	154.3416875
1673	154.49325
1679	155.0995625
1684	156.456875
1687	156.636
1691	156.8909375
1696	158.0759375
1699	158.33775
1712	160.4528125
1716	160.61125
1727	161.5275
1731	161.7755
1737	162.2095
1741	162.4230625
1745	162.65725
1752	163.291
1756	163.5045625
1760	163.9248125
1764	164.138375
1768	164.276125
1774	165.6955
1778	165.874625
1782	166.184625
1794	167.183625
1803	167.8725625
1807	167.9965625
1812	168.5270625
1818	170.642375
1823	170.92475
1826	171.1314375
1828	171.227875
1834	171.8755
1838	172.1924375
1841	172.4198125
1848	173.8460625
1852	174.08025
1860	174.8725
1866	176.1815625
1870	176.395125
1879	177.1460625
1882	177.339
1886	177.4974375
1892	178.089875
1897	178.434375
1902	178.72375
1906	179.0475625
1910	179.3506875
1917	181.472875
1923	181.7621875
1932	182.9610625
1938	183.2641875
1945	184.277
1949	184.456125
1955	184.7179375
1960	185.2139375
1967	185.9166875
1970	186.075125
1974	186.206
1983	186.9983125
1988	187.2600625
1993	187.804375
1996	187.96975
2000	188.2246875
2010	190.594875
2015	190.780875
2019	191.1598125
2027	191.6420625
2030	191.8831875
2038	192.5996875
2042	192.8821875
2046	193.261125
2053	193.97075
2056	194.273875
2063	195.6518125
2067	195.824
2071	195.9755625
2077	196.5749375
2083	196.795375
2089	197.243125
2094	197.51175
2098	197.814875
2106	198.3453125
2111	198.8
2114	198.979125
2121	201.1633125
2131	202.7685625
2135	202.920125
2141	203.354125
2146	203.9053125
2150	204.1946875
2155	204.4909375
2158	204.7251875
2164	205.2763125
2167	205.4485625
2172	205.7448125
2176	206.0479375
2178	206.1236875
