141	0.164625
145	0.288625
150	0.894875
154	1.1704375
164	1.8799375
168	2.07975
172	2.307125
179	2.95475
183	3.195875
190	3.933
196	5.131875
200	5.255875
205	5.82075
214	6.654375
220	6.9161875
223	7.171125
226	7.343375
234	7.901375
244	10.4025
248	10.5265
254	11.091375
258	11.4220625
264	11.993875
269	12.235
271	12.3796875
280	13.7163125
282	13.8471875
289	14.839375
291	14.963375
298	15.9210625
300	16.0450625
306	16.858
310	17.0164375
312	17.1335625
319	17.705375
322	17.89825
326	18.015375
331	18.5871875
337	20.6749375
343	21.4948125
347	21.8116875
352	22.080375
355	22.266375
359	22.417875
367	23.2308125
372	23.4650625
374	23.554625
386	24.546625
389	24.7464375
393	25.0013125
397	25.559375
401	25.7178125
403	25.807375
417	27.261
423	27.7156875
426	27.908625
430	28.14975
437	30.3408125
441	30.49925
446	31.0641875
449	31.222625
451	31.346625
460	32.1250625
463	32.3593125
468	32.8829375
471	33.04825
475	33.3514375
484	34.8603125
488	35.2048125
495	37.2856875
497	37.49925
500	37.740375
504	38.146875
508	38.3053125
513	38.8426875
516	39.0838125
518	39.345625
523	41.3645
528	41.66075
539	42.59075
543	42.8731875
548	43.3071875
550	43.39675
558	44.1408125
562	44.6919375
566	44.912375
599	48.206
603	48.3575625
607	48.78475
612	49.335875
616	49.6045625
620	49.831875
625	50.27975
630	50.693125
638	52.3121875
640	52.4361875
647	53.008
650	53.18025
657	54.5375625
659	54.6615625
664	55.295375
667	55.4951875
674	56.90075
678	57.0591875
680	57.1763125
686	57.9135
689	58.092625
697	58.747125
701	59.05025
706	59.3465
714	59.8631875
720	60.29725
726	62.502125
730	62.626125
741	63.5836875
744	63.7490625
748	63.9695
753	64.4104375
761	65.0855625
768	65.740125
772	65.8779375
778	67.180125
782	67.304125
791	68.034375
798	68.6820625
802	68.833625
812	70.9283125
815	71.141875
823	71.810125
826	72.1339375
832	72.760875
839	73.98725
845	74.8209375
852	76.1369375
856	76.3849375
862	76.95675
865	77.197875
867	77.3563125
873	77.928125
880	79.967625
883	80.201875
888	80.560125
891	80.7255
896	81.152625
901	81.42125
907	82.6615
911	82.8336875
915	82.9508125
921	83.384875
927	83.92225
930	84.10825
934	84.2666875
940	84.879875
944	85.176125
948	85.3139375
957	86.1475625
963	86.4369375
967	86.6091875
972	87.0776875
975	87.22925
977	87.346375
982	87.75975
1016	91.136
1020	91.315125
1025	91.825
1029	92.073
1031	92.1625625
1037	92.8239375
1042	94.0435
1047	94.264
1049	94.3535625
1055	94.99425
1060	95.531625
1066	95.827875
1072	96.3515
1074	96.4479375
1080	96.9921875
1083	97.1988125
1085	97.2815
1092	97.991125
1097	98.2184375
1099	98.308
1107	98.9005
1115	99.6445
1118	99.8580625
1125	100.43675
1131	102.38675
1133	102.6003125
1142	103.3994375
1148	103.9436875
1151	104.164125
1155	104.274375
1165	106.2035
1167	106.334375
1173	107.1404375
1181	107.815625
1186	108.3805625
1189	108.539
1193	108.6836875
1199	110.02725
1203	110.1856875
1205	110.3028125
1210	110.840125
1214	111.033
1216	111.150125
1221	111.508375
1224	111.6668125
1228	111.7839375
1235	112.4453125
1240	112.838
1244	112.9826875
1250	113.657875
1252	113.8163125
1259	114.277875
1264	114.4845
1268	114.84275
1272	115.1940625
1278	117.06825
1282	117.4058125
1287	117.6125
1295	118.2394375
1300	118.742375
1308	119.651875
1311	119.824125
1316	121.023
1324	122.6489375
1328	122.7729375
1337	124.398875
1342	124.8604375
1346	125.12225
1350	125.4185
1383	128.7671875
1387	128.9049375
1393	129.53875
1404	130.647875
1408	130.9716875
1412	131.385125
1424	133.85875
1426	134.07925
1435	134.961125
1441	135.5674375
1452	137.159
1454	137.289875
1460	137.8891875
1465	138.3094375
1471	139.591
1477	139.88725
1482	140.4176875
1488	142.477875
1490	142.6914375
1495	144.090125
1497	144.221
1503	145.6334375
1505	145.7574375
1510	146.198375
1513	146.3775
1519	147.70725
1523	147.8656875
1525	148.024125
1529	148.4168125
1532	148.63725
1538	149.0713125
1546	149.41575
1550	149.5741875
1559	150.2424375
1567	151.654875
1573	151.94425
1578	152.495375
1583	153.005125
1591	153.83875
1594	154.0591875
1602	154.86525
1609	156.436125
1613	156.608375
1617	156.7461875
1625	157.5798125
1628	157.7451875
1631	157.945
1635	158.1999375
1672	161.8999375
1676	162.0790625
1685	162.885125
1688	163.057375
1692	163.243375
1700	163.78075
1705	164.201
1710	164.428375
1712	164.5179375
1718	165.951
1720	166.075
1725	166.6744375
1728	166.8535625
1734	167.4873125
1739	167.756
1743	167.9144375
1754	169.816
1756	169.92625
1761	170.4498125
1764	170.663375
1769	171.063
1772	171.2834375
1776	171.428125
1783	173.0128125
1787	173.1850625
1791	173.322875
1797	173.977375
1807	174.769625
1810	174.9280625
1812	175.017625
1820	175.8305625
1826	177.95275
1831	178.1731875
1836	178.4005
1842	178.9171875
1845	179.2065625
1848	179.4476875
1855	180.8256875
1859	181.1770625
1866	182.4655
1872	183.0166875
1875	183.333625
1879	183.6091875
1888	185.8966875
1895	187.5846875
1899	187.867125
1903	188.122
1911	188.85225
1915	188.99
1925	190.099125
1934	191.787125
1939	192.2900625
1948	194.488
1952	194.6464375
1957	195.1355625
1960	195.3078125
1964	195.46625
1973	196.2860625
1977	196.5960625
1982	197.043875
1987	197.33325
1995	198.7801875
1999	198.9524375
2003	199.0695625
2011	199.8825
2015	200.1511875
2021	200.5783125
2028	202.032125
2032	202.204375
2040	202.762375
2045	203.2446875
2049	203.71325
2053	203.8716875
2059	204.5675625
2064	205.0085
2068	205.311625
2073	205.71125
2080	206.283
2084	206.407
2090	206.9788125
2095	208.8805625
2100	209.101
2106	209.39725
2115	210.1138125
2119	210.279125
2127	211.1678125
2131	211.3400625
2137	212.1599375
2141	212.3390625
2145	212.4699375
2150	213.034875
2153	213.1933125
2155	213.282875
2164	214.150875
2168	214.4264375
