141	0.164625
145	0.288625
151	0.93625
159	1.721625
162	1.887
166	2.02475
172	2.589625
176	3.009875
180	3.2923125
185	3.6919375
188	3.8985625
190	3.98125
198	5.524625
203	5.8484375
207	5.9861875
214	6.551125
217	6.7095625
219	6.8266875
225	8.07375
231	8.4319375
235	8.63175
240	9.0726875
243	9.22425
245	9.3138125
253	10.133625
260	12.44875
263	12.6623125
271	13.5510625
279	13.9093125
283	14.1021875
292	14.97025
301	16.527375
307	17.3610625
314	19.441875
323	20.7923125
327	21.178125
336	23.513875
338	23.699875
344	25.1536875
346	25.2776875
352	25.77375
364	27.4271875
368	27.599375
370	27.723375
376	28.205625
381	28.7911875
386	29.0668125
390	29.2390625
396	29.7213125
399	29.8935625
403	30.8995
407	31.078625
411	31.2784375
415	31.66425
418	31.8365
422	31.97425
428	32.6356875
433	33.03525
437	33.3176875
443	33.8481875
448	34.130625
452	34.5164375
455	34.6886875
460	34.943625
464	35.2260625
499	38.5471875
503	38.6711875
509	39.2636875
513	39.5668125
518	40.7105625
522	40.8896875
526	41.144625
535	41.9093125
539	42.2055625
544	44.307125
547	44.5069375
557	45.244125
564	45.91925
568	46.3119375
570	46.4015
578	47.1249375
586	47.862125
591	48.1928125
595	48.4545625
603	49.2055
612	50.735
618	51.045
623	51.899375
629	52.195625
635	53.0361875
639	53.2084375
645	53.4495625
654	54.1246875
659	54.4278125
663	54.7034375
668	55.171875
678	56.260375
682	56.54975
684	56.666875
692	57.32825
701	59.608875
703	59.7673125
707	60.3598125
710	60.6009375
714	60.979875
716	61.0763125
729	62.9296875
733	63.0605625
742	63.85975
745	64.025125
749	64.1973125
755	64.66575
762	66.6845625
765	66.8843125
768	67.091
770	67.2494375
804	70.481
808	70.6394375
816	71.293875
822	71.7760625
827	72.113625
830	72.35475
834	72.485625
845	73.5189375
848	73.7049375
852	73.8565
860	75.3723125
864	75.5445625
868	75.7995
877	76.55725
884	77.0601875
887	77.2255625
891	77.384
900	78.05225
907	78.6034375
910	78.823875
914	79.1339375
922	81.28375
924	81.40775
933	82.1586875
937	82.65475
949	83.881125
953	84.0946875
962	85.02475
965	85.1900625
967	85.27275
975	86.11325
982	86.5265625
987	86.809
991	87.2016875
1002	88.8414375
1006	89.1928125
1013	91.273625
1018	91.5560625
1021	91.76275
1023	91.8454375
1035	93.16125
1038	93.40925
1045	94.0430625
1078	97.14375
1082	97.2953125
1087	97.8189375
1090	97.9705
1092	98.0669375
1097	99.3966875
1099	99.5206875
1110	100.485125
1113	100.6849375
1120	102.3523125
1124	102.5245625
1128	102.662375
1138	103.675125
1141	103.8955625
1143	104.0058125
1154	105.218375
1162	106.720375
1166	106.8719375
1171	107.6918125
1182	108.7045
1186	109.0903125
1197	109.8136875
1204	110.475
1208	110.61275
1216	111.14325
1228	113.7615
1231	113.954375
1234	114.1816875
1247	116.0695
1251	116.42775
1258	117.7161875
1263	117.9366875
1265	118.02625
1273	118.74275
1277	119.107875
1282	119.672875
1286	119.79
1291	120.39625
1295	120.7131875
1299	121.099
1303	121.2643125
1311	123.5311875
1315	123.7034375
1321	125.081375
1325	125.4534375
1330	126.62475
1334	126.93475
1339	127.34125
1346	127.940625
1349	128.1473125
1383	131.6683125
1388	131.875
1394	132.17125
1400	132.88775
1404	133.1701875
1408	133.5353125
1417	134.9270625
1422	135.278375
1428	136.029375
1432	136.2085
1437	136.759625
1446	138.3580625
1448	138.4889375
1455	139.28125
1458	139.4535
1462	139.59125
1471	140.390375
1474	140.7693125
1476	140.8864375
1484	141.5960625
1487	141.795875
1496	142.6019375
1500	142.8775
1504	143.1255
1511	143.5664375
1517	143.9866875
1524	146.157125
1528	146.4878125
1537	147.197375
1541	147.54875
1543	147.6383125
1551	148.4168125
1559	149.7879375
1565	150.621625
1572	152.7025
1577	153.0469375
1580	153.301875
1586	154.59025
1590	154.77625
1593	154.969125
1601	155.5685
1614	156.8085
1617	157.0083125
1621	157.2356875
1628	157.8833125
1631	158.04175
1635	158.1795625
1645	160.5773125
1647	160.7978125
1652	161.2731875
1655	161.4523125
1659	161.5694375
1666	162.23075
1673	163.5191875
1675	163.712125
1680	164.159875
1684	164.5870625
1689	164.82125
1692	165.10375
1696	165.3241875
1702	165.8064375
1706	166.261125
1711	166.59175
1715	166.8259375
1724	168.224625
1728	168.410625
1731	168.5621875
1734	168.817125
1741	169.4370625
1746	169.712625
1750	169.8779375
1758	170.57375
1764	171.1041875
1769	171.3659375
1776	172.027375
1783	173.3226875
1785	173.4535625
1795	174.4388125
1802	175.0795625
1813	176.175
1815	176.3334375
1820	176.788125
1825	177.0636875
1829	177.21525
1835	177.8904375
1846	178.7584375
1853	179.4129375
1863	181.8589375
1866	182.065625
1870	182.3343125
1879	183.2160625
1884	183.471
1886	183.6294375
1893	184.1875
1903	185.2621875
1909	185.5653125
1915	186.0061875
1918	186.3024375
1927	186.9155625
1932	187.1498125
1934	187.239375
1945	188.2659375
1951	189.5268125
1955	189.678375
1960	190.1606875
1964	190.443125
1971	190.90475
1976	191.15275
1981	191.4351875
1987	193.6331875
1989	193.7571875
1997	194.4116875
2003	195.645
2005	195.769
2011	196.2581875
2023	197.9048125
2027	198.06325
2029	198.194125
2035	198.676375
2041	200.1439375
2045	200.2679375
2053	200.9499375
2056	201.1153125
2060	201.2875
2066	201.7490625
2070	202.2244375
2074	202.493125
2082	203.1889375
2090	203.905375
2093	204.0983125
2097	204.22225
2103	204.84925
2110	205.5726875
2120	206.433875
2123	206.59925
2127	206.792125
2136	208.9074375
2139	209.1554375
2144	210.4783125
2147	210.6643125
2151	210.91925
2156	212.1043125
2158	212.2283125
2166	213.020625
2172	213.4685
2176	213.6338125
2180	214.143625
2183	214.3020625
2185	214.391625
