141	0.164625
145	0.3575
153	1.1360625
162	1.797375
167	2.2658125
172	2.5964375
176	2.73425
184	3.5265625
192	5.9243125
196	6.0483125
204	6.764875
210	8.1704375
212	8.2875625
219	9.0385
226	9.9203125
231	10.20275
235	10.6091875
242	11.318875
246	11.51175
248	11.628875
257	12.3453125
260	12.5244375
266	13.8679375
272	14.4535625
277	14.7153125
280	14.942625
285	15.411125
287	15.542
295	16.2240625
304	17.223
307	17.4434375
311	17.5605625
317	19.000625
319	19.1590625
328	20.11675
330	20.24075
339	21.26725
343	21.4256875
345	21.5428125
355	22.383375
361	22.6589375
365	22.989625
368	23.2169375
376	25.2565
380	25.5251875
385	25.8696875
389	26.090125
399	27.592125
403	27.7436875
408	28.23975
415	30.2516875
420	30.5135
424	30.7684375
427	31.0715625
431	31.478
436	31.726
439	31.967125
474	35.281375
481	35.8875625
485	36.0046875
490	36.62475
494	36.8934375
496	36.983
506	37.678875
509	37.851125
518	38.62275
522	38.877625
535	39.842125
539	39.9799375
547	42.2950625
552	42.4948125
556	42.832375
558	42.9219375
564	43.486875
567	43.659125
579	45.671
581	45.795
586	46.3668125
589	46.5390625
599	47.531125
608	49.1570625
610	49.2535
615	49.7081875
621	51.05175
625	51.2170625
627	51.3410625
637	53.6216875
640	53.83525
647	54.2761875
656	55.04775
660	55.1924375
665	55.73675
668	55.8951875
672	56.0123125
677	56.570375
685	57.8656875
689	57.9896875
699	58.9404375
706	61.02125
717	62.151125
720	62.4198125
724	62.8608125
734	65.1414375
736	65.355
742	65.9475
745	66.11975
757	67.3874375
761	67.669875
767	68.1039375
772	68.4553125
775	68.6550625
780	68.9719375
785	69.1716875
787	69.26125
794	69.9364375
797	70.1086875
835	73.96025
839	74.139375
848	75.1451875
852	75.3863125
858	75.909875
872	77.3635
877	78.0800625
881	78.2591875
885	78.479625
890	79.733625
896	80.4225625
903	81.00125
908	81.2493125
910	81.34575
918	82.069125
922	82.427375
931	84.0050625
935	84.2530625
941	84.8938125
948	85.4380625
951	85.6240625
960	87.842625
963	88.090625
967	88.4764375
974	89.0345
978	89.165375
983	89.695875
986	89.868125
990	89.999
998	90.743
1002	90.9703125
1009	91.611125
1015	92.85825
1019	93.0098125
1027	93.705625
1030	93.871
1034	94.0225
1039	94.5943125
1046	96.6545
1051	96.9369375
1054	97.1711875
1058	97.329625
1067	98.1838125
1073	98.7625625
1076	98.9416875
1116	102.66925
1120	102.800125
1127	103.5166875
1132	104.129875
1141	105.0048125
1143	105.10125
1154	106.9131875
1156	107.0234375
1167	108.167125
1176	109.5864375
1180	109.744875
1182	109.8344375
1187	110.172
1190	110.3718125
1194	110.757625
1206	111.770375
1211	112.0253125
1215	112.40425
1221	112.852
1230	115.22225
1232	115.401375
1240	116.34525
1244	116.5036875
1251	117.929875
1255	118.0814375
1265	118.8944375
1272	120.2035
1276	120.3756875
1278	120.5548125
1283	121.0370625
1287	121.2850625
1297	122.263375
1300	122.4286875
1303	122.697375
1313	124.847125
1317	125.05375
1325	125.777125
1328	125.949375
1332	126.1146875
1338	126.555625
1345	127.16875
1350	128.5260625
1361	129.5525625
1364	129.75925
1371	131.281875
1375	131.647
1378	131.8468125
1384	132.5013125
1427	136.6491875
1431	136.80075
1440	137.689375
1447	138.3300625
1451	138.5780625
1460	140.34875
1465	140.5691875
1472	141.0515
1476	141.1893125
1489	142.8565625
1493	143.0080625
1499	144.0278125
1503	144.18625
1505	144.2826875
1513	145.0404375
1516	145.2058125
1520	145.371125
1527	146.073875
1530	146.2736875
1534	146.432125
1546	148.1269375
1550	148.2991875
1554	148.443875
1565	149.373875
1572	149.8905625
1574	149.987
1583	150.7446875
1589	151.2200625
1593	151.3509375
1599	153.287125
1603	153.4455625
1612	154.29975
1617	154.837125
1620	155.071375
1624	155.2091875
1629	155.7465625
1632	155.960125
1636	156.270125
1644	157.6688125
1648	157.820375
1653	158.3164375
1660	160.33525
1664	160.5419375
1669	161.0310625
1672	161.244625
1677	161.554625
1680	161.7681875
1688	162.333125
1694	162.7946875
1706	165.3578125
1710	165.6885
1719	166.4739375
1724	166.7495
1728	166.9975625
1731	167.2386875
1739	168.844
1743	169.01625
1747	169.133375
1752	169.6500625
1756	169.9600625
1760	170.359625
1764	170.7109375
1770	171.1656875
1772	171.25525
1782	172.2128125
1786	172.5228125
1795	174.562375
1799	174.7828125
1803	175.0239375
1811	175.7473125
1813	175.84375
1821	177.12525
1825	177.2836875
1835	178.082875
1842	179.398875
1846	179.6330625
1850	179.846625
1857	180.4873125
1865	181.2175
1867	181.3139375
1876	183.76
1880	183.939125
1888	184.579875
1894	186.0819375
1898	186.2059375
1906	186.9569375
1916	188.7206875
1920	188.892875
1924	189.01
1931	189.7264375
1936	190.291375
1941	190.601375
1945	190.8906875
1950	191.435
1953	191.600375
1957	191.738125
1962	192.2893125
1970	193.75
1974	193.936
1982	194.638625
1985	194.87975
1993	195.6031875
1995	195.699625
2001	196.292125
2004	196.526375
2008	196.932875
2012	197.1464375
2020	197.84225
2023	198.0903125
2034	199.0135
2036	199.08925
2046	200.6256875
2050	200.791
2052	200.908125
2060	201.6315
2065	201.92775
2073	202.64425
2078	202.981875
2083	203.4090625
2086	203.55375
2088	203.6433125
2094	205.8481875
2096	206.0686875
2109	207.2673125
2112	207.42575
2114	207.5153125
2133	209.2789375
2143	211.0978125
2148	211.332
2152	211.607625
2159	212.1794375
2162	212.4756875
2171	214.2188125
2176	214.5976875
2179	214.756125
2183	214.8939375
2192	215.6380625
2199	216.2855625
2203	216.437125
2212	217.946
2219	218.6280625
2223	218.9105
2228	219.2411875
2231	219.3858125
2234	219.6131875
