141	0.164625
144	0.426375
148	0.564125
154	1.2324375
161	1.7009375
164	1.8731875
173	2.64475
184	3.5679375
193	4.9183125
197	5.07675
202	5.6348125
208	5.8965625
213	6.28925
218	6.578625
228	7.28825
232	7.5638125
239	9.617125
244	10.037375
248	10.3060625
250	10.4300625
260	11.1740625
270	12.1385625
278	12.7241875
280	12.8413125
285	13.4338125
294	14.1985
297	14.3569375
307	15.1216875
316	16.0310625
327	16.9749375
332	17.3606875
334	17.45025
346	18.325125
355	19.165625
359	19.4411875
363	19.585875
371	20.3505625
375	20.7088125
379	21.1015
385	21.632
389	21.7698125
395	22.431125
403	23.0718125
408	23.5609375
411	23.9260625
416	24.408375
422	24.94575
430	27.316
434	27.5915625
442	28.473375
449	29.162375
454	29.582625
458	29.7273125
463	30.271625
474	32.0698125
478	32.2420625
483	32.73125
490	33.1239375
499	33.79225
511	36.320875
522	37.244
526	37.5265
533	38.0983125
540	38.677
545	39.0145625
547	39.111
551	39.4899375
559	40.3510625
563	40.5921875
569	41.1778125
573	41.3431875
578	41.90125
581	42.0528125
586	42.52825
589	42.71425
592	42.9209375
603	44.77425
608	45.332375
617	46.1935
622	46.45525
627	46.717
631	46.8685625
639	47.461
645	48.108625
654	48.8389375
657	49.0800625
662	49.47275
670	51.6776875
676	53.0901875
680	53.4898125
691	54.5920625
702	55.6460625
705	55.8320625
709	55.9905
718	57.5338125
724	58.1263125
728	58.4983125
739	59.59375
749	61.254125
753	61.5090625
757	61.6330625
765	62.2530625
778	63.555125
784	63.9615625
818	67.4549375
824	68.0474375
831	68.5434375
840	69.3976875
847	70.0659375
854	71.6850625
859	71.9881875
868	72.7735625
874	74.8475625
876	74.9715625
889	76.0186875
896	76.5905625
900	76.9005625
912	77.878875
918	78.423125
920	78.5815625
931	79.6080625
939	81.8818125
949	82.929
955	83.56275
959	83.8451875
965	84.4033125
977	86.2498125
981	86.5046875
985	86.65625
992	87.37275
1000	87.979
1006	88.4405625
1017	89.3360625
1020	89.5771875
1022	89.66675
1026	90.018125
1035	92.3263125
1039	92.4640625
1047	93.270125
1051	93.5319375
1064	94.69625
1073	97.2594375
1075	97.3834375
1087	98.3616875
1092	98.8095625
1096	99.085125
1102	99.4570625
1105	99.62925
1114	100.4834375
1124	101.2619375
1132	102.90175
1141	104.410625
1144	104.596625
1150	104.892875
1158	105.74725
1171	106.987375
1178	107.8485
1181	108.186125
1190	108.950875
1197	109.5433125
1202	109.86025
1207	110.3011875
1220	112.9469375
1224	113.1329375
1233	113.8425
1243	114.6348125
1246	114.8139375
1252	115.344375
1256	115.6336875
1264	116.350125
1266	116.4465625
1281	117.7279375
1316	121.2419375
1320	121.3659375
1329	122.2821875
1336	122.9298125
1343	123.5566875
1346	123.6944375
1355	124.7071875
1359	124.900125
1366	125.6098125
1370	125.871625
1380	126.836125
1389	129.1856875
1393	129.52325
1408	130.6323125
1418	131.5279375
1422	131.6795
1427	132.1618125
1430	132.3685
1437	133.6913125
1442	134.022
1450	134.7454375
1454	134.8625625
1459	135.496375
1468	136.3024375
1472	136.6055625
1475	136.77775
1483	137.43225
1488	137.92825
1494	140.1469375
1498	140.4845
1503	140.9460625
1510	141.545375
1524	144.2875
1529	144.5975
1539	145.5
1545	145.8375625
1549	146.1889375
1557	146.926125
1566	147.580625
1573	148.138625
1581	148.9240625
1585	149.1996875
1594	149.8679375
1598	150.1090625
1612	152.87875
1614	153.00275
1627	154.1395
1635	155.0350625
1640	155.372625
1644	155.6413125
1659	156.6746875
1665	157.3084375
1669	157.6046875
1673	158.0318125
1684	158.996375
1687	159.196125
1691	159.327
1699	160.863375
1703	161.0425
1706	161.387
1711	161.95875
1714	162.137875
1727	163.2195
1737	163.991125
1743	164.287375
1750	165.0864375
1790	168.903625
1797	169.55125
1804	170.260875
1806	170.3435625
1815	171.1289375
1819	171.7008125
1822	171.92125
1826	172.0590625
1833	174.2364375
1836	174.4293125
1841	174.8495625
1845	175.05625
1854	175.6486875
1857	175.807125
1859	175.8966875
1867	176.6269375
1873	177.17125
1883	178.7145
1885	178.8109375
1893	180.436875
1896	180.671125
1900	181.1465
1908	181.8491875
1915	182.552
1920	183.0204375
1923	183.227125
1933	184.7153125
1937	184.880625
1939	184.9701875
1947	185.65225
1956	187.981125
1960	188.105125
1969	188.93175
1978	189.606875
1983	189.9720625
1987	190.185625
1997	191.074375
2000	191.246625
2004	191.4119375
2012	192.114625
2016	192.6933125
2025	194.9601875
2028	195.1875625
2034	195.8075625
2037	195.9798125
2047	197.722875
2057	198.5289375
2061	198.811375
2065	199.22475
2076	200.9401875
2078	201.0641875
2087	201.83575
2093	202.24225
2099	202.77275
2101	202.889875
2106	203.2688125
2116	204.0473125
2119	204.2195625
2126	204.901625
2130	205.2805
2136	207.451
2140	207.6094375
2145	208.1468125
2151	208.7324375
2155	208.877125
2162	209.6556875
2170	210.7098125
2175	211.2126875
2181	211.750125
2188	212.404625
2195	213.796375
2199	214.1821875
2205	214.70575
2217	217.2964375
2222	217.627125
2233	218.6949375
2270	222.036625
2275	222.59475
2281	223.008125
2284	223.31125
2288	223.4559375
2296	224.27575
2304	224.8406875
2311	225.4881875
2314	225.7293125
2328	228.6368125
2332	228.8296875
2343	229.6770625
2354	230.793125
2358	230.917125
2367	231.647375
2372	232.2674375
2375	232.46725
2387	234.1345625
2393	234.582375
2399	235.0990625
2408	235.8499375
2410	235.9601875
2417	236.600875
2428	237.4619375
2434	239.70125
2438	239.8596875
2446	240.6175625
2452	240.879375
2461	241.7335625
2471	242.6221875
2482	244.3239375
2490	244.9715
2494	245.1161875
2502	245.7430625
2511	247.2656875
2515	247.47925
2523	248.188875
2527	248.4645
2538	251.0345625
2542	251.186125
2551	251.9714375
2557	252.2676875
2568	253.25975
2578	254.18975
2588	255.064625
2591	255.24375
2601	256.0084375
2609	257.5104375
2613	257.717125
2616	257.889375
2626	258.778
2637	259.5013125
2641	259.7975
2646	260.2315625
2653	262.5948125
2659	263.1666875
2664	263.4146875
2668	263.6075625
2678	264.5100625
2681	264.6754375
2685	264.8614375
2693	266.37725
2697	266.728625
2703	267.210875
2708	267.7069375
2713	268.09275
2725	269.753125
2729	270.111375
2733	270.27675
2740	270.924375
2749	271.7716875
2753	272.04725
2757	272.495125
2764	273.9558125
2771	274.6929375
2783	276.0776875
2791	276.7045625
2803	277.944625
2807	278.1375
2814	278.674875
2828	279.96325
2832	280.3076875
2835	280.466125
2840	280.8795
2847	281.4306875
2849	281.513375
2859	282.4365
