141	0.164625
145	0.288625
153	0.908625
159	1.4115625
168	2.1418125
171	2.355375
173	2.5138125
179	3.0374375
183	3.3405625
187	3.73325
189	3.850375
194	4.4153125
200	5.16625
203	5.407375
207	5.5451875
216	6.2893125
224	6.902375
228	7.026375
236	7.84625
240	8.0460625
244	8.1563125
250	10.3543125
254	10.60925
265	11.580625
269	11.876875
273	12.04225
280	13.3375625
282	13.4615625
288	14.612125
290	14.736125
296	15.687
298	15.817875
307	16.81
311	16.9753125
313	17.0924375
318	17.6160625
322	17.9329375
330	18.615
333	18.801
337	19.0351875
344	21.10225
346	21.28825
354	21.963375
357	22.21825
361	22.604125
363	22.6936875
376	24.4505625
380	24.8019375
387	26.88275
390	27.075625
393	27.2823125
395	27.37875
403	28.246875
408	28.5224375
416	29.2320625
421	29.4455625
426	29.8726875
433	31.967375
437	32.1878125
443	33.6691875
448	33.986125
452	34.3099375
457	34.7646875
461	35.770625
465	36.0530625
474	37.07275
483	38.8365
487	39.0500625
491	39.4014375
495	39.6494375
500	39.9594375
507	40.5450625
510	40.7655
514	41.06175
516	41.178875
549	44.4241875
553	44.582625
563	45.2440625
567	45.554125
573	46.0363125
579	46.50475
583	46.7114375
593	49.0195625
603	49.777375
606	49.9565
610	50.09425
616	51.5963125
620	51.7203125
624	52.051
629	52.5195
635	52.81575
640	53.2773125
644	53.442625
653	54.2349375
656	54.43475
662	54.8619375
666	55.0961875
672	55.5784375
677	56.04
681	56.1915625
685	56.7014375
689	57.039
692	57.21125
696	57.3696875
706	59.0231875
714	59.539875
718	59.7948125
722	60.194375
727	60.6696875
734	62.681625
737	62.915875
744	63.6116875
751	64.335125
761	65.788875
765	66.0438125
778	67.173625
785	67.6489375
791	68.9649375
806	70.3773125
810	70.6115625
818	71.169625
829	73.753375
831	73.9118125
844	75.124375
853	76.798625
855	76.908875
862	77.5909375
868	78.893125
872	79.0584375
874	79.148
883	80.271
888	80.601625
892	80.7394375
900	81.4215
903	81.59375
907	81.7315
913	82.2826875
918	82.55825
922	82.833875
927	83.2955
934	83.87425
937	84.0395625
941	84.2944375
949	86.47175
952	86.706
956	87.0780625
959	87.436375
970	88.511125
974	88.7109375
977	89.0554375
982	89.5790625
985	89.7581875
989	90.1233125
995	91.604625
999	91.776875
1003	91.894
1013	93.1064375
1016	93.264875
1020	93.4164375
1028	94.01575
1033	94.367125
1037	94.677125
1041	95.04225
1046	95.3866875
1050	95.717375
1054	96.00675
1056	96.123875
1089	99.3691875
1091	99.58275
1104	100.9675
1109	101.305
1113	101.497875
1122	102.3659375
1129	103.0824375
1134	103.550875
1139	103.7644375
1142	103.936625
1153	104.8873125
1161	106.42375
1165	106.54775
1170	106.98175
1179	107.739625
1182	107.8980625
1184	107.987625
1195	109.82025
1199	109.9786875
1204	110.5643125
1210	111.1705625
1213	111.329
1215	111.4254375
1228	113.264875
1232	113.444
1236	113.6989375
1241	114.029625
1244	114.20875
1253	115.3041875
1258	115.5659375
1263	115.9173125
1265	116.0344375
1276	116.909375
1289	119.5344375
1291	119.7549375
1296	120.23725
1300	120.430125
1303	120.6023125
1312	121.497875
1316	121.6908125
1321	122.242
1329	123.626875
1333	123.971375
1340	126.059125
1344	126.2175625
1355	126.975375
1358	127.1889375
1364	127.519625
1368	127.7331875
1373	128.22925
1377	128.4773125
1382	130.6753125
1384	130.8613125
1394	131.8603125
1400	132.129
1410	132.92125
1414	133.16925
1417	133.41725
1421	133.561875
1426	133.9959375
1434	134.3473125
1438	134.512625
1445	135.938875
1449	136.111125
1453	136.2558125
1459	136.8965625
1463	137.1996875
1469	137.4959375
1473	137.6819375
1480	138.3846875
1484	138.6878125
1487	138.8393125
1490	139.0735625
1497	139.659125
1530	142.897625
1535	143.1180625
1540	143.3798125
1549	144.2134375
1554	144.6336875
1558	144.84725
1562	144.964375
1571	146.363
1575	146.53525
1579	146.652375
1588	147.37575
1591	147.5961875
1595	147.740875
1601	148.3885
1605	148.691625
1609	149.0016875
1613	149.146375
1618	149.71825
1625	151.806
1628	152.0195625
1635	152.6740625
1645	153.4939375
1647	153.590375
1657	155.264625
1662	155.864
1669	157.95175
1672	158.1653125
1676	158.4615625
1681	158.94375
1691	159.7774375
1693	159.867
1700	161.941
1702	162.1615
1709	162.7746875
1717	163.4980625
1727	164.2006875
1735	164.6140625
1740	164.889625
1746	165.13075
1756	167.073625
1758	167.197625
1763	167.852125
1770	168.547875
1775	168.8165625
1781	169.3745625
1787	169.898125
1790	170.070375
1799	171.6619375
1803	171.820375
1805	171.9375
1810	172.7918125
1816	173.287875
1821	173.5634375
1823	173.653
1828	174.0939375
1834	175.47875
1838	175.78875
1841	175.961
1846	176.2228125
1850	176.498375
1857	177.084
1861	177.201125
1866	177.7454375
1876	179.3920625
1880	179.5643125
1884	179.90875
1887	180.081
1892	180.4116875
1897	180.7148125
1907	181.4725
1910	181.665375
1944	185.0623125
1948	185.2551875
1960	186.2748125
1965	186.8053125
1969	187.074
1973	187.2324375
1979	187.7009375
1987	190.1055625
1996	190.7875625
2001	191.0149375
2010	191.6555625
2014	192.6615
2017	193.0749375
2022	193.52275
2030	194.32875
2034	194.6386875
2042	196.2026875
2045	196.6023125
2050	197.057
2061	198.06975
2065	198.4279375
2071	199.6680625
2075	199.881625
2083	200.4948125
2085	200.6050625
2092	201.15625
2097	201.431875
2101	201.59725
2111	202.2035625
2117	202.541125
2121	202.9338125
2130	205.2145
2134	205.41425
2139	205.8758125
2146	206.5303125
2150	206.929875
2155	207.3983125
2164	208.2250625
2168	208.452375
2172	208.5695
2178	209.0104375
2184	210.23
2190	211.0636875
2197	212.3796875
2207	213.2546875
2211	213.3786875
2216	214.0263125
2221	214.301875
2228	214.9219375
2235	215.5833125
2239	215.8795625
2245	217.8570625
2249	218.0981875
2254	218.3048125
2261	218.7733125
2265	218.924875
2275	220.8126875
2279	221.02625
2283	221.35
2286	221.5153125
2289	221.7013125
2293	221.8666875
2301	224.2231875
2306	224.547
2310	224.671
2316	226.083375
2318	226.207375
2330	227.254375
2333	227.4541875
2341	228.150125
2347	228.4050625
2356	229.100875
2362	229.5486875
2366	229.8931875
2376	230.892125
2381	231.1608125
2385	231.38125
2392	232.8556875
2396	233.027875
2400	233.1725625
2413	234.192125
2420	234.8259375
2423	234.9981875
2427	235.1359375
2431	235.4804375
2441	236.6034375
2445	236.86525
2453	237.698875
2456	237.871125
2460	238.1260625
