141	0.164625
145	0.288625
152	0.90175
156	1.2806875
163	1.9765625
168	2.203875
170	2.2934375
179	3.23725
183	3.430125
185	3.540375
197	6.30325
201	6.5719375
209	7.3090625
215	7.7844375
220	8.41825
224	8.7214375
232	9.3690625
235	9.5413125
239	9.706625
246	10.988125
250	11.160375
254	11.35325
264	12.228125
269	12.565625
273	12.6758125
281	13.3785625
289	14.1156875
297	14.846
302	15.0733125
304	15.162875
317	16.1755625
321	16.5475625
325	16.7404375
328	16.912625
342	18.2353125
358	20.350375
363	20.88775
367	21.0324375
376	22.6239375
380	23.030375
384	23.202625
396	25.9379375
400	26.0756875
407	26.7853125
412	27.136625
415	27.3019375
419	27.46725
425	28.78325
429	28.9554375
433	29.189625
439	29.7545625
444	30.2436875
449	30.45725
451	30.5675
457	31.029125
494	34.7085
498	34.901375
508	35.6315625
512	35.9346875
514	36.0518125
524	37.74675
526	37.87075
537	39.000625
543	39.3381875
549	39.717125
555	40.2614375
559	40.661
566	41.963125
570	42.14225
574	42.2661875
584	43.223875
587	43.38925
591	43.527
598	44.188375
605	44.8153125
609	45.09775
614	45.53175
617	45.7039375
621	45.8968125
629	46.5719375
638	48.9353125
641	49.2246875
648	49.803375
653	50.1616875
657	50.320125
662	50.8575
671	51.698
675	51.9115625
681	52.38
685	52.5246875
693	54.0680625
697	54.2609375
707	54.9843125
713	57.037625
717	57.161625
724	57.87125
730	58.691125
734	58.815125
745	60.2274375
749	60.399625
753	60.51675
767	62.080625
771	62.3010625
775	62.4801875
781	63.1140625
786	63.451625
790	63.7754375
793	63.968375
797	64.1888125
831	67.73725
834	67.9301875
838	68.185125
846	68.7569375
851	68.991125
858	69.5354375
862	69.6456875
869	70.376
873	70.57575
877	70.7135625
885	71.51275
888	71.69875
890	71.7814375
899	72.746
908	74.8130625
911	75.0059375
914	75.212625
923	76.080625
926	76.2735
932	76.8384375
934	76.9486875
939	77.3345
942	77.527375
944	77.6445
950	78.071625
959	79.0775
963	79.270375
965	79.3599375
971	79.9661875
974	80.172875
976	80.2624375
983	81.723125
988	82.3225
995	84.41025
999	84.53425
1010	85.4091875
1015	85.9535
1018	86.1739375
1022	86.31175
1027	86.8560625
1034	87.489875
1048	90.34925
1050	90.5076875
1062	91.6030625
1065	91.7684375
1069	91.9199375
1076	92.5055625
1086	94.0213125
1090	94.1935625
1094	94.33825
1101	94.99275
1104	95.158125
1108	95.309625
1116	96.1639375
1120	96.4670625
1123	96.6185625
1126	96.8596875
1161	100.318625
1165	100.442625
1171	101.0075625
1174	101.166
1178	101.283125
1185	101.9306875
1189	102.1855625
1196	102.7435625
1198	102.84
1204	103.4738125
1207	103.6391875
1211	103.797625
1220	105.38925
1224	105.6648125
1228	106.050625
1232	106.333125
1237	106.7809375
1243	108.813625
1245	109.034125
1249	109.502625
1252	109.674875
1258	110.301875
1270	111.3490625
1274	111.5764375
1278	111.9415625
1291	113.6984375
1295	113.8981875
1305	114.7936875
1311	116.082125
1315	116.254375
1319	116.4541875
1324	116.8813125
1332	117.528875
1336	117.708
1342	118.1351875
1348	118.6243125
1354	118.9825
1358	119.1065
1365	121.38025
1369	121.53175
1376	122.5445625
1380	122.696125
1388	123.6124375
1392	123.7846875
1396	123.9018125
1402	124.335875
1408	124.866375
1413	125.2039375
1417	125.5070625
1422	125.817125
1431	126.4578125
1434	126.6300625
1438	126.885
1444	127.3810625
1477	130.881375
1482	131.081125
1490	131.8044375
1492	131.894
1498	132.5278125
1506	133.6370625
1509	133.8781875
1513	134.539625
1517	134.6980625
1520	134.8771875
1532	136.08275
1535	136.248125
1539	136.5168125
1548	137.2333125
1551	137.4744375
1557	137.8946875
1568	140.561125
1572	140.76775
1583	141.75975
1586	141.925125
1590	142.1525
1597	143.54425
1602	143.79225
1605	143.9851875
1611	145.3563125
1615	145.5974375
1623	146.2105625
1628	146.4516875
1632	146.6790625
1638	147.250875
1647	149.6555
1652	150.0275
1657	150.3236875
1660	150.5993125
1664	150.812875
1668	151.1986875
1670	151.28825
1683	152.9761875
1687	153.3206875
1694	155.4015625
1697	155.6840625
1701	155.9320625
1703	156.01475
1713	157.1721875
1715	157.2961875
1723	158.3434375
1727	158.501875
1729	158.63275
1734	159.0805625
1737	159.2596875
1771	162.573875
1775	162.753
1783	163.4556875
1790	164.1446875
1796	164.51675
1801	165.0265625
1808	165.426125
1810	165.54325
1816	167.637875
1819	167.86525
1828	168.774625
1832	168.9124375
1842	170.7313125
1850	171.4065
1854	171.5580625
1864	173.253
1868	173.4665625
1873	173.9005625
1875	173.990125
1882	174.6515
1892	175.3955625
1895	175.56775
1899	175.71925
1907	176.5735625
1912	176.849125
1914	176.9318125
1925	177.80675
1930	178.3648125
1934	178.52325
1936	178.6128125
1944	179.274125
1955	181.5616875
1957	181.6856875
1970	182.684625
1974	183.0773125
1977	183.284
1979	183.3804375
1987	184.17275
1990	184.32425
1992	184.4069375
1999	185.7160625
2003	185.8400625
2011	186.5979375
2018	188.6788125
2021	188.878625
2035	190.180625
2039	190.5733125
2042	190.7938125
2044	190.89025
2052	191.66875
2055	191.896125
2063	194.2181875
2068	194.4110625
2074	194.98975
2078	195.168875
2083	195.7269375
2086	195.8923125
2090	196.0300625
2096	196.5329375
2099	196.8291875
2106	197.5731875
2110	197.7660625
2112	197.855625
2123	199.7434375
2127	199.950125
2132	200.47375
2136	200.59775
2143	201.293625
2151	202.175375
2156	202.49225
2161	202.6989375
2165	202.9538125
2171	203.4773125
2175	203.7115625
2179	204.0905
2183	204.269625
2192	205.0413125
2201	205.626875
2204	205.806
2206	205.923125
2213	206.5775625
2223	209.202625
2227	209.3610625
2236	210.1878125
2240	210.53225
2245	210.835375
2250	212.0825
2255	212.3443125
2258	212.509625
2262	212.861
2267	213.4741875
2272	213.770375
2276	214.05975
2280	214.2181875
2287	214.86575
2292	215.1138125
2294	215.21025
2303	216.0645625
2306	216.3056875
2310	216.477875
2315	216.9876875
