141	0.164625
145	0.3230625
154	1.108375
158	1.4115
164	1.962625
171	2.57575
173	2.6653125
179	3.2990625
182	3.4919375
186	3.6090625
194	5.28325
199	5.5519375
203	5.6896875
213	6.7850625
217	6.9573125
227	8.0253125
231	8.1975625
235	8.3146875
245	9.4514375
248	9.6236875
252	9.878625
260	10.691625
264	11.0085
273	13.3373125
277	13.5301875
286	14.2466875
291	14.64625
295	14.8529375
307	16.037875
314	16.6855
323	17.3813125
326	17.6638125
334	19.8205
337	20.0203125
342	20.48875
349	21.1914375
357	22.48675
361	22.61075
370	23.3340625
377	25.414875
381	25.6353125
392	26.7100625
395	26.97875
399	27.392125
411	29.927625
417	30.1825625
422	30.4443125
426	31.0093125
429	31.1815625
434	31.443375
441	32.0426875
445	32.1804375
452	33.5996875
456	33.81325
460	34.18525
466	34.722625
472	35.2461875
476	35.480375
480	35.604375
490	36.5895625
494	36.865125
498	37.1475625
535	40.7235625
539	40.9026875
547	41.564125
552	42.1359375
556	42.3770625
564	44.568125
568	44.692125
576	45.3948125
582	45.6841875
590	46.324875
592	46.4144375
606	48.054125
608	48.164375
621	49.769625
625	49.9349375
627	50.017625
632	51.2371875
635	51.45075
644	52.3808125
648	52.5461875
653	53.111125
659	53.3729375
665	53.889625
669	54.061875
675	54.8266875
679	54.9575625
688	56.094375
692	56.2735
696	56.390625
708	58.802125
713	59.10525
716	59.3256875
720	59.7115625
722	59.801125
736	61.688875
741	62.28825
748	64.369125
753	64.665375
756	64.8720625
758	65.0029375
762	65.561
767	65.7745625
769	65.864125
775	66.4635
782	68.5995
791	70.1771875
795	70.32875
803	71.10725
807	71.396625
812	71.7410625
817	72.1130625
822	72.44375
826	72.74
828	72.8226875
835	74.173125
839	74.3453125
843	74.483125
848	74.9860625
852	75.3305
855	75.46825
859	75.90925
897	79.4714375
901	79.6643125
913	80.794125
916	81.0765625
922	81.7034375
928	82.27525
932	82.578375
939	83.2741875
944	83.5153125
948	83.66
958	86.078375
960	86.2919375
967	87.001625
972	87.325375
976	87.4425
985	88.2623125
991	89.2406875
993	89.3646875
1001	90.336125
1003	90.460125
1012	91.6520625
1016	91.817375
1018	91.9000625
1028	93.043625
1033	93.40875
1037	93.525875
1047	94.5316875
1054	95.15175
1059	95.58575
1062	95.8061875
1068	96.30225
1074	96.6191875
1080	97.1496875
1084	97.4114375
1093	98.8514375
1095	98.9616875
1101	99.6024375
1104	99.7678125
1108	100.02275
1112	100.4016875
1125	101.5728125
1128	101.7381875
1132	101.910375
1145	103.0885
1154	103.7154375
1158	104.0943125
1163	104.617875
1168	105.0175
1172	105.1415
1177	105.68575
1181	105.9336875
1188	108.1385625
1190	108.3245625
1199	109.2408125
1202	109.5095
1206	109.8884375
1208	109.984875
1218	111.5764375
1222	111.7555625
1231	112.4651875
1238	114.525375
1242	114.966375
1247	115.276375
1251	115.5175
1256	115.944625
1260	116.1581875
1263	116.358
1268	116.5921875
1274	116.998625
1306	119.97525
1310	120.1819375
1322	121.3461875
1325	121.5184375
1329	121.738875
1339	122.765375
1343	123.109875
1348	123.49575
1352	123.606
1364	124.8529375
1372	127.023375
1376	127.1818125
1383	128.697625
1387	128.8560625
1398	129.806875
1404	131.2744375
1408	131.4741875
1418	132.3215625
1429	133.927
1433	134.106125
1437	134.2300625
1449	135.428875
1456	136.2280625
1461	136.5725
1465	136.8618125
1476	138.6738125
1480	138.825375
1485	139.3283125
1489	139.6314375
1495	141.739875
1497	141.925875
1502	142.3391875
1506	142.4631875
1514	143.420875
1521	143.8824375
1526	144.1235625
1530	144.2406875
1539	145.92175
1543	146.273125
1550	148.3333125
1552	148.52625
1557	148.7398125
1562	149.215125
1566	149.3598125
1574	150.124625
1580	152.1641875
1583	152.370875
1587	152.680875
1594	153.300875
1599	153.5764375
1603	153.77625
1612	154.4926875
1618	154.747625
1621	155.0025625
1628	156.4356875
1631	156.6699375
1635	156.93175
1643	157.482875
1648	157.730875
1652	157.8961875
1657	158.4611875
1663	158.6885
1668	159.0605625
1671	159.2465625
1679	159.894125
1683	160.1421875
1690	160.7209375
1727	164.2210625
1730	164.414
1734	164.6689375
1738	164.9789375
1743	165.2063125
1748	165.6885625
1751	166.046875
1754	166.2604375
1758	166.3913125
1768	167.1905
1773	167.79675
1777	168.031
1781	168.4788125
1784	168.678625
1788	168.906
1801	171.58625
1805	171.765375
1818	172.9640625
1825	173.5771875
1827	173.7425625
1838	174.7071875
1842	174.975875
1846	175.320375
1848	175.4788125
1861	177.4630625
1865	177.711125
1873	178.469
1880	179.1028125
1882	179.19925
1891	180.0328125
1895	180.308375
1899	180.6665625
1901	180.7836875
1910	181.6104375
1915	182.1478125
1925	184.4215625
1931	184.7246875
1934	184.9451875
1936	185.041625
1945	185.87525
1948	186.06125
1953	186.3919375
1958	186.65375
1961	186.8810625
1965	187.266875
1971	187.769875
1979	189.0375625
1984	189.5956875
1992	190.8014375
1996	191.015
2002	191.318125
2005	191.5455
2007	191.6281875
2015	192.3378125
2018	192.53075
2021	192.71675
2026	192.9785625
2029	193.205875
2033	193.5916875
2039	194.080875
2049	196.4580625
2054	196.72675
2060	196.9471875
2067	197.4914375
2070	197.6636875
2074	197.8014375
2081	198.69025
2085	198.979625
2087	199.0623125
2094	199.641
2097	199.81325
2102	200.1990625
2112	201.880125
2115	202.27975
2119	202.6035625
2123	202.762
2132	203.574875
2135	203.754
2143	204.243125
2145	204.3258125
2151	204.9940625
2163	206.048
2169	206.3718125
2176	206.9505
2184	207.49475
2186	207.5843125
2194	209.96825
2197	210.209375
2204	211.5115625
2208	211.8560625
2214	213.1720625
2217	213.371875
2222	213.59925
2227	213.902375
2235	214.4535625
2238	214.667125
2243	215.12875
2246	215.301
