141	0.164625
145	0.288625
152	0.95
160	1.5561875
166	2.128
171	2.369125
173	2.4655625
178	3.064875
181	3.2715
183	3.3610625
191	4.2635625
196	4.78025
202	5.2073125
204	5.3244375
208	5.6689375
217	7.9771875
221	8.12875
231	8.78325
235	9.086375
241	9.665125
246	9.9269375
249	10.1198125
257	10.891375
261	11.2220625
275	12.586125
282	13.144125
287	13.3508125
293	13.922625
301	14.4324375
308	15.782875
314	16.0584375
318	16.19625
323	16.7268125
326	16.9541875
332	17.395125
340	17.91875
344	18.1391875
354	18.9245
359	19.151875
363	19.510125
367	19.87525
374	21.9975
378	22.19725
383	22.6795
393	24.408875
397	24.5604375
406	25.545625
413	26.8340625
418	27.082125
422	27.2268125
428	27.867625
434	28.535875
437	28.777
441	29.052625
446	29.5073125
452	29.955125
455	30.1480625
460	30.4443125
469	31.0988125
474	31.3813125
481	31.9324375
516	35.4533125
520	35.6393125
530	36.5486875
533	36.7209375
537	36.8586875
543	37.5131875
548	38.07125
552	38.3399375
556	38.60175
570	40.530875
572	40.641125
586	42.0810625
588	42.2050625
598	43.3899375
600	43.548375
610	44.74025
614	44.8986875
616	45.0158125
624	45.7254375
629	46.056125
633	46.3454375
638	46.745
643	47.0550625
649	49.11525
658	49.79725
663	50.0039375
669	50.3070625
679	51.161375
681	51.2509375
686	51.815875
689	52.0363125
691	52.1534375
699	53.1868125
702	53.3935
708	53.8275625
714	55.219375
718	55.4329375
723	55.6189375
729	55.9151875
733	56.2596875
737	56.404375
743	56.934875
749	57.56875
754	57.8786875
756	57.96825
763	58.65025
768	59.139375
775	59.745625
778	59.9385
782	60.0763125
787	60.5861875
790	60.744625
792	60.8273125
801	63.0735
805	63.1975
810	63.7830625
813	63.9553125
817	64.11375
826	65.0024375
829	65.271125
833	65.54675
838	65.9945
852	67.524
857	67.7858125
863	68.309375
874	69.866375
879	70.46575
912	73.7524375
915	73.9384375
921	74.193375
924	74.4000625
926	74.5171875
936	75.4196875
947	77.1214375
952	77.459
958	78.8439375
961	79.04375
966	79.2504375
972	79.5535625
977	80.0289375
980	80.2218125
989	82.433625
991	82.5920625
1001	83.8941875
1003	84.052625
1010	85.0860625
1014	85.2445
1017	85.4443125
1023	86.07125
1030	86.7325625
1034	87.056375
1038	87.4628125
1042	87.6005625
1047	88.1586875
1053	88.6960625
1060	90.005125
1064	90.349625
1071	92.4305
1075	92.5889375
1086	93.326125
1089	93.5465625
1094	93.8428125
1099	94.056375
1102	94.366375
1107	94.6488125
1111	94.8003125
1119	97.143
1124	97.335875
1130	97.6045625
1136	98.1695
1140	98.3210625
1145	98.7
1148	98.9204375
1152	99.05825
1167	100.5739375
1170	100.7461875
1180	101.4145
1185	101.6831875
1191	102.02075
1195	102.385875
1198	102.61325
1207	104.14975
1211	104.3633125
1216	104.57
1222	104.86625
1225	105.1763125
1228	105.3623125
1265	108.8488125
1269	109.00725
1281	109.9234375
1290	110.6536875
1294	110.9155
1306	111.962625
1310	112.196875
1320	112.9478125
1329	115.3386875
1331	115.497125
1338	116.3100625
1341	116.4960625
1343	116.6063125
1353	117.4054375
1361	118.79725
1363	118.9075
1367	119.382875
1374	119.9201875
1382	121.360125
1386	121.53925
1390	121.6494375
1399	122.4210625
1407	123.247875
1410	123.4131875
1412	123.5234375
1417	123.998875
1422	124.3156875
1424	124.474125
1430	125.02525
1436	126.43075
1440	126.7476875
1443	126.9130625
1446	127.08525
1450	127.4159375
1453	127.5674375
1456	127.7948125
1463	128.532
1468	128.9109375
1472	129.0486875
1479	131.3225
1483	131.5429375
1489	131.8391875
1493	132.27325
1497	132.4179375
1506	133.3755
1512	133.6373125
1521	135.042875
1525	135.4286875
1533	136.620625
1537	136.92375
1547	137.82625
1550	138.081125
1554	138.50825
1563	139.996375
1567	140.2099375
1580	141.4775
1583	141.7461875
1587	142.125125
1589	142.2146875
1627	146.0043125
1631	146.1971875
1643	147.2995625
1648	147.8300625
1652	148.09875
1656	148.264125
1665	149.09775
1671	151.240625
1677	151.784875
1682	151.9984375
1690	152.7563125
1695	153.0456875
1699	153.2110625
1704	153.741625
1709	154.995625
1718	155.7465625
1723	155.9739375
1729	156.242625
1735	156.786875
1740	157.0555625
1743	157.2415625
1750	157.7583125
1753	157.95125
1758	159.8805625
1762	160.0045625
1768	160.5281875
1771	160.7624375
1775	161.1689375
1779	161.3411875
1786	162.6640625
1790	163.022375
1797	165.1031875
1801	165.2271875
1809	166.0125625
1814	168.1279375
1817	168.334625
1821	168.6101875
1823	168.692875
1828	169.10625
1832	169.395625
1835	169.623
1839	169.98125
1843	170.9940625
1847	171.1800625
1850	171.3660625
1854	171.641625
1859	172.220375
1863	172.502875
1868	172.9575
1872	173.3433125
1877	173.605125
1883	173.8669375
1888	174.3423125
1893	174.6040625
1901	176.8158125
1905	176.9398125
1912	177.62875
1916	177.925
1922	178.524375
1930	178.9515
1934	179.116875
1939	179.6749375
1945	179.93675
1948	180.1434375
1958	180.9011875
1961	181.169875
1971	182.83025
1975	183.0024375
1979	183.236625
1986	183.8498125
1990	184.1460625
1994	184.5663125
1998	184.890125
2008	185.6754375
2016	187.7563125
2018	187.8665625
2024	188.500375
2031	189.1204375
2034	189.32025
2044	190.25025
2054	191.759125
2060	192.0346875
2062	192.12425
2069	192.8061875
2074	193.2953125
2081	193.867125
2086	194.3769375
2090	195.38975
2096	195.6515625
2100	195.79625
2110	196.395625
2114	196.788375
2118	196.9330625
2124	198.4558125
2129	198.9035625
2134	199.1309375
2140	199.709625
2144	199.833625
2150	200.3365
2153	200.57075
2157	200.7085
2172	202.837375
2176	203.0509375
2182	203.31275
2188	204.4151875
2198	205.951625
2201	206.241
2206	206.6888125
2209	206.8748125
2214	207.4604375
2218	207.605125
2224	208.259625
2231	210.436875
2236	210.6573125
2243	211.9250625
2248	212.13175
2254	213.440875
2258	213.6475625
2264	214.1986875
2269	214.4260625
2275	214.8325
