141	0.164625
145	0.302375
154	0.9981875
160	1.446
166	1.99025
168	2.1005
176	2.7411875
184	3.375
187	3.5816875
194	5.7728125
198	5.93125
206	6.7166875
210	7.0060625
216	7.509
220	7.6605625
228	8.2530625
235	9.7550625
239	9.9341875
243	10.0650625
252	10.9125
256	11.1949375
264	11.8011875
268	12.1594375
273	12.5245625
280	13.2410625
283	13.4201875
292	14.2469375
296	14.44675
299	14.79125
304	15.1770625
311	17.257875
315	17.67125
319	17.9330625
324	18.353375
328	18.7046875
334	20.0689375
340	20.585625
344	20.8336875
350	21.4261875
356	21.694875
361	22.1013125
364	22.29425
375	24.09925
379	24.3059375
387	25.0775
390	25.2290625
396	25.5253125
400	25.911125
405	26.3244375
408	26.517375
413	28.47425
419	29.0943125
423	29.369875
431	30.9545625
435	31.106125
440	31.622875
444	31.9604375
453	32.7183125
457	33.0971875
464	34.37875
469	34.5854375
475	34.8816875
482	35.4396875
488	35.942625
492	36.080375
500	36.7899375
504	37.0310625
514	37.7681875
517	38.0093125
523	38.526
526	38.7258125
530	39.015125
536	39.5386875
541	39.7798125
544	39.9520625
550	40.289625
554	40.6409375
585	43.741625
587	43.8725
599	45.00925
610	45.8910625
619	46.766
624	47.041625
628	47.22075
634	47.68925
643	48.71575
647	48.9775625
649	49.074
657	50.08675
661	50.327875
672	52.8014375
674	52.9805625
681	53.724625
684	53.8830625
691	54.4755625
693	54.634
700	55.33675
705	55.6605625
713	56.6458125
716	56.8318125
721	57.2314375
723	57.327875
731	58.87125
734	59.1055
741	61.186375
745	61.4275
753	62.02
757	62.2335625
766	62.9500625
770	63.163625
775	64.41075
779	64.589875
782	64.9205625
789	67.022125
793	67.194375
803	68.0761875
807	68.3310625
813	68.84775
817	69.088875
824	70.2945625
828	70.4736875
832	70.6665625
841	71.39
846	71.68625
855	72.3683125
858	72.581875
862	72.8574375
866	73.1123125
898	76.275
902	76.4334375
912	77.46
915	77.63225
919	77.78375
930	78.7206875
934	79.003125
941	79.547375
944	79.7540625
953	82.1518125
955	82.365375
962	83.0819375
965	83.3024375
973	83.8673125
985	84.845625
989	85.1211875
994	85.4174375
1003	86.264875
1007	86.547375
1009	86.6300625
1016	87.9805
1018	88.1045
1026	88.821
1035	89.79925
1039	90.1161875
1046	90.7018125
1050	90.901625
1055	91.335625
1058	91.507875
1062	91.7628125
1067	92.879
1069	93.003
1082	94.0431875
1089	94.642625
1092	94.8010625
1096	94.938875
1105	95.868875
1109	96.172
1114	96.475125
1121	97.081375
1134	99.6789375
1136	99.8098125
1147	100.7468125
1155	101.6286875
1158	101.849125
1162	102.21425
1167	102.4829375
1176	103.24775
1180	103.5164375
1184	103.8265
1188	104.295
1197	105.78325
1203	106.6169375
1210	108.6978125
1213	108.9803125
1217	109.207625
1227	110.179
1230	110.406375
1262	113.383
1267	113.5828125
1273	113.8515
1281	114.5749375
1290	115.4360625
1295	115.6771875
1299	115.835625
1307	116.5935
1315	117
1317	117.11025
1324	117.73025
1334	119.3769375
1338	119.5905
1343	119.7971875
1349	120.065875
1358	120.91325
1362	121.299
1367	122.008625
1370	122.174
1373	122.318625
1376	122.504625
1380	122.6561875
1386	123.228
1397	125.729125
1399	125.90825
1403	126.2251875
1408	126.43875
1417	127.5066875
1421	127.6238125
1428	128.8433125
1432	129.229125
1440	131.248
1442	131.427125
1446	131.7509375
1451	131.9920625
1458	132.6671875
1462	132.7980625
1471	133.59025
1481	135.864
1485	136.043125
1490	136.5046875
1493	136.6769375
1497	137.0144375
1504	137.5793125
1508	137.854875
1512	138.2820625
1518	139.5980625
1521	139.797875
1525	140.094125
1529	140.2594375
1535	140.7555
1539	141.044875
1542	141.29975
1546	141.5821875
1550	141.9749375
1555	142.3883125
1558	142.5674375
1562	142.8291875
1570	144.282875
1574	144.5584375
1578	144.840875
1583	145.3025
1588	145.591875
1623	149.016375
1627	149.20925
1636	150.0015625
1643	150.621625
1651	151.3795
1659	152.08225
1666	152.6609375
1670	152.8606875
1680	155.196375
1683	155.3755
1687	155.6855
1691	156.0644375
1693	156.154
1701	157.600875
1705	157.786875
1708	157.959125
1712	158.2346875
1716	158.6618125
1727	160.3980625
1730	160.5840625
1734	160.8389375
1736	160.9285
1747	161.78275
1752	162.03075
1758	162.43725
1771	165.1036875
1774	165.2965625
1783	166.1095
1787	166.3575
1791	166.488375
1797	167.1635625
1804	168.5966875
1809	169.209875
1816	171.2906875
1824	172.0898125
1827	172.3585
1831	172.7374375
1835	172.9854375
1846	175.4314375
1850	175.589875
1856	176.0996875
1866	176.94025
1872	177.8635
1881	179.0071875
1885	179.213875
1890	179.6203125
1895	180.0888125
1898	180.302375
1903	180.757125
1906	180.991375
1910	181.12225
1921	183.8024375
1928	184.5395625
1932	184.698
1936	185.097625
1940	185.2974375
1944	185.4283125
1951	186.8063125
1955	186.957875
1963	187.7295
1969	188.2806875
1974	188.797375
1980	190.0789375
1984	190.251125
1988	190.4853125
1994	191.0846875
2003	191.7460625
2014	194.1851875
2020	194.6880625
2023	194.9291875
2027	196.0729375
2035	196.7894375
2038	197.003
2045	198.339625
2049	198.711625
2057	200.7305
2061	201.1163125
2067	201.4951875
2070	201.7156875
2079	203.08675
2083	203.21075
2094	204.0236875
2098	204.313
2103	204.664375
2108	205.2430625
2113	205.690875
2119	206.269625
2125	208.1506875
2130	208.3366875
2134	208.67425
2137	208.8326875
2146	209.687
2150	209.7971875
2158	210.47925
2162	210.7755
2164	210.8581875
2172	212.3464375
2175	212.504875
2182	213.193875
2190	213.79325
2195	213.986125
2199	214.2685625
2203	214.66125
2209	216.07375
2213	216.2804375
2216	216.44575
2222	216.91425
2226	217.0795625
2232	217.685875
2236	217.9614375
2240	218.243875
2245	218.7605625
2249	218.981
2253	219.3599375
2257	219.90425
2260	220.0764375
2265	220.5586875
2271	222.5086875
2273	222.72225
2281	223.5628125
2284	223.728125
2290	224.334375
2294	224.58925
2301	225.1335
2304	225.3333125
2311	225.967125
2316	226.2013125
2318	226.3115625
2326	227.86875
2337	228.8539375
2342	229.0813125
2348	229.343125
2353	229.7426875
2357	230.0458125
2359	230.1285
2366	230.54175
2372	231.8233125
2380	232.5053125
2385	232.732625
2389	232.870375
2400	234.1931875
2403	234.3585625
2407	234.6203125
2411	235.0336875
2418	236.1980625
2422	236.411625
2426	236.9765625
2434	237.438125
2436	237.513875
2448	238.5610625
2451	238.7401875
2455	239.0984375
2461	239.566875
2467	239.863125
2472	240.2558125
2475	240.5038125
2485	241.56475
2490	241.861
2494	242.047
2506	243.0321875
2510	243.3284375
