141	0.164625
145	0.3230625
158	1.71475
166	2.4450625
169	2.706875
175	3.1546875
179	3.5611875
184	3.940125
188	4.091625
194	5.442
198	5.6486875
207	6.716625
211	6.840625
221	8.0256875
225	8.1496875
234	9.1969375
238	9.369125
242	9.568875
254	12.290375
260	12.807
262	12.8896875
270	13.7370625
273	13.9093125
278	14.481125
282	14.715375
289	16.1485
293	16.3000625
299	16.8513125
303	17.2301875
310	17.795125
312	17.91225
320	18.62875
331	19.579375
335	19.7791875
339	19.903125
343	20.39225
345	20.509375
350	21.067375
359	23.3825
363	23.6029375
370	24.2918125
376	24.8291875
379	25.029
381	25.1185625
387	25.704125
390	25.8694375
400	27.78475
404	27.90875
410	28.652875
416	29.9413125
420	30.1135625
424	30.251375
429	30.7129375
437	31.2503125
445	31.7808125
450	32.2699375
483	35.54975
485	35.7081875
494	36.5349375
497	36.7760625
501	36.8931875
509	37.520125
518	38.9531875
520	39.111625
526	39.7110625
531	39.986625
533	40.0830625
542	41.5781875
546	41.7435
548	41.8330625
556	42.4944375
561	42.8181875
565	42.9421875
571	43.445125
575	43.7965
582	44.320125
585	44.506125
589	44.62325
594	45.195125
600	47.282875
602	47.4964375
611	48.206125
614	48.4059375
620	49.6943125
622	49.8183125
627	50.3005625
630	50.500375
638	51.91275
642	52.0849375
644	52.1951875
650	52.698125
654	52.9323125
658	53.0700625
666	54.4410625
670	54.5995
680	55.67425
683	55.8740625
689	56.397625
693	56.742125
700	57.3139375
705	57.6721875
713	58.299125
718	58.5264375
722	58.66425
732	59.739
735	59.918125
744	62.1230625
747	62.336625
754	62.9704375
759	63.4044375
761	63.500875
769	64.3138125
774	64.5549375
776	64.6445
791	66.863
795	66.993875
805	67.77925
838	71.0590625
842	71.1830625
850	71.8858125
858	72.5815625
866	73.1603125
870	73.305
877	73.932
883	74.4143125
888	74.63475
892	74.8965
897	75.25475
900	75.433875
907	76.0676875
911	76.34325
915	76.6256875
920	77.0115
923	77.2181875
932	79.50575
936	79.7124375
944	80.50475
947	80.732125
949	80.842375
958	82.2479375
962	82.3719375
970	83.1573125
977	83.8186875
984	85.1346875
988	85.3
990	85.430875
997	86.0578125
1000	86.3265
1004	86.7054375
1006	86.801875
1013	88.8689375
1015	89.0825
1023	89.8196875
1026	89.9919375
1030	90.1296875
1036	91.5696875
1038	91.6799375
1044	92.3275
1047	92.5135
1051	92.644375
1056	93.78125
1060	93.9465625
1062	94.036125
1068	94.6216875
1071	94.7939375
1079	95.4690625
1085	95.972
1090	96.39225
1094	96.571375
1102	97.2465
1106	97.5840625
1112	98.893125
1116	99.1618125
1120	99.3065
1129	99.9610625
1138	100.767125
1142	101.0495625
1148	101.5111875
1156	101.9865625
1159	102.2828125
1192	105.6935
1196	105.8519375
1204	106.5615625
1211	107.229875
1219	107.6776875
1222	107.8568125
1233	109.1038125
1235	109.2278125
1241	110.0959375
1245	110.254375
1247	110.3715
1253	111.019125
1256	111.191375
1267	112.3005625
1272	112.527875
1281	115.0703125
1285	115.277
1293	116.0899375
1297	116.2139375
1304	117.3025625
1308	117.47475
1312	117.6125625
1317	118.06725
1320	118.232625
1324	118.384125
1330	119.0593125
1339	120.037625
1344	120.5336875
1348	120.8575
1352	121.1881875
1359	121.78075
1363	122.02875
1370	123.427375
1374	123.5858125
1380	124.1506875
1385	124.6743125
1388	124.8465625
1392	125.011875
1398	126.3346875
1401	126.61025
1409	128.215625
1414	128.6496875
1417	128.8976875
1421	129.0285625
1431	129.9516875
1443	132.563
1445	132.7765625
1455	133.5964375
1460	133.865125
1462	134.0235625
1469	134.6849375
1476	135.277375
1480	135.47025
1482	135.5598125
1490	136.4003125
1493	136.5725625
1502	137.3993125
1508	137.9849375
1512	138.2605625
1517	138.7084375
1526	139.5144375
1531	139.783125
1541	141.1335625
1545	141.3884375
1555	142.352875
1559	142.525125
1592	145.804875
1598	146.266375
1602	146.3835
1608	147.665
1612	147.8234375
1620	148.5399375
1630	149.469875
1633	149.6765
1637	150.041625
1641	150.1655625
1649	150.7993125
1653	151.006
1657	151.136875
1665	151.819
1674	153.4175
1678	153.58975
1682	153.8446875
1694	155.133
1697	155.298375
1703	155.815125
1709	156.4765625
1714	156.8209375
1718	158.8191875
1725	159.4323125
1729	159.5494375
1738	161.18225
1742	161.3338125
1747	161.8023125
1756	162.4636875
1758	162.5808125
1764	163.1733125
1769	163.4006875
1774	163.9725
1778	164.17225
1784	166.2944375
1788	166.514875
1795	167.183125
1803	167.81
1809	168.0649375
1816	168.6643125
1820	168.815875
1825	169.3808125
1830	170.552125
1834	170.724375
1838	170.8690625
1844	171.3513125
1847	171.57175
1851	171.682
1860	172.7980625
1864	173.0874375
1868	173.2389375
1873	173.7763125
1876	174.003625
1880	174.1758125
1884	174.5340625
1887	174.727
1891	174.954375
1899	177.324625
1903	177.510625
1912	179.00575
1916	179.212375
1928	181.15525
1932	181.3068125
1938	181.9338125
1944	183.167125
1948	183.34625
1952	183.546
1961	184.40025
1965	184.7309375
1970	185.1925
1973	185.36475
1977	185.5025
1982	186.0468125
1988	186.6806875
1995	187.3558125
1998	187.555625
2011	190.1876875
2014	190.353
2017	190.5528125
2026	191.4345625
2031	191.6895
2033	191.7721875
2042	192.5644375
2050	193.253375
2055	193.4738125
2061	193.949125
2067	195.1204375
2071	195.2444375
2077	196.0023125
2084	197.283875
2088	197.47675
2091	197.6145
2094	197.8211875
2102	198.3723125
2107	198.5996875
2109	198.7099375
2113	199.1439375
2116	199.3161875
2126	200.2325
2133	202.334
2137	202.4855
2144	203.3605625
2148	203.4845625
2157	204.5386875
2161	204.7109375
2165	204.8280625
2173	205.399875
2179	206.6814375
2183	206.839875
2189	207.3014375
2199	208.272875
2202	208.452
2211	209.1890625
2215	209.4233125
2221	209.871125
2225	210.119125
2232	211.5453125
2236	211.7244375
2240	211.848375
2247	212.44775
2252	212.9161875
