141	0.164625
145	0.350625
153	1.12225
162	1.783625
167	2.265875
172	2.5965
176	2.789375
187	3.91925
190	4.0776875
192	4.16725
200	4.88375
205	5.1455625
209	5.4004375
216	5.9859375
223	6.61975
227	6.92975
231	7.226
237	7.6738125
246	10.0715625
248	10.2920625
255	10.898375
258	11.1395
262	11.2841875
267	11.7320625
272	12.0903125
280	12.7516875
283	12.9170625
287	13.0755
294	14.556875
298	14.7221875
300	14.81175
311	15.8589375
317	16.4445625
321	16.7270625
328	17.4229375
332	17.5745
339	17.974125
347	18.814625
350	19.0833125
354	19.2210625
362	21.50175
364	21.62575
378	22.9346875
387	24.374625
391	24.719125
398	26.035125
403	26.2486875
408	26.717125
411	27.013375
419	27.4405
423	27.67475
428	28.08125
432	28.4188125
439	30.554875
445	31.05775
450	31.533125
454	31.6778125
461	32.3874375
465	32.6768125
470	32.9936875
475	33.4415
483	35.1294375
487	35.3085625
491	35.5014375
496	35.956125
500	36.25925
509	37.1410625
512	37.3133125
516	37.4510625
526	39.1183125
530	39.3111875
534	39.7176875
538	40.0828125
541	40.2550625
546	40.516875
550	40.7924375
555	41.109375
589	44.5751875
599	45.374375
603	45.53975
611	46.2218125
619	46.56625
623	46.697125
628	47.2069375
632	47.5100625
638	48.0611875
641	48.1989375
652	50.0315625
656	50.2038125
660	50.4311875
665	50.9616875
668	51.120125
670	51.2096875
677	51.891625
681	52.2911875
685	52.5874375
693	53.2005625
697	53.3314375
705	53.9790625
708	54.1513125
714	54.6335625
724	55.55675
731	57.7134375
733	57.9339375
741	58.540125
744	58.7674375
746	58.8845625
754	60.255625
756	60.379625
761	60.9308125
768	61.43375
773	61.7575
777	61.874625
782	63.1493125
786	63.314625
788	63.43175
794	64.0724375
797	64.3204375
801	64.4375625
807	65.0024375
810	65.1746875
814	65.346875
822	66.8419375
826	66.9659375
832	67.606625
836	67.9235625
840	68.0475625
847	68.7915625
850	68.95
852	69.0395625
857	69.4666875
868	72.146875
875	72.68425
882	73.3111875
889	74.551375
893	74.7029375
898	75.12325
901	75.288625
905	75.4608125
911	75.99125
919	76.714625
926	78.7954375
934	80.3663125
938	80.579875
943	80.876125
947	81.2205625
950	81.42725
984	84.8035
988	84.9550625
1003	86.4775625
1008	87.0286875
1012	87.297375
1014	87.4145
1019	87.876125
1022	88.0415
1026	88.1793125
1032	89.5159375
1034	89.6399375
1048	90.9489375
1056	91.506875
1059	91.686
1064	92.244
1071	92.9743125
1075	93.1671875
1077	93.2843125
1083	93.759625
1089	94.241875
1092	94.4623125
1096	94.5931875
1103	96.8945
1105	97.0185
1112	97.4318125
1117	98.8029375
1119	98.9269375
1125	99.5263125
1131	100.8354375
1135	101.0145625
1139	101.1316875
1144	101.572625
1147	101.7241875
1149	101.868875
1157	102.5715625
1160	102.8195625
1164	102.9641875
1175	103.73575
1180	104.1284375
1183	104.32825
1194	105.9335625
1198	106.1126875
1202	106.222875
1210	106.9738125
1213	107.1805
1222	107.93825
1225	108.0966875
1229	108.2138125
1237	108.7925
1241	109.095625
1248	111.204
1256	111.7758125
1262	112.2236875
1265	112.5268125
1273	113.0504375
1278	114.290625
1282	114.5110625
1291	115.317125
1294	115.489375
1298	115.627125
1305	116.316
1311	116.756875
1317	118.0039375
1321	118.176125
1325	118.375875
1336	119.5056875
1342	119.9053125
1345	120.0913125
1378	123.4125
1382	123.5709375
1390	124.2943125
1393	124.494125
1397	124.7145625
1403	125.286375
1407	125.5619375
1411	125.9890625
1418	128.0975
1422	128.276625
1426	128.6693125
1434	129.2343125
1438	129.3583125
1442	129.8956875
1449	131.2668125
1453	131.6113125
1460	133.6921875
1463	133.9401875
1467	134.3604375
1471	134.62225
1473	134.7118125
1479	135.407625
1482	135.58675
1493	136.9645
1496	137.2745625
1499	137.44675
1507	139.6103125
1509	139.823875
1517	140.492125
1520	140.7745625
1524	140.939875
1530	142.2489375
1533	142.455625
1543	143.35125
1546	143.53725
1550	143.6888125
1556	144.2261875
1563	145.686875
1567	145.8521875
1569	145.9693125
1575	146.561875
1581	147.1475
1584	147.31975
1588	147.5746875
1595	148.3669375
1600	148.807875
1605	149.104125
1609	149.37975
1614	149.917125
1623	150.59225
1628	150.7989375
1633	152.1080625
1637	152.3009375
1640	152.4869375
1644	152.755625
1651	153.224125
1654	153.423875
1663	154.4849375
1667	154.6089375
1700	157.9025625
1705	158.2056875
1712	158.832625
1718	159.3906875
1722	159.6869375
1727	159.9486875
1732	160.16225
1736	160.486
1739	160.6375
1747	161.3884375
1751	161.58825
1756	162.0498125
1764	162.6009375
1773	163.29675
1777	163.4483125
1783	165.55675
1793	166.314625
1797	166.74175
1800	166.934625
1809	168.58825
1813	168.794875
1824	169.8765625
1831	171.1925625
1835	171.3785625
1838	171.5508125
1843	171.7575
1847	172.170875
1850	172.412
1854	172.5566875
1863	174.8786875
1867	175.099125
1872	175.629625
1875	175.801875
1880	176.1325625
1884	176.3805625
1890	176.9661875
1895	177.3656875
1902	177.9375
1905	178.1235
1915	179.832125
1919	180.004375
1923	180.1421875
1931	180.8931875
1935	181.223875
1943	181.9196875
1949	182.4915
1952	182.684375
1957	183.056375
1961	183.366375
1963	183.442125
1970	184.110375
1976	186.3153125
1978	186.4393125
1984	187.0800625
1992	188.5200625
1994	188.6509375
1999	189.215875
2008	190.649
2012	190.8143125
2014	190.903875
2020	191.5445625
2026	192.19225
2029	192.3851875
2033	192.5505
2039	193.8595625
2043	193.9835625
2052	194.7000625
2056	194.9549375
2065	196.553375
2069	196.739375
2072	196.911625
2076	197.2354375
2078	197.325
2084	199.4334375
2088	199.5574375
2093	200.094875
2098	200.466875
2104	201.782875
2108	201.9344375
2117	202.8093125
2124	203.43625
2128	203.56025
2135	205.03475
2139	205.2069375
2143	205.3240625
2148	205.8821875
2154	206.5366875
2160	207.1843125
2163	207.3634375
2167	207.52875
2173	208.84475
2176	209.0445625
2180	209.306375
