141	0.164625
145	0.412625
154	1.067125
162	1.6320625
166	1.8869375
171	2.3071875
174	2.451875
176	2.569
182	3.2785625
187	3.602375
191	3.8710625
205	4.9665625
211	6.3445625
215	6.5236875
221	6.9439375
227	7.619125
230	7.791375
234	7.977375
242	8.5629375
246	8.8523125
249	9.07275
253	9.2105625
260	10.623
264	10.7814375
270	11.35325
276	12.621
280	12.82075
288	13.613
295	15.0323125
299	15.183875
304	15.7695
310	17.126875
314	17.299125
318	17.4369375
327	18.22925
336	20.6270625
341	20.9233125
344	21.13
349	21.6398125
357	22.445875
360	22.6525625
362	22.7834375
368	23.3484375
371	23.5138125
377	24.1545625
392	26.04925
398	26.8829375
405	28.9638125
411	29.4529375
415	29.65275
421	30.2176875
425	30.4175
429	30.5276875
439	31.512875
444	32.077875
448	32.2363125
455	34.5445625
457	34.7236875
463	35.2335
467	35.398875
475	36.163625
481	36.4254375
485	36.8181875
488	37.011125
493	37.3211875
498	38.4580625
501	38.7405
508	39.415625
512	39.643
519	40.12525
524	40.6764375
531	41.2000625
534	41.40675
545	43.21175
549	43.390875
553	43.55625
561	44.1900625
566	44.6585625
569	44.8514375
573	45.0994375
579	45.5954375
583	45.864125
588	46.1259375
590	46.2155
597	46.828625
600	47.0353125
602	47.124875
638	50.8043125
642	50.9283125
650	51.631
661	52.7125625
669	53.16725
671	53.2568125
680	54.1661875
688	55.2891875
690	55.4131875
700	56.68775
704	56.8599375
706	56.942625
711	57.4455625
717	59.554
720	59.7606875
727	60.573625
730	60.7940625
734	61.1799375
736	61.3108125
746	62.654375
752	62.9436875
760	63.694625
767	65.7754375
770	65.9751875
773	66.181875
776	66.381625
789	69.22025
791	69.34425
797	69.9298125
803	70.4740625
806	70.7151875
810	70.8323125
818	72.472125
820	72.603
830	73.6156875
835	74.2013125
839	74.5044375
841	74.5801875
847	75.9650625
851	76.1441875
855	76.288875
860	76.7366875
867	77.4600625
870	77.66675
876	78.1008125
886	79.079125
891	79.465
895	79.57525
901	80.188375
908	80.6293125
913	80.904875
917	81.2561875
924	81.869375
958	85.135375
962	85.3145
968	85.845
978	86.5064375
982	86.844
986	87.222875
996	88.88325
1000	89.1105625
1006	89.337875
1011	89.7925625
1015	89.951
1022	90.6330625
1026	90.9155
1032	91.2530625
1036	91.64575
1041	92.0246875
1043	92.121125
1052	93.29925
1054	93.430125
1059	94.291375
1062	94.539375
1064	94.615125
1071	96.7786875
1073	96.9646875
1081	97.6329375
1084	97.8671875
1086	98.025625
1091	98.4803125
1096	98.693875
1098	98.7903125
1105	100.1063125
1109	100.257875
1115	100.850375
1122	102.1043125
1126	102.2765
1128	102.393625
1133	102.8828125
1136	103.1101875
1138	103.206625
1149	105.631875
1156	107.0649375
1163	107.802125
1166	107.988125
1170	108.1879375
1175	108.6150625
1181	108.9113125
1188	109.531375
1192	110.5441875
1196	110.7233125
1200	110.8404375
1206	111.3846875
1209	111.5569375
1213	111.6878125
1220	112.3629375
1229	113.12075
1233	113.423875
1237	113.795875
1240	113.981875
1244	114.1816875
1249	114.6088125
1252	114.76725
1284	117.9230625
1286	118.0539375
1292	118.56375
1303	120.3206875
1305	120.4309375
1311	121.030375
1318	121.746875
1329	123.4348125
1333	123.600125
1335	123.6896875
1342	124.3924375
1349	124.92975
1351	125.0261875
1357	125.70825
1362	126.1974375
1366	126.528125
1370	126.845
1377	127.3341875
1380	127.492625
1384	127.60975
1389	128.167875
1395	130.3314375
1399	130.489875
1405	131.02725
1408	131.192625
1412	131.330375
1419	131.854
1421	132.329375
1426	133.6866875
1430	133.8106875
1437	134.375625
1440	134.5409375
1444	134.699375
1454	136.3598125
1458	136.532
1462	136.79375
1468	137.3518125
1471	137.5929375
1475	137.73075
1483	138.5230625
1488	139.019125
1493	139.3153125
1497	139.5978125
1502	140.0525
1509	140.6794375
1516	141.3131875
1520	141.595625
1561	145.4816875
1565	145.6056875
1572	146.2050625
1579	146.88025
1583	147.1420625
1594	149.2020625
1598	149.4431875
1603	149.8220625
1607	149.973625
1614	150.5109375
1619	150.7520625
1627	151.385875
1631	151.565
1637	151.999
1642	152.5501875
1653	154.8170625
1655	155.0513125
1660	155.5543125
1664	155.6851875
1675	157.5248125
1680	158.131125
1687	159.447125
1691	159.6193125
1693	159.7984375
1699	160.301375
1703	160.4391875
1708	161.073
1713	161.321
1718	163.22275
1721	163.47075
1726	164.793625
1729	164.979625
1733	165.2345625
1738	166.419625
1740	166.543625
1748	167.1843125
1753	167.7836875
1758	168.038625
1760	168.1281875
1765	168.6518125
1773	169.4096875
1776	169.602625
1780	169.7335
1787	170.3604375
1791	170.629125
1797	171.2354375
1801	172.2138125
1805	172.379125
1807	172.4686875
1812	172.9646875
1818	173.529625
1822	173.901625
1827	174.1565625
1832	174.370125
1839	174.7421875
1842	174.99025
1848	175.589625
1855	177.925375
1859	178.1045
1865	178.69
1871	180.074875
1875	180.20575
1882	180.812
1890	181.569875
1894	181.7283125
1901	183.3405625
1905	183.5196875
1909	183.6505625
1917	184.422125
1920	184.5875
1924	184.7459375
1933	185.53825
1940	186.3029375
1945	186.5234375
1949	186.916125
1952	187.1435
1956	187.508625
1965	189.8995625
1967	190.058
1975	190.7883125
1978	191.0225625
1982	191.4359375
1991	192.9035
1995	193.0550625
2003	193.799125
2010	195.115125
2014	195.308
2026	196.623875
2029	196.87875
2033	197.2645625
2035	197.354125
2047	200.0343125
2050	200.234125
2062	201.618875
2071	203.279375
2073	203.403375
2080	204.071625
2085	204.319625
2091	204.726125
2101	206.400375
2105	206.5588125
2107	206.6759375
2115	207.49575
2123	208.0813125
2126	208.288
2128	208.4464375
2133	208.949375
2139	210.451375
2143	210.6098125
2153	211.2574375
2157	211.5468125
2170	212.5940625
2175	212.966125
2178	213.138375
2185	215.088375
2189	215.2468125
2194	215.8255
2203	216.4799375
2206	216.700375
2210	216.9759375
2219	217.6580625
2226	218.27125
2234	219.752625
2240	220.5863125
2246	221.9023125
2250	222.115875
2255	222.34325
2261	222.7496875
2264	222.9356875
