141	0.164625
145	0.288625
153	0.9706875
157	1.266875
159	1.3564375
166	1.9695625
169	2.1418125
175	2.7825
185	5.3800625
192	6.1035
199	6.7373125
203	7.0473125
212	7.7845
216	7.9223125
225	8.604375
230	8.8110625
235	9.038375
245	10.6713125
249	10.82975
251	10.946875
256	11.38775
259	11.5875625
263	11.95275
271	12.6555
275	12.910375
281	13.41325
287	13.9988125
290	14.19175
294	14.3295
299	14.87375
308	17.1681875
310	17.3541875
314	17.671125
317	17.905375
324	19.1938125
334	20.861125
340	21.6948125
347	23.0039375
351	23.2313125
354	23.431125
361	24.14075
366	24.4439375
371	24.898625
378	25.491125
391	26.6071875
396	26.931
403	27.4408125
406	27.6956875
411	28.198625
414	28.364
423	30.76175
425	31.0098125
429	31.3405625
433	31.4508125
442	33.0148125
446	33.4213125
453	34.6753125
457	34.8475625
461	35.047375
466	35.4951875
471	35.89475
505	39.3468125
515	40.3526875
519	40.545625
526	41.248375
535	41.8683125
548	43.859375
552	44.031625
556	44.14875
568	45.3613125
572	45.6161875
578	46.07775
584	46.57375
589	46.9595
591	47.076625
597	47.682875
602	48.089375
609	50.252875
612	50.4526875
623	51.362
634	52.2920625
637	52.5125
643	52.9465625
648	53.3255
653	53.5941875
660	54.1728125
665	54.475875
667	54.5654375
677	56.1570625
682	56.7220625
690	58.7409375
693	59.0234375
697	59.25075
707	60.1395
717	60.911125
727	61.96525
732	62.2614375
735	62.5370625
739	62.8195
748	63.6185625
758	64.3901875
766	66.560625
772	66.96025
775	67.1325
779	67.27025
786	68.04875
797	69.7849375
801	69.9089375
809	70.5840625
814	71.00425
819	71.3625
823	71.555375
833	73.31225
837	73.491375
841	73.68425
850	74.5178125
855	74.9104375
861	75.57875
864	75.7716875
868	75.9094375
901	79.2788125
905	79.4648125
915	80.2431875
922	80.877
929	81.5039375
933	81.64175
939	82.19975
943	82.4821875
947	82.874875
954	83.3501875
959	83.6739375
963	83.8116875
974	84.982875
978	85.3205
985	85.851
990	86.1059375
994	86.4090625
996	86.4848125
1004	88.6208125
1008	88.84125
1015	89.4750625
1023	90.1709375
1034	91.8795625
1038	92.2240625
1045	93.5400625
1049	93.71225
1051	93.8706875
1062	94.7249375
1069	95.35875
1074	95.675625
1083	96.4610625
1087	96.6333125
1093	97.2326875
1096	97.439375
1100	97.66675
1104	97.969875
1109	99.7475625
1118	100.4846875
1127	101.1873125
1130	101.4353125
1134	101.55925
1141	102.144875
1151	103.660625
1155	103.784625
1164	104.7629375
1167	104.9351875
1170	105.093625
1174	105.403625
1188	107.2775625
1192	107.4498125
1196	107.5669375
1201	108.056125
1204	108.242125
1208	108.4695
1215	109.0895625
1222	109.647625
1257	113.1065625
1265	114.6911875
1269	114.897875
1276	115.59375
1279	115.766
1283	115.9244375
1288	116.3033125
1296	116.9440625
1301	117.33675
1306	117.5985
1311	118.0118125
1316	118.3769375
1328	121.057125
1331	121.2569375
1339	121.9665
1347	122.627875
1350	122.869
1352	122.97925
1356	123.4133125
1361	123.69575
1363	123.806
1368	124.3020625
1375	125.6386875
1379	125.893625
1383	126.300125
1387	126.768625
1394	128.8288125
1397	129.0768125
1401	129.4970625
1405	129.7864375
1410	130.082625
1419	130.9231875
1423	131.067875
1429	131.660375
1435	133.0176875
1439	133.2588125
1442	133.5205625
1446	133.9476875
1457	135.0155
1461	135.1808125
1467	135.74575
1473	137.7853125
1475	137.8955625
1486	138.860125
1494	139.50775
1506	140.6928125
1510	140.9270625
1515	141.388625
1524	142.842375
1528	142.966375
1537	143.7724375
1542	144.2960625
1546	144.56475
1550	144.7094375
1586	148.4784375
1591	148.67825
1599	149.4980625
1602	149.6565
1612	150.73125
1620	151.3581875
1624	151.5855625
1627	151.744
1635	152.4674375
1637	152.557
1644	153.22525
1651	154.5688125
1655	154.9476875
1659	155.175
1663	155.292125
1671	156.09125
1675	156.3255
1679	156.71125
1683	156.9385625
1687	157.0694375
1694	157.82725
1704	160.2939375
1707	160.4730625
1711	160.7830625
1715	161.162
1717	161.2584375
1726	162.1126875
1734	163.6490625
1738	163.8695
1741	164.048625
1745	164.3104375
1747	164.468875
1755	166.0121875
1759	166.22575
1764	166.4324375
1769	166.728625
1778	167.631125
1781	167.803375
1785	168.18225
1791	168.5955625
1797	169.9666875
1802	170.2146875
1806	170.4006875
1813	171.1171875
1816	171.3514375
1825	171.992125
1828	172.3228125
1832	172.4536875
1839	173.10125
1842	173.3216875
1853	175.8916875
1859	176.470375
1862	176.66325
1868	176.9181875
1872	178.0688125
1880	178.778375
1883	178.9299375
1889	179.2261875
1894	181.320875
1901	182.058
1905	182.19575
1915	183.794125
1919	183.9456875
1928	184.614
1932	184.9446875
1937	185.275375
1945	185.8471875
1948	186.0814375
1955	186.7151875
1959	186.9700625
1966	187.4178125
1969	187.59
1982	189.4984375
1986	189.670625
1993	190.41475
2000	191.041625
2006	193.1018125
2009	193.3360625
2014	193.8251875
2019	194.0525625
2024	194.2454375
2028	194.6725625
2035	195.2788125
2042	195.8506875
2046	195.9746875
2053	197.1941875
2057	197.34575
2068	198.5445625
2075	199.833
2079	200.019
2082	200.246375
2087	200.7355
2092	200.9490625
2097	201.1488125
2101	201.58975
2106	202.1064375
2108	202.2235625
2115	202.760875
2120	203.1121875
2123	203.2844375
2134	205.7648125
2141	207.2254375
2145	207.3425625
2149	207.817875
2153	208.121
2157	208.375875
2162	208.7823125
2167	209.230125
2172	209.5745
2176	209.7191875
2183	210.3323125
2188	210.7525625
2192	210.8696875
2197	211.352
2201	211.662
2216	212.9365
2223	213.3911875
2228	213.6323125
2232	213.783875
2237	214.190375
2245	215.740625
2249	215.9473125
2253	216.0644375
2261	216.8429375
2266	217.10475
2270	217.359625
2275	217.66275
2282	218.207
2287	218.620375
2292	218.868375
2300	219.4953125
2305	219.9638125
2310	220.3220625
2314	220.5425
2320	222.5338125
2325	222.75425
2331	223.057375
2335	223.4500625
2340	223.8703125
2344	224.1183125
2354	225.696
2357	225.8958125
2361	226.1989375
2366	226.5985625
2373	227.1703125
2377	227.2943125
2384	227.9625625
2390	228.458625
2394	228.692875
