141	0.164625
145	0.3230625
152	0.757
161	1.569875
166	2.017625
171	2.3206875
173	2.41025
184	3.5125625
187	3.6848125
189	3.84325
195	4.31175
201	5.7793125
206	6.15825
209	6.337375
213	6.4545
222	8.76275
225	9.052125
229	9.3276875
240	10.4025
245	10.6643125
247	10.747
253	11.318875
258	11.7529375
261	11.9320625
265	12.0698125
273	12.85525
279	13.35125
286	14.5845625
290	14.97725
298	17.244125
301	17.430125
305	17.5679375
318	19.5039375
320	19.6348125
325	20.068875
328	20.303125
332	20.757875
342	23.514
345	23.706875
348	23.9341875
352	24.1064375
358	24.5335625
367	25.291375
370	25.4911875
374	25.6565
382	27.882
386	28.0404375
391	28.543375
395	28.8946875
397	28.98425
403	30.0039375
405	30.1279375
411	30.899625
415	31.0580625
417	31.147625
425	31.9950625
428	32.1535
440	33.85525
444	34.048125
449	34.4339375
452	34.5993125
457	34.9024375
466	35.5569375
498	38.733375
502	38.9400625
508	39.5325625
519	41.2343125
523	41.4754375
536	42.7845
546	44.272625
550	44.4448125
554	44.596375
560	45.126875
573	46.3394375
577	46.670125
581	47.0008125
586	47.3659375
595	48.7576875
599	48.8885625
611	50.0735
615	50.2733125
619	50.3904375
630	51.39625
634	51.6786875
640	53.773375
642	53.9869375
650	54.7585625
653	55.02725
657	55.4061875
659	55.502625
669	56.956375
673	57.0735
680	57.741875
687	59.829625
689	60.050125
697	60.8286875
700	61.083625
704	61.4694375
706	61.552125
714	63.6260625
720	63.963625
729	65.252
735	65.5344375
741	66.42325
745	66.5955
751	66.8641875
759	67.7185
764	67.959625
768	68.097375
773	68.6416875
778	68.937875
782	69.0894375
793	70.1573125
796	70.3295625
800	70.50175
808	72.052
812	72.22425
816	72.3758125
823	73.0854375
827	73.3471875
838	74.1670625
841	74.332375
845	74.5596875
851	74.9936875
886	78.3630625
890	78.514625
899	79.355125
908	81.015625
913	81.2498125
916	81.44275
922	82.82075
926	83.0825625
928	83.179
938	84.1435625
944	85.50775
948	85.63175
956	86.4860625
960	86.741
970	87.5263125
974	87.6434375
985	88.6423125
990	89.0694375
993	89.283
995	89.39325
1007	90.481625
1010	90.6745
1014	90.8123125
1024	93.1963125
1026	93.35475
1032	93.9059375
1036	94.13325
1040	94.25725
1053	96.1864375
1059	97.020125
1066	99.101
1069	99.3834375
1072	99.6108125
1079	101.0715
1083	101.2368125
1086	101.5536875
1089	101.808625
1093	102.1875625
1095	102.284
1105	104.84025
1108	105.0469375
1112	105.3225
1114	105.4120625
1126	106.355875
1136	108.0163125
1140	108.39525
1142	108.4848125
1152	109.5045
1157	110.74475
1161	110.937625
1164	111.123625
1168	111.4060625
1172	111.55075
1177	112.1363125
1182	112.570375
1185	112.76325
1189	112.880375
1222	116.3186875
1226	116.4426875
1232	117.12475
1243	118.0135625
1247	118.3098125
1252	118.5509375
1254	118.6405
1263	119.384625
1266	119.570625
1270	119.68775
1278	120.473125
1284	120.8658125
1286	120.9485
1298	121.857875
1308	124.2694375
1312	124.427875
1326	125.6403125
1329	125.8056875
1333	125.964125
1339	126.4395
1342	126.680625
1346	127.0595625
1349	127.2318125
1360	128.26525
1367	129.7328125
1371	129.89125
1379	130.51825
1386	132.599125
1390	132.8195625
1397	133.453375
1403	133.9425
1405	134.0251875
1413	134.603875
1418	134.8380625
1420	134.927625
1434	137.663
1438	137.8214375
1447	138.537875
1453	138.965
1457	139.4265625
1462	139.7503125
1466	139.901875
1473	141.328125
1477	141.4865625
1482	142.0308125
1489	142.69225
1492	142.857625
1496	143.119375
1500	143.53275
1506	144.855625
1510	145.03475
1514	145.1449375
1522	145.96475
1525	146.137
1529	146.3091875
1539	147.253
1544	147.7765625
1548	148.0796875
1555	148.644625
1560	148.8719375
1592	152.0070625
1598	152.4548125
1602	152.5788125
1611	153.95675
1615	154.1083125
1620	154.67325
1628	155.3553125
1636	155.85825
1642	156.3405
1654	157.683875
1658	157.93875
1664	158.5380625
1672	159.0754375
1678	159.52325
1682	159.661
1687	160.3155
1695	161.9276875
1699	162.1688125
1706	162.6855
1713	163.960125
1718	164.2425625
1723	164.456125
1732	165.971875
1736	166.1440625
1740	166.4885
1745	166.9915
1750	167.184375
1754	167.432375
1759	167.7493125
1768	169.878375
1771	170.0850625
1775	170.360625
1785	171.1045625
1787	171.2216875
1795	171.945125
1805	173.6124375
1809	173.8053125
1812	173.9913125
1816	174.27375
1824	174.997125
1828	175.2245
1834	175.64475
1839	177.65675
1844	177.863375
1852	178.3869375
1856	178.531625
1868	180.4608125
1872	180.888
1876	181.0119375
1884	181.67325
1890	182.1348125
1898	182.4930625
1902	182.6308125
1909	183.98125
1913	184.1948125
1917	184.5185625
1921	184.7114375
1930	185.5036875
1933	185.696625
1937	185.8550625
1942	187.9979375
1948	188.5283125
1953	189.7271875
1957	189.87875
1962	190.31275
1966	190.5745
1970	191.05675
1975	192.2005
1979	192.3865
1982	192.5863125
1986	192.875625
1993	193.495625
1998	193.77125
2002	193.9159375
2009	194.48775
2015	194.784
2019	195.1215625
2024	195.507375
2032	196.01025
2039	198.14625
2049	199.0486875
2052	199.2484375
2056	199.4964375
2063	199.971875
2066	200.1785
2075	200.9431875
2083	202.452125
2089	203.00325
2092	203.2030625
2096	203.47175
2098	203.5681875
2103	203.9815625
2109	206.021125
2112	206.2209375
2117	206.689375
2123	207.157875
2127	207.32325
2137	208.839
2141	209.025
2144	209.2248125
2149	209.69325
2156	210.2581875
2160	210.402875
2164	210.75425
2171	211.3811875
2174	211.6223125
2178	211.891
2184	213.09675
2188	213.4550625
2194	215.5359375
2197	215.742625
2201	216.0181875
2211	216.762125
2215	216.9205625
2222	217.354625
2232	219.0219375
2236	219.2355
2244	219.9519375
2249	220.158625
2255	220.454875
2259	220.861375
2264	221.2748125
2267	221.5090625
2274	222.0946875
2279	222.30825
2283	222.55625
2288	222.859375
2296	223.513875
2304	223.872125
2310	224.4508125
2314	224.6023125
2322	225.222375
2325	225.394625
2329	225.532375
2335	226.2006875
2340	227.3375625
2344	227.709625
2346	227.785375
