141	0.164625
145	0.288625
152	0.9499375
160	1.5836875
164	1.8179375
170	2.252
173	2.458625
175	2.568875
181	3.0993125
187	3.5746875
190	3.7538125
196	4.3875625
201	4.65625
203	4.7458125
210	5.3934375
218	6.041
225	6.716125
230	8.4938125
234	8.645375
244	9.299875
249	9.7683125
257	10.560625
261	10.6708125
266	11.2839375
269	11.4630625
273	11.6008125
280	12.2415
283	12.4344375
287	12.5653125
295	13.5504375
298	13.7226875
302	13.888
308	15.2315
312	15.3830625
323	16.4026875
330	18.462875
333	18.697125
338	19.0691875
343	19.66175
347	19.9441875
351	20.3161875
358	21.65975
360	21.790625
368	22.5415625
372	22.8240625
376	23.2305
382	24.553375
386	24.7118125
388	24.8289375
394	25.366375
397	25.538625
406	26.365375
411	26.6271875
414	26.847625
421	27.4194375
433	29.927375
439	30.24425
448	30.9606875
452	31.2706875
455	31.4429375
463	33.0896875
467	33.30325
472	33.530625
481	34.5365
484	34.7225
521	38.209
525	38.3674375
536	39.194125
541	39.662625
545	39.9450625
553	40.5513125
556	40.8889375
558	41.0060625
565	41.9224375
567	42.0464375
576	43.1763125
580	43.33475
582	43.4243125
591	44.2026875
599	46.4489375
601	46.6694375
607	47.310125
610	47.5374375
614	47.9233125
616	48.012875
624	49.4184375
628	49.5286875
635	50.1625
642	51.4578125
646	51.623125
648	51.74025
653	52.2018125
656	52.4360625
660	52.815
662	52.9114375
671	55.15075
673	55.37125
678	55.798375
681	56.0188125
685	56.1635
691	57.4519375
693	57.5759375
700	58.2855625
703	58.4715625
707	58.623125
714	60.049375
718	60.2215625
720	60.3318125
725	60.945
728	61.110375
732	61.2343125
740	62.6123125
744	62.77075
749	63.2875
757	63.92125
761	64.26575
767	64.706625
772	65.3198125
775	65.519625
781	66.2361875
788	66.9044375
790	66.994
828	70.8663125
832	71.0660625
842	71.9754375
849	72.6161875
853	72.9675625
857	73.3395625
864	74.67625
867	74.8829375
876	75.4960625
882	76.1093125
886	76.322875
894	77.039375
898	77.363125
902	77.7489375
906	77.893625
913	78.692875
918	79.16825
925	81.30425
927	81.5178125
934	82.248125
937	82.482375
941	82.61325
946	83.17825
950	83.5158125
956	84.0394375
958	84.1565625
966	84.976375
973	85.754875
978	86.002875
981	86.2095625
985	86.47825
991	87.04325
993	87.1259375
1001	88.5039375
1005	88.772625
1014	89.6061875
1021	91.6870625
1026	91.9833125
1029	92.183125
1034	92.5345
1037	92.7480625
1039	92.837625
1046	93.4645625
1050	93.6574375
1052	93.740125
1058	94.270625
1061	94.44975
1070	96.068875
1074	96.4478125
1082	97.0126875
1118	100.575
1122	100.7334375
1127	101.2639375
1130	101.484375
1134	101.6841875
1140	102.93125
1144	103.05525
1151	103.744125
1157	104.212625
1160	104.384875
1164	104.522625
1171	105.8041875
1175	105.9833125
1179	106.10725
1184	106.644625
1187	106.816875
1191	106.954625
1199	107.6573125
1204	108.0775625
1211	108.6080625
1215	108.8905625
1223	111.1229375
1231	111.791125
1234	112.025375
1236	112.1149375
1243	112.831375
1250	114.099125
1256	114.9328125
1263	116.2488125
1267	116.4761875
1269	116.56575
1279	117.668
1284	117.96425
1292	118.7083125
1296	118.983875
1302	119.590125
1305	119.7485625
1307	119.838125
1315	120.6235625
1320	121.01625
1323	121.2229375
1325	121.319375
1330	121.9325625
1333	122.1048125
1343	124.550875
1349	124.8746875
1353	125.1985
1363	125.8254375
1369	126.156125
1373	126.5556875
1381	127.341125
1386	127.6166875
1395	128.3538125
1398	128.54675
1402	128.6845
1412	130.344875
1415	130.69625
1420	130.923625
1428	131.6056875
1431	131.826125
1439	132.4255
1479	136.4148125
1483	136.5388125
1488	137.124375
1491	137.28975
1495	137.4481875
1501	138.144125
1505	138.4679375
1511	139.2326875
1514	139.4738125
1521	140.465875
1525	140.6380625
1529	140.7551875
1535	141.3339375
1542	141.9815
1546	142.298375
1552	144.3379375
1557	144.5376875
1561	144.87525
1564	145.068125
1571	145.757125
1575	146.129125
1580	146.4666875
1587	147.817125
1591	148.0306875
1596	148.2166875
1600	148.55425
1603	148.733375
1610	149.319
1614	149.4636875
1618	149.8150625
1623	150.4006875
1626	150.572875
1630	150.8415625
1634	151.2411875
1640	153.28075
1646	153.87325
1656	155.444125
1660	155.6025625
1670	156.250125
1676	156.7736875
1683	158.8751875
1694	159.874125
1699	160.156625
1702	160.3633125
1705	160.6664375
1709	161.0866875
1713	161.4243125
1717	161.624125
1724	163.65675
1728	163.80825
1734	164.7865625
1738	164.9863125
1744	165.83375
1748	166.012875
1752	166.1368125
1756	166.756875
1759	166.9773125
1763	167.128875
1770	167.7489375
1775	168.093375
1779	168.4171875
1782	168.610125
1786	168.7340625
1792	169.340375
1798	171.5659375
1802	171.7656875
1812	172.875
1816	173.0196875
1822	174.0394375
1826	174.1909375
1832	175.1968125
1836	175.369
1840	175.486125
1845	176.092375
1850	176.4161875
1854	176.74
1860	177.9801875
1864	178.13175
1874	178.78625
1878	179.103125
1881	179.296
1890	180.9909375
1895	181.507625
1901	182.7891875
1905	183.113
1910	183.3196875
1914	183.56075
1923	184.2773125
1927	184.428875
1935	185.1866875
1940	185.4346875
1946	185.7240625
1950	186.05475
1955	186.661
1959	186.840125
1961	186.9296875
1967	187.5084375
1976	189.7409375
1979	189.9751875
1987	190.8570625
1992	191.105125
1994	191.2635625
2000	191.801
2008	192.510625
2011	192.7655
2015	193.1513125
2017	193.240875
2023	193.895375
2033	195.555875
2037	195.9141875
2044	197.9950625
2047	198.194875
2052	198.6495625
2058	199.1525
2061	199.3178125
2065	199.4555625
2072	200.0825
2076	200.323625
2081	200.7714375
2085	200.97125
2090	201.5636875
2093	201.7496875
2097	201.8874375
2107	204.2920625
2111	204.4160625
2118	205.1395
2122	205.4495
2128	206.731
2132	206.90325
2136	207.020375
2143	207.68175
2151	208.2879375
2155	208.6324375
2159	208.9906875
2165	209.4729375
2171	211.6158125
2173	211.77425
2179	212.3391875
2182	212.532125
2188	213.2693125
2192	213.4484375
2194	213.538
2200	214.0753125
2203	214.275125
2209	214.88825
2214	215.15
2220	215.6598125
2223	215.9009375
2227	216.045625
