141	0.164625
145	0.3230625
158	1.4529375
162	1.7009375
168	2.21075
179	3.8643125
183	4.0571875
186	4.215625
190	4.5531875
192	4.635875
199	5.3936875
210	7.9361875
216	8.4528125
218	8.5836875
223	9.0315
226	9.210625
232	10.5334375
236	10.8228125
240	11.2293125
244	11.44975
250	11.8355625
253	12.0078125
257	12.1386875
266	13.5855
270	13.75775
276	14.3365
279	14.50875
283	14.6740625
289	15.211375
299	15.9003125
307	18.1671875
311	18.2911875
316	18.869875
320	19.22125
322	19.3796875
327	19.8205625
331	20.1375
333	20.2959375
340	21.6256875
342	21.7565625
351	22.617625
355	22.969
357	23.1274375
362	23.5683125
366	23.88525
368	23.9679375
376	25.3528125
380	25.51125
382	25.628375
391	26.5584375
395	26.9098125
397	27.06825
402	27.509125
406	27.8260625
408	27.90875
414	30.127375
417	30.3823125
422	30.7336875
429	32.7456875
431	32.9661875
437	33.482875
440	33.668875
444	33.786
450	34.33025
454	34.6609375
460	35.23275
463	35.411875
471	36.2110625
475	36.3488125
488	38.1745
492	38.353625
496	38.5534375
501	39.00125
506	39.4008125
540	42.852875
550	43.659
560	45.243625
564	45.3951875
569	45.960125
576	46.5319375
578	46.628375
586	47.7720625
588	47.9029375
594	48.88825
598	49.0466875
600	49.13625
607	50.5900625
621	52.67075
626	52.8774375
633	53.5388125
637	53.7455
643	54.1244375
646	54.28975
656	55.4540625
664	56.081
668	56.31525
671	56.5219375
679	57.266
683	57.4175625
690	59.519125
692	59.7326875
706	61.193125
709	61.448
713	61.833875
715	61.9234375
724	63.397875
730	64.2315625
737	65.5475625
741	65.71975
743	65.8093125
750	66.4775625
753	66.698
757	67.083875
759	67.2423125
768	69.5229375
770	69.7434375
778	70.542625
781	70.708
785	70.96975
789	71.3486875
797	72.7886875
799	72.9195625
810	73.7118125
816	74.249125
829	76.143625
833	76.3020625
835	76.391625
844	77.2459375
854	78.293125
858	78.5686875
866	79.926
872	80.3118125
876	80.59425
890	81.7516875
893	81.917
901	84.2320625
906	84.4180625
912	84.755625
916	85.107
923	85.7615
927	85.878625
939	86.99475
948	87.7318125
951	87.993625
960	89.3991875
964	89.5783125
968	89.6954375
972	90.2259375
976	90.48775
986	91.4315625
994	93.0093125
998	93.26425
1003	93.553625
1007	93.8291875
1010	94.001375
1013	94.2149375
1050	97.852875
1053	98.038875
1064	98.8931875
1069	99.1343125
1075	99.4374375
1079	99.7888125
1085	101.13925
1090	101.332125
1097	101.9935625
1099	102.09
1104	102.613625
1112	103.2405625
1115	103.440375
1122	104.07425
1124	104.1638125
1130	106.2585
1134	106.4169375
1141	107.057625
1145	107.305625
1147	107.42275
1156	108.3940625
1160	108.7798125
1164	109.00025
1168	109.262
1174	110.64
1178	110.8466875
1184	111.2738125
1190	111.535625
1193	111.735375
1198	112.1900625
1201	112.465625
1205	112.5965
1212	113.2234375
1216	113.5128125
1221	113.995
1225	114.22925
1231	115.503875
1235	115.88275
1238	116.1651875
1242	116.323625
1250	117.047
1255	117.3088125
1259	117.5568125
1265	117.908125
1270	119.6858125
1273	119.9683125
1277	120.181875
1281	120.602125
1288	121.2979375
1290	121.4081875
1300	123.0204375
1305	123.62675
1312	125.707625
1315	125.990125
1319	126.2794375
1324	126.8856875
1326	126.9959375
1333	128.3739375
1337	128.53925
1339	128.66325
1345	129.2695
1348	129.4899375
1355	130.0341875
1358	130.2270625
1365	130.8884375
1370	131.11575
1372	131.232875
1407	134.671125
1413	135.1878125
1415	135.3186875
1420	135.697625
1423	135.8974375
1432	137.4753125
1436	137.6475625
1442	138.2263125
1451	139.039125
1453	139.1286875
1459	139.7005625
1466	140.3275
1470	140.5273125
1474	140.678875
1480	141.21625
1487	141.815625
1494	142.421875
1499	144.1995625
1511	146.1149375
1515	146.5214375
1519	146.7005625
1529	148.512625
1533	148.9190625
1537	149.0981875
1546	150.9239375
1550	151.1099375
1554	151.516375
1558	151.688625
1569	153.404125
1573	153.7624375
1580	155.8433125
1584	156.06375
1591	156.7044375
1597	157.042
1600	157.2418125
1614	158.481875
1622	159.2053125
1625	159.432625
1627	159.542875
1637	161.9406875
1639	162.0646875
1651	162.9948125
1661	163.5115
1669	164.0213125
1676	164.5724375
1686	166.357
1690	166.5154375
1692	166.605
1699	167.24575
1707	167.948375
1710	168.1413125
1716	168.575375
1726	169.5881875
1731	169.918875
1735	170.0566875
1742	170.663
1748	171.234875
1751	171.4070625
1755	171.5655
1789	174.824625
1794	175.1001875
1801	175.6375625
1804	175.7890625
1810	176.354
1814	176.471125
1820	176.9533125
1830	177.973
1834	178.200375
1837	178.3795
1842	178.8686875
1846	179.2406875
1858	180.4875625
1862	180.7700625
1865	180.9354375
1869	181.107625
1878	182.66475
1881	182.8714375
1888	185.152125
1891	185.3588125
1895	185.634375
1898	185.834125
1909	186.8400625
1916	187.3774375
1923	187.901
1928	188.10075
1930	188.217875
1939	189.747375
1943	189.9195625
1949	190.1675625
1956	190.7531875
1960	190.863375
1966	191.6074375
1972	192.0690625
1977	192.52375
1981	194.528875
1983	194.7424375
1989	195.479625
1994	195.817125
1998	195.9273125
2004	196.361375
2011	197.6566875
2013	197.7875625
2019	198.3180625
2023	198.827875
2030	200.11625
2034	200.2815625
2036	200.4124375
2042	200.943
2046	201.246125
2050	201.5216875
2056	201.9488125
2062	202.2381875
2066	202.5413125
2070	202.82375
2075	203.299125
2081	203.767625
2088	204.4634375
2093	204.7251875
2096	204.918125
2100	205.0765625
2109	207.3916875
2113	207.5294375
2120	208.170125
2123	208.356125
2128	208.8315
2135	209.41025
2140	209.747875
2144	209.927
2149	210.5056875
2155	211.7389375
2159	211.911125
2164	212.1866875
2168	212.4484375
