141	0.164625
145	0.3230625
154	1.108375
158	1.3839375
163	1.776625
166	1.948875
168	2.0384375
177	2.8238125
188	3.72625
194	5.0766875
199	5.3385
201	5.4280625
209	6.1651875
213	6.44075
217	6.695625
222	7.1020625
225	7.2535625
232	7.887375
236	8.059625
241	8.5970625
244	8.852
248	9.141375
254	11.1119375
258	11.3530625
263	11.64925
270	12.2899375
274	12.51725
281	13.9228125
283	14.0468125
291	14.7288125
296	15.0663125
300	15.2591875
310	16.0928125
318	16.7955625
327	17.6016875
335	19.8755
337	20.0890625
346	20.8675625
349	21.0190625
351	21.1361875
360	21.9973125
363	22.2315625
367	22.6105
369	22.775875
376	24.8085
384	25.538875
388	25.676625
397	26.4413125
403	26.71
409	28.0053125
413	28.212
421	28.962875
425	29.2935625
431	29.5966875
436	30.87825
440	31.12625
446	31.429375
457	32.476625
461	32.6833125
468	33.1655
473	33.62025
478	33.950875
482	34.2058125
488	34.7224375
493	35.2529375
496	35.4871875
530	38.849625
534	39.0425
540	39.703875
543	39.883
554	41.5159375
558	41.6881875
568	42.576875
571	42.74225
575	42.9075625
579	43.217625
588	45.0916875
592	45.2708125
596	45.4154375
604	46.1663125
610	46.69675
618	47.4821875
623	47.826625
627	48.1159375
632	48.6533125
635	48.8255625
639	48.9633125
644	49.507625
650	50.148375
658	52.3808125
661	52.580625
665	52.925125
671	53.44875
673	53.5451875
683	55.1643125
687	55.2883125
695	55.997875
702	57.307
705	57.5756875
708	57.8099375
712	58.126875
719	58.7675625
723	58.9398125
729	59.3463125
742	61.8955625
747	62.0815625
751	62.419125
754	62.59825
764	63.6936875
770	63.9555
781	64.8373125
786	65.188625
788	65.30575
796	67.000625
800	67.17975
804	67.3036875
811	68.089125
814	68.261375
818	68.4266875
827	69.2326875
831	69.5909375
835	69.983625
840	70.369375
844	70.5691875
851	71.292625
886	74.7721875
888	74.8824375
897	75.7780625
909	77.7071875
911	77.8174375
923	78.9679375
928	79.2090625
930	79.3055
936	79.9118125
944	81.5585
948	81.7169375
950	81.8340625
960	82.6814375
963	82.839875
971	83.5976875
979	84.3899375
983	84.6999375
986	84.892875
990	85.0168125
996	85.5610625
1002	87.4628125
1004	87.676375
1014	88.4824375
1017	88.751125
1025	89.5779375
1030	89.887875
1032	89.998125
1039	91.327875
1043	91.672375
1050	92.988375
1054	93.160625
1058	93.408625
1063	94.001125
1066	94.2629375
1069	94.435125
1073	94.5935625
1081	96.894875
1083	97.0533125
1092	97.9765
1095	98.1900625
1101	99.61625
1103	99.74025
1111	100.4291875
1114	100.649625
1118	100.821875
1125	102.2274375
1129	102.399625
1131	102.4823125
1137	103.185
1140	103.391625
1142	103.4743125
1152	105.3621875
1156	105.4930625
1162	106.2785
1165	106.4369375
1167	106.5265
1174	107.2085625
1183	108.0076875
1189	108.448625
1193	108.7035
1229	112.431125
1233	112.617125
1242	113.4714375
1252	114.580625
1256	114.88375
1261	115.18
1273	116.240875
1276	116.523375
1280	116.661125
1286	118.03225
1290	118.1838125
1294	118.583375
1298	118.865875
1305	119.3136875
1309	119.4514375
1319	120.5881875
1330	123.2270625
1336	123.922875
1345	124.735875
1350	125.231875
1355	125.67275
1358	125.900125
1364	127.037
1366	127.167875
1372	127.7328125
1379	129.793
1387	130.5233125
1392	130.7506875
1397	130.957375
1402	131.481
1405	131.6808125
1417	134.2508125
1421	134.4988125
1436	135.876625
1439	136.048875
1443	136.2141875
1450	136.6688125
1457	137.2956875
1461	137.5850625
1467	138.1361875
1470	138.294625
1477	139.8035
1481	139.9756875
1484	140.3201875
1493	141.084875
1499	141.3535625
1504	141.7875625
1508	141.9529375
1513	142.5591875
1516	142.8003125
1520	143.000125
1553	146.2316875
1557	146.38325
1567	147.981625
1572	148.229625
1575	148.4225625
1581	149.7936875
1585	150.0899375
1588	150.296625
1598	151.1578125
1600	151.2405
1608	151.9915
1615	152.4255
1620	152.666625
1628	153.4175625
1633	154.637125
1637	154.8438125
1640	155.057375
1648	155.760125
1656	156.352625
1660	156.6075
1664	156.7728125
1674	157.86125
1683	160.265875
1688	160.4863125
1693	160.7480625
1703	161.4783125
1708	161.8503125
1712	162.0845
1716	162.2085
1724	163.6485
1728	163.7725
1736	164.4820625
1743	165.7911875
1747	166.2183125
1751	166.5145625
1755	166.741875
1768	169.367
1771	169.5736875
1775	169.8836875
1781	171.123875
1785	171.2823125
1792	171.9713125
1796	172.2469375
1805	173.8178125
1809	173.9900625
1813	174.13475
1818	174.60325
1821	174.768625
1825	174.920125
1830	175.5056875
1835	175.9053125
1839	176.174
1847	176.883625
1855	177.3314375
1858	177.5656875
1862	177.6828125
1869	179.75675
1873	179.929
1880	180.56975
1883	180.735125
1887	180.8935625
1895	181.575625
1899	181.9131875
1906	182.478125
1908	182.609
1912	183.1670625
1915	183.36
1924	185.764625
1928	185.888625
1933	186.53625
1938	187.783375
1942	187.907375
1950	188.6169375
1957	189.9329375
1962	190.1534375
1964	190.243
1973	191.056
1978	191.5175625
1982	191.8344375
1987	192.3304375
1989	192.42
1998	193.205375
2005	193.8115625
2009	194.0526875
2015	194.521125
2020	194.92075
2024	195.0654375
2030	195.7199375
2035	196.3538125
2041	196.6983125
2045	196.960125
2049	197.2631875
2055	199.2751875
2057	199.3991875
2063	200.012375
2069	201.4179375
2071	201.5488125
2075	201.8519375
2084	203.732875
2088	203.8913125
2090	203.980875
2101	204.8695625
2105	205.09
2109	205.2415625
2117	206.013125
2122	206.3644375
2126	206.571125
2133	207.9008125
2137	208.05925
2146	208.8376875
2152	209.0995
2159	209.698875
2163	209.8573125
2170	211.5315625
2174	211.9380625
2178	212.1034375
