141	0.164625
145	0.3230625
151	1.0465
155	1.425375
161	1.9695625
164	2.2038125
170	2.83075
174	3.1063125
179	4.498125
184	4.7530625
199	6.7785625
205	7.3159375
215	9.6999375
222	10.3750625
231	11.4911875
235	11.753
241	13.11725
245	13.2688125
250	13.83375
254	14.0955625
261	14.70175
265	15.1358125
272	16.5826875
275	16.81
280	17.3818125
284	17.6160625
294	18.615
298	18.8285625
308	19.7585625
311	19.917
315	20.02725
327	21.3086875
334	21.935625
338	22.17675
346	23.55475
350	23.74075
353	23.968125
361	24.9256875
365	25.1255
374	25.938375
377	26.1519375
381	26.4619375
391	27.4884375
394	27.6813125
403	28.742375
407	28.8870625
423	31.8014375
429	32.380125
432	32.600625
438	33.7375
442	33.8890625
448	34.4264375
457	35.156625
464	37.2374375
472	38.0021875
477	38.5533125
484	40.56525
498	42.5838125
502	42.735375
507	43.2383125
512	43.5826875
515	43.816875
525	44.877875
529	45.001875
537	45.8010625
542	46.3384375
546	46.53825
550	46.7380625
559	47.6681875
564	49.3493125
570	49.735125
574	50.0175625
579	50.3895625
587	51.243875
592	51.5194375
596	51.90525
599	52.0775
605	52.366875
643	56.363125
647	56.5146875
652	57.0865
656	57.3345
658	57.465375
669	58.6916875
674	59.91125
676	60.0215
683	60.7655625
689	62.0333125
691	62.1573125
696	62.7015625
706	64.3344375
710	64.492875
712	64.62375
717	65.050875
720	65.2506875
731	66.1186875
734	66.3046875
738	66.45625
746	67.0486875
756	69.4465
758	69.6049375
762	69.8943125
770	70.5694375
772	70.665875
780	71.981875
786	72.8155625
793	74.1315625
797	74.3658125
799	74.52425
806	75.158125
816	76.0538125
818	76.21225
825	76.859875
833	77.4179375
837	77.58325
843	78.1205625
852	80.3255
854	80.43575
862	81.3381875
869	82.73
871	82.860875
876	83.481
882	83.9494375
884	84.039
895	85.8371875
899	86.0025
901	86.1471875
911	87.1874375
919	88.1933125
922	88.3655625
926	88.6205
939	89.7571875
944	90.09475
948	90.3771875
958	91.18325
961	91.4656875
971	93.002125
975	93.18125
979	93.5256875
982	93.6910625
987	94.028625
992	94.26975
1003	95.379
1006	95.5374375
1010	95.6545625
1015	96.2264375
1048	99.513125
1052	99.7680625
1060	100.4500625
1064	100.6154375
1070	101.2769375
1077	102.834125
1079	102.958125
1091	103.9295
1098	104.618375
1102	104.8801875
1111	105.644875
1115	105.8721875
1127	106.8505
1129	106.9400625
1135	107.463625
1141	108.917375
1145	109.0689375
1156	110.1435625
1161	110.687875
1164	110.85325
1168	111.00475
1174	111.65925
1178	111.9830625
1183	112.25175
1187	112.486
1195	113.106
1199	113.46425
1204	114.001625
1208	114.1600625
1215	114.849
1219	115.3795
1223	115.5310625
1228	115.9444375
1237	118.24575
1240	118.4455625
1245	118.907125
1252	119.58925
1256	119.7339375
1264	121.2979375
1268	121.7113125
1272	121.856
1278	123.213375
1282	123.3649375
1287	123.9299375
1295	125.1356875
1299	125.3285625
1302	125.5215
1307	125.9899375
1314	126.582375
1318	126.7476875
1323	127.3195
1331	127.85
1335	127.98775
1369	131.3295625
1373	131.577625
1387	132.83825
1392	133.3825625
1396	133.65125
1400	133.7959375
1412	135.1256875
1415	135.2910625
1419	135.4495
1426	136.7448125
1433	137.254625
1440	137.92975
1448	138.5429375
1456	139.225
1461	139.52125
1465	139.6590625
1475	140.7338125
1484	142.98
1487	143.172875
1490	143.3933125
1494	143.854875
1508	145.845875
1513	146.4521875
1520	147.7681875
1523	147.940375
1526	148.188375
1542	151.3095
1547	151.5436875
1553	151.957
1556	152.136125
1562	153.4935
1566	153.6656875
1570	153.9274375
1576	154.5130625
1581	154.788625
1586	155.222625
1590	155.505125
1593	155.6705
1596	155.8703125
1600	156.1045625
1607	156.5729375
1612	156.8209375
1616	156.9725
1651	160.5348125
1656	160.81725
1660	160.9825625
1665	161.5475625
1671	161.885125
1675	162.2778125
1687	163.3456875
1691	163.628125
1695	163.8003125
1699	164.1723125
1705	164.5925625
1709	164.7234375
1717	165.51575
1725	166.9488125
1730	167.1693125
1732	167.258875
1738	167.8995625
1745	168.5748125
1751	168.82975
1759	169.4566875
1761	169.5738125
1767	170.1386875
1776	172.4469375
1782	173.025625
1785	173.2185
1791	174.48625
1799	175.20275
1802	175.3543125
1807	175.5540625
1813	176.8631875
1817	177.249
1825	179.267875
1828	179.4814375
1832	179.7845625
1837	180.253
1841	180.700875
1844	180.921375
1854	183.00225
1859	183.326
1868	184.063125
1873	184.45575
1878	184.807125
1882	184.993125
1890	186.5365
1897	187.26675
1901	187.4389375
1907	187.9074375
1913	188.369
1916	188.54125
1920	188.672125
1926	190.1328125
1929	190.3395
1935	190.628875
1939	190.91825
1945	193.13
1949	193.309125
1955	193.8533125
1964	194.6041875
1968	194.8798125
1973	195.3000625
1977	195.437875
1982	196.0028125
1988	196.2921875
1995	197.0224375
2004	198.462375
2008	198.6415
2012	198.772375
2018	200.122875
2026	200.8325
2038	202.4584375
2044	202.9958125
2048	203.3265
2051	203.519375
2057	204.0911875
2061	204.3529375
2065	204.4838125
2073	205.1589375
2076	205.3380625
2082	207.515375
2084	207.6738125
2089	208.5419375
2091	208.6659375
2097	209.499625
2100	209.727
2106	210.622625
2108	210.73975
2116	211.6905625
2120	211.855875
2122	212.0143125
2128	213.2820625
2132	213.4129375
2138	214.088125
2144	214.6668125
2147	214.8321875
2151	215.0181875
2158	215.7209375
2162	216.051625
2167	216.5545625
2170	216.7268125
2174	216.892125
2181	219.0143125
2184	219.2554375
2186	219.345
2194	220.1235625
2201	220.9640625
2205	221.384375
2210	221.721875
2214	221.859625
2221	223.285875
2224	223.506375
2229	223.7405625
2233	224.1194375
2241	224.4845625
2244	224.6636875
2255	226.1863125
2261	227.02
2268	228.329125
2272	228.501375
2277	228.7218125
2280	228.9285
2282	229.059375
2286	229.6243125
2293	230.3270625
2298	230.774875
