141	0.164625
145	0.288625
151	0.8535
155	1.1910625
162	1.886875
165	2.0453125
167	2.134875
175	3.7126875
179	4.1260625
182	4.2914375
184	4.381
193	6.7856875
195	6.8959375
202	7.5298125
215	8.831875
219	9.1763125
224	9.4725625
232	10.1959375
236	10.4095
240	10.58175
247	11.17425
252	11.6426875
255	11.8286875
259	11.9458125
266	13.351375
270	13.5166875
272	13.599375
279	14.28825
283	14.66025
287	14.8875625
291	15.0115625
298	16.513625
300	16.6445
307	17.5815
309	17.698625
315	18.6770625
319	18.842375
321	18.9595
327	19.5175625
330	19.744875
334	19.87575
340	20.4889375
345	20.847125
349	21.15025
353	21.3225
358	21.749625
363	21.9631875
369	24.0440625
373	24.1680625
380	24.8500625
383	25.1049375
387	25.2703125
394	26.6345
400	27.4681875
407	28.77725
411	28.9494375
415	29.08725
420	29.604
423	29.83825
427	30.0035625
465	33.6485625
469	33.7725625
477	34.344375
481	34.72325
488	35.2881875
491	35.4396875
502	37.2035
504	37.31375
510	37.9820625
523	39.2359375
527	39.456375
531	39.5735
542	40.55175
545	40.730875
557	42.694375
562	42.94925
564	43.0388125
570	43.5761875
576	44.9335
578	45.0919375
590	46.2355625
596	47.4275
600	47.5996875
602	47.682375
607	48.212875
611	48.509125
617	48.9845
629	51.513125
633	51.7335625
640	52.3880625
648	53.132125
650	53.24925
657	53.7521875
660	53.9381875
668	54.6409375
672	54.9440625
676	55.3505625
682	55.825875
687	56.273625
693	56.693875
695	56.811
702	58.071875
706	58.333625
710	58.7194375
717	59.566875
723	61.6270625
727	61.9508125
732	62.426125
738	63.053
742	63.3768125
746	63.59725
755	65.1475
759	65.31975
763	65.5953125
768	65.988
772	66.3325
777	66.759625
779	66.87675
785	67.483
788	67.6414375
792	67.9031875
798	68.357875
801	68.52325
805	68.6816875
842	72.25775
847	72.5401875
856	73.132625
861	73.64925
865	73.8835
867	73.9730625
877	75.0271875
880	75.1925
887	75.9089375
894	76.3429375
899	76.6185
902	76.797625
910	78.237625
914	78.3891875
921	78.9335
932	80.0633125
940	80.559375
944	80.6765
951	82.0544375
955	82.2335625
959	82.3644375
969	83.2945
977	83.7836875
981	83.9008125
991	86.1056875
994	86.3399375
1000	86.7808125
1008	87.3733125
1015	88.0621875
1019	88.324
1021	88.441125
1027	89.764
1032	90.363375
1039	92.44425
1043	92.644
1045	92.768
1049	93.2226875
1052	93.43625
1054	93.5465
1058	93.946125
1061	94.1115
1069	95.5721875
1072	95.78575
1077	96.0681875
1083	97.308375
1086	97.4875
1090	97.6114375
1097	98.893
1100	99.0859375
1105	99.4579375
1141	102.8204375
1145	102.9926875
1152	103.6540625
1155	103.8263125
1159	103.98475
1165	104.6461875
1170	105.0044375
1172	105.1146875
1178	107.2093125
1180	107.422875
1188	108.1945
1195	108.8145
1201	109.193375
1205	109.32425
1209	109.6618125
1217	111.07425
1219	111.19825
1226	111.82525
1231	112.29375
1239	113.0240625
1244	113.3615625
1248	113.5544375
1258	114.553375
1261	114.739375
1265	114.8771875
1274	116.4411875
1278	116.6065
1280	116.723625
1286	117.37125
1289	117.536625
1293	117.674375
1297	118.02575
1307	119.1349375
1311	119.39675
1318	119.8169375
1321	119.9891875
1325	120.244125
1331	120.698875
1338	122.800375
1341	123.034625
1349	123.7304375
1354	124.1438125
1359	124.4055625
1362	124.61225
1371	126.1004375
1375	126.479375
1383	128.49825
1388	128.7945
1391	129.0149375
1395	129.387
1399	129.5385625
1408	130.344625
1445	133.8655
1452	134.464875
1456	134.588875
1464	136.1666875
1468	136.325125
1473	136.8349375
1477	137.1725
1483	137.71675
1486	137.9234375
1493	138.509
1497	138.784625
1501	139.080875
1510	140.851625
1512	140.9825
1518	141.575
1522	141.83675
1532	143.6005625
1534	143.7659375
1539	144.2275
1545	145.6881875
1549	145.8535
1551	145.9430625
1559	146.7284375
1564	147.3071875
1569	147.6034375
1576	148.2510625
1580	148.4990625
1590	150.8348125
1596	151.310125
1598	151.441
1603	151.854375
1608	152.2194375
1614	153.3563125
1618	153.5491875
1628	154.541375
1635	155.8298125
1644	156.6634375
1649	156.8838125
1653	157.2903125
1656	157.5451875
1660	157.8758125
1663	158.075625
1668	158.4545625
1673	158.826625
1676	159.1159375
1685	161.5481875
1688	161.748
1693	162.2164375
1701	163.0224375
1706	163.34625
1713	163.821625
1724	166.07475
1727	166.32275
1732	167.645625
1735	167.831625
1739	168.0865625
1744	169.271625
1748	169.395625
1753	169.939875
1761	170.7321875
1764	170.9733125
1772	172.5373125
1778	173.0678125
1782	173.453625
1789	173.9083125
1797	174.542125
1804	176.774625
1808	176.946875
1815	177.5463125
1818	177.8563125
1822	178.0078125
1826	178.3523125
1830	178.6554375
1832	178.751875
1836	179.282375
1839	179.4890625
1843	179.799125
1850	180.4123125
1854	180.6051875
1856	180.687875
1863	181.3285625
1866	181.5835
1870	181.9004375
1876	182.4515625
1881	182.672
1884	182.9958125
1891	183.6503125
1897	183.9603125
1903	185.4278125
1907	185.6965
1914	186.49575
1918	186.6335
1924	187.501625
1928	187.68075
1932	187.811625
1939	188.4455
1948	189.3205
1953	189.6786875
1957	189.9749375
1962	190.512375
1965	190.684625
1969	190.822375
1974	191.366625
1981	191.98675
1990	194.1365
1994	194.2605
2002	194.8805625
2006	195.156125
2016	196.71325
2020	196.8854375
2024	197.0783125
2034	198.077375
2040	198.3391875
2045	198.8145625
2049	198.9936875
2054	201.1228125
2056	201.3088125
2062	201.8875625
2069	202.4938125
2071	202.6109375
2078	204.0440625
2082	204.209375
2084	204.3265
2090	204.863875
2097	205.4976875
2099	205.58725
2108	208.074625
2110	208.3226875
2117	208.9358125
2125	209.6454375
2128	209.803875
2132	209.9416875
2138	211.3128125
2140	211.4368125
2148	212.256625
2153	212.8284375
2157	213.1315625
2163	213.6069375
2170	214.9986875
2174	215.164
2176	215.2535625
2181	215.86675
2184	216.0871875
2193	217.017375
2195	217.1000625
2202	217.7751875
2209	219.291
2215	219.6354375
2220	219.9454375
2224	220.1245625
2229	220.6825625
2235	221.082125
2241	221.6401875
2244	221.860625
2248	222.0053125
2255	224.292875
2257	224.513375
2264	225.14725
2267	225.402125
2271	225.788
2273	225.89825
2278	226.36675
2281	226.5871875
2285	226.731875
2293	228.2545
2296	228.4266875
2299	228.6609375
2303	228.8263125
2312	229.5428125
2320	230.2248125
2325	230.500375
2329	230.7139375
2335	231.12725
2339	231.3615
2344	231.6370625
