141	0.164625
145	0.288625
153	0.9706875
157	1.266875
159	1.3564375
168	2.1969375
171	2.3691875
178	3.1270625
188	5.5936875
190	5.752125
201	6.778625
209	7.226375
211	7.3090625
222	8.4733125
229	9.03825
232	9.2586875
236	9.417125
244	10.175
253	11.6908125
257	11.94575
262	12.3729375
265	12.5383125
269	12.69675
275	13.3168125
279	13.592375
284	14.0815
290	14.370875
294	14.5155625
299	15.06675
305	15.5008125
312	16.12775
316	16.4033125
323	16.99575
326	17.1955625
332	17.6226875
337	18.7664375
341	18.973125
345	19.11775
351	19.5724375
354	19.7446875
358	19.8961875
367	20.667875
372	21.239625
376	21.51525
380	21.8115
386	22.4935625
392	22.94825
396	23.21
402	23.513125
407	23.9058125
414	26.0486875
423	26.9856875
427	27.3990625
430	27.564375
435	27.964
439	28.1155625
444	28.673625
446	28.79075
452	29.4796875
455	29.69325
460	30.2099375
467	30.8161875
472	31.93925
476	32.28375
483	33.59975
487	33.9786875
489	34.06825
495	34.764125
498	34.9776875
503	35.4461875
508	35.708
542	39.0705
546	39.263375
553	40.2693125
557	40.4070625
564	41.3509375
568	41.5369375
575	42.446375
579	42.6255
583	42.742625
592	43.3970625
595	43.548625
597	43.66575
603	44.1755625
611	44.8989375
616	45.119375
629	46.1803125
633	46.393875
637	46.5523125
645	48.1025625
647	48.2128125
655	48.943125
658	49.129125
660	49.2118125
669	49.9420625
676	50.6310625
681	50.9341875
685	51.0513125
690	51.719625
695	51.9883125
697	52.071
705	52.718625
712	54.9855625
716	55.1646875
723	55.8054375
726	56.0603125
730	56.4668125
734	56.742375
743	58.209875
747	58.3614375
758	59.3741875
765	61.434375
768	61.62725
771	61.8545625
775	61.99925
783	62.9361875
788	63.191125
790	63.2806875
796	63.8386875
803	64.5965
808	64.9960625
812	65.4163125
817	65.7331875
820	65.9191875
826	66.4083125
835	67.1385625
842	69.29525
846	69.598375
853	70.3768125
857	70.6385625
862	70.9691875
866	71.0863125
873	72.491875
877	72.6640625
881	72.8845
889	73.7595
895	74.24175
900	74.58625
909	75.323375
913	75.5645
949	79.202625
953	79.326625
964	80.43575
969	80.9318125
972	81.0971875
976	81.269375
981	81.7723125
985	82.0823125
991	83.3638125
993	83.4878125
1004	84.665875
1013	86.4916875
1015	86.6019375
1030	88.096875
1033	88.269125
1039	88.9443125
1046	90.584125
1050	90.7494375
1052	90.8665625
1057	91.47975
1062	91.9481875
1065	92.1204375
1077	93.415625
1080	93.6085
1084	93.7669375
1093	94.4834375
1100	96.5711875
1109	97.52875
1112	97.7974375
1116	98.238375
1129	100.036625
1133	100.1881875
1143	101.407625
1150	103.4609375
1152	103.5849375
1158	104.101625
1163	104.6528125
1167	105.0110625
1177	105.954875
1179	106.0444375
1187	107.5878125
1191	107.7669375
1195	107.911625
1204	109.000125
1212	109.751125
1215	109.9095625
1219	110.0404375
1227	112.238375
1231	112.4450625
1239	113.278625
1247	113.8916875
1251	114.0295
1255	114.4635625
1262	115.2420625
1266	115.5245625
1276	116.2548125
1281	116.50975
1284	116.6819375
1289	117.1159375
1291	117.198625
1301	117.96325
1335	121.3601875
1339	121.4841875
1347	122.159375
1352	122.407375
1364	123.77825
1368	123.9780625
1372	124.1089375
1383	124.9425625
1386	125.1148125
1391	125.4455
1395	125.7210625
1407	128.1876875
1409	128.43575
1416	129.15225
1421	129.393375
1423	129.4829375
1434	130.6335
1440	132.0321875
1442	132.1561875
1447	132.666
1452	133.141375
1455	133.30675
1462	134.733
1466	134.8983125
1468	134.981
1474	135.566625
1477	135.738875
1487	136.6620625
1493	137.0546875
1496	137.275125
1500	137.39225
1507	138.825375
1511	138.949375
1519	139.659
1524	140.1481875
1532	140.6855625
1538	141.1333125
1542	141.298625
1556	142.53175
1561	143.1655625
1564	143.3309375
1568	143.4618125
1580	145.97675
1587	146.6795
1591	146.7896875
1601	148.167625
1605	148.3260625
1616	149.33875
1623	151.433375
1628	151.833
1631	152.012125
1643	153.824
1647	154.24425
1652	154.733375
1690	158.309375
1694	158.4678125
1701	159.039625
1711	159.949
1716	160.18325
1718	160.2728125
1723	160.817125
1728	161.0720625
1732	161.3545
1736	161.733375
1739	161.9125
1743	162.05025
1749	163.40075
1752	163.5729375
1760	164.372125
1770	165.9775
1778	166.749125
1789	168.36125
1792	168.5748125
1794	168.664375
1801	169.38775
1806	170.634875
1810	170.76575
1820	171.8060625
1823	172.0609375
1827	172.4398125
1830	172.6189375
1834	172.7360625
1843	174.2586875
1846	174.41025
1849	174.6375625
1852	174.796
1856	174.9338125
1865	175.7466875
1868	175.939625
1874	176.45625
1879	178.59225
1884	178.785125
1889	179.2880625
1893	179.481
1900	180.1838125
1903	180.356
1907	180.5144375
1915	181.313625
1919	181.5685
1927	182.0231875
1930	182.2023125
1933	182.3745625
1937	182.533
1943	183.0565625
1946	183.2356875
1953	183.91775
1962	186.2535
1966	186.61175
1970	186.73575
1976	187.3765
1981	187.8863125
1984	188.04475
1986	188.161875
1991	189.305625
1995	189.4571875
2004	190.380375
2011	191.0485625
2014	191.2414375
2018	191.44125
2023	191.8890625
2027	192.1990625
2032	192.6193125
2035	192.8053125
2040	193.21175
2044	193.390875
2050	193.8524375
2059	194.6584375
2062	194.85825
2066	195.244
2076	196.88375
2078	197.00775
2083	197.63475
2086	197.9034375
2090	198.282375
2092	198.3788125
2098	200.54925
2100	200.6595
2109	201.3828125
2115	202.740125
2117	202.864125
2128	203.9870625
2134	205.26175
2138	205.4270625
2140	205.5441875
2149	206.38475
2152	206.550125
2159	207.314875
2169	208.9684375
2173	209.12
2182	210.270625
2186	210.442875
2193	211.3385625
2197	211.5176875
2201	211.6555
2205	211.9861875
2212	212.675125
2218	212.971375
2223	213.377875
2228	213.798125
2232	214.0805625
2237	214.3768125
2241	214.5215
2249	215.2035625
2253	215.4584375
2261	217.518625
2264	217.7873125
2268	218.118
2271	218.2695
2277	218.7724375
2281	218.8826875
2288	220.44675
2293	220.846375
2297	220.9979375
2303	222.3276875
2307	222.54125
2312	223.0235
2316	223.188875
2323	223.88475
2330	226.0483125
2336	226.42725
2340	226.7028125
2344	227.1093125
2348	227.254
2353	227.7914375
2356	228.005
2358	228.0945625
2370	229.2588125
2379	230.8641875
2383	231.07775
2388	231.270625
2392	231.6013125
2395	231.766625
2398	232.0835625
2403	232.579625
2406	232.7518125
2410	232.8895625
2417	233.4406875
2422	233.7369375
2429	234.3845625
2433	234.6394375
2441	236.8236875
2445	237.0028125
2451	237.4713125
2454	237.6435625
2457	237.81575
2460	238.0224375
2469	239.4416875
2473	239.8
2480	241.880875
2483	242.0944375
2487	242.246
2492	242.8385
2497	243.2380625
2501	243.6651875
2509	244.3335
2513	244.4781875
2521	245.305
2528	245.9663125
2531	246.15925
2535	246.297
2545	247.964375
2548	248.136625
2551	248.370875
2555	248.7498125
2557	248.84625
