141	0.164625
145	0.288625
153	0.908625
159	1.43225
167	2.155625
170	2.3485625
174	2.4863125
181	3.1751875
186	3.7263125
189	3.8985625
193	4.0363125
200	4.7941875
208	6.26175
213	6.6061875
216	6.7853125
222	7.488
226	7.9289375
230	8.211375
237	8.78325
247	9.7339375
253	10.3540625
255	10.4643125
260	10.850125
263	11.0085625
267	11.1394375
279	13.709375
284	13.9849375
292	14.7496875
300	15.4799375
303	15.7141875
307	16.1206875
311	16.2860625
319	17.0025625
332	18.7525
335	18.98675
342	21.0675625
344	21.281125
347	21.529125
351	21.949375
358	22.6176875
362	22.8656875
372	25.284125
374	25.4976875
377	25.7456875
384	26.4208125
388	26.723875
399	29.259375
403	29.6038125
411	30.265125
424	32.125375
427	32.435375
434	33.69625
438	33.9786875
444	34.44025
448	34.7640625
450	34.853625
455	35.184375
460	35.4599375
465	35.8388125
468	36.0248125
472	36.1419375
478	36.768875
482	37.1133125
486	37.3061875
488	37.4233125
495	37.9813125
500	38.3878125
503	38.6220625
509	38.959625
513	39.3523125
549	43.162625
553	43.3555
568	44.8504375
571	45.0158125
575	45.188
580	45.601375
588	46.95175
591	47.186
597	48.502
601	48.7844375
607	49.301125
611	49.4458125
620	51.7954375
624	52.0434375
634	52.9390625
645	53.7795625
648	53.98625
650	54.0758125
659	54.875
668	56.556125
672	56.7696875
677	57.052125
681	57.23125
687	57.8513125
698	58.81575
703	59.0499375
713	61.5304375
715	61.6544375
726	62.5431875
734	63.8591875
736	63.9694375
747	65.044125
755	66.704625
759	66.8768125
761	66.9870625
768	67.6760625
771	67.8689375
775	68.00675
782	68.6750625
785	68.8473125
789	69.0746875
800	70.2045625
805	70.487
809	70.666125
815	71.148375
818	71.320625
822	71.4515
831	72.312625
841	74.9101875
845	75.144375
854	76.04
857	76.2053125
861	77.218125
864	77.4799375
870	78.7890625
874	79.0853125
878	79.30575
888	80.2633125
927	83.9220625
930	84.2045
936	84.790125
941	85.0519375
944	85.2379375
951	85.8786875
955	86.2369375
960	86.6985
962	86.815625
967	87.173875
970	87.3805625
972	87.4976875
979	88.248625
985	88.86175
989	89.1096875
996	89.7366875
1000	90.0466875
1006	91.45225
1010	91.693375
1013	91.8586875
1020	92.6923125
1024	92.843875
1035	93.7876875
1040	94.056375
1044	94.2148125
1053	95.2895625
1061	96.068
1064	96.2264375
1068	96.384875
1075	97.087625
1080	97.308125
1084	97.7076875
1087	97.879875
1101	100.7874375
1103	101.0079375
1115	101.931
1121	103.302125
1123	103.433
1136	104.790125
1143	106.2921875
1147	106.464375
1149	106.574625
1154	107.05
1162	107.8905
1168	108.4003125
1176	109.1168125
1180	109.46125
1185	109.7575
1190	110.198375
1193	110.446375
1202	111.100875
1206	111.404
1208	111.47975
1214	112.0860625
1219	112.32025
1222	112.6440625
1226	113.0229375
1232	113.291625
1265	116.509375
1269	116.633375
1274	117.191375
1280	117.6323125
1284	117.8940625
1292	119.1686875
1295	119.4305
1301	120.7465
1305	121.0083125
1307	121.10475
1319	122.1931875
1324	122.489375
1326	122.5789375
1332	123.2058125
1344	124.92125
1349	125.14175
1351	125.2313125
1358	125.927125
1362	126.2026875
1369	126.8503125
1373	127.1740625
1377	127.621875
1385	128.214375
1388	128.400375
1394	128.9446875
1396	129.0755625
1402	131.2735625
1406	131.50775
1413	132.1209375
1420	133.533375
1424	133.657375
1431	134.34625
1437	135.7105
1441	135.889625
1445	136.0343125
1451	136.59925
1461	137.6533125
1467	138.2664375
1471	138.5695625
1479	139.299875
1484	139.5271875
1488	139.6649375
1493	140.2091875
1503	141.0289375
1509	141.4560625
1514	143.3785
1523	144.1500625
1534	145.16275
1537	145.355625
1541	145.493375
1548	146.8989375
1551	147.16075
1558	149.2485
1567	150.1373125
1571	150.3026875
1577	150.977875
1582	151.225875
1589	151.8528125
1593	152.128375
1597	152.3350625
1601	152.7553125
1606	153.16175
1639	156.2693125
1643	156.476
1648	156.95825
1651	157.1305
1655	157.357875
1659	157.77125
1665	158.0261875
1672	158.6255625
1676	158.8666875
1684	160.437625
1686	160.5685
1692	161.0783125
1701	161.8981875
1705	162.132375
1709	162.270125
1718	164.006375
1720	164.1648125
1729	165.0605
1734	165.6805625
1738	165.9836875
1744	166.500375
1752	167.9471875
1756	168.105625
1758	168.1951875
1768	169.06325
1773	169.4835
1777	169.7039375
1781	169.8555
1788	170.39275
1798	172.9145625
1802	173.2314375
1807	173.720625
1819	175.7324375
1822	175.99425
1827	176.573
1833	177.765
1837	178.06125
1840	178.4195
1848	179.1084375
1853	179.390875
1860	179.8041875
1863	179.9901875
1867	180.1693125
1871	180.568875
1879	181.182
1883	181.4781875
1887	181.808875
1892	182.31875
1901	184.6751875
1904	184.9094375
1912	185.5088125
1917	185.770625
1922	186.094375
1926	186.2115
1932	186.783375
1940	188.2234375
1944	188.4163125
1951	189.1259375
1954	189.3119375
1958	189.51175
1963	189.938875
1969	190.235125
1976	190.8345625
1982	192.7914375
1985	193.0394375
1989	193.4596875
1993	193.7490625
1997	193.9075
2001	194.3484375
2006	194.7825
2018	196.58075
2021	196.8494375
2031	199.288625
2033	199.412625
2041	200.2186875
2047	200.88
2050	201.11425
2054	201.5000625
2056	201.589625
2064	203.188
2068	203.3533125
2070	203.436
2077	204.207625
2080	204.503875
2089	205.392625
2096	206.0540625
2099	206.2263125
2103	206.5225625
2114	207.611125
2118	207.9005
2120	207.97625
2128	208.61
2135	210.739125
2138	211.0215625
2144	211.60025
2148	211.8275625
2154	212.089375
2162	212.819625
2166	212.985
2176	214.0115625
2179	214.17
2183	214.3146875
2191	215.6856875
2195	215.89925
2203	216.3470625
2205	216.4779375
2215	217.26325
2221	217.57325
2226	217.9590625
2230	218.338
2232	218.4275625
2242	219.3575625
2249	221.6106875
2253	221.7346875
2265	223.4364375
2269	223.5604375
2279	224.655875
2287	226.213
2291	226.38525
2295	226.5368125
2301	227.1155
2307	227.728625
2311	228.0593125
2317	228.4864375
2322	229.664625
2327	229.892
2330	230.1538125
2338	230.9391875
2344	231.4145625
2347	231.5868125
2352	233.5436875
2356	233.7365625
2364	235.2799375
2368	235.4315
2372	235.955125
2375	236.127375
2379	236.278875
2390	238.180375
2394	238.31125
2401	238.9795
2404	239.15175
2408	239.2895
2414	240.6950625
2418	240.8673125
2422	240.9844375
2428	241.5218125
2434	242.7688125
2437	242.982375
2447	243.7333125
2452	244.070875
2456	245.0836875
2459	245.3455
