141	0.164625
145	0.288625
151	0.93625
159	1.6871875
163	1.9420625
168	2.327875
171	2.513875
175	2.6516875
182	3.230375
191	5.07
196	5.4971875
198	5.5729375
204	6.1791875
207	6.3514375
213	7.012875
217	7.20575
219	7.322875
224	7.853375
227	8.025625
234	10.1823125
239	10.5888125
243	10.7335
248	11.28475
260	13.1105
263	13.3791875
266	13.6203125
271	14.2335
275	14.46775
281	15.714875
286	16.31425
293	18.402
298	18.69825
301	18.9325
305	19.1460625
315	19.8625
322	22.0605
326	22.2189375
333	22.9285625
336	23.1076875
341	23.4521875
347	24.086
351	24.3684375
354	24.540625
360	25.0504375
365	25.4018125
369	25.7325
376	27.2414375
380	27.4205625
384	27.5445
390	28.137
398	28.8120625
401	28.9980625
403	29.1083125
410	29.5698125
414	30.052125
422	31.623
425	31.8296875
431	32.1328125
441	33.7105625
443	33.8414375
447	34.2410625
450	34.4064375
459	35.1298125
465	35.577625
469	35.7429375
476	36.2803125
479	36.480125
487	37.06575
492	37.293125
497	37.603125
528	40.628
532	40.752
542	41.8888125
546	42.164375
554	43.5629375
558	43.817875
568	44.6033125
571	44.7824375
577	45.3955625
586	46.167125
590	46.477125
599	47.820625
603	47.9790625
608	48.5578125
611	48.7300625
620	49.639375
624	49.9080625
631	50.4936875
638	51.851
642	52.02325
646	52.140375
662	53.7868125
666	54.096875
677	55.02
681	55.1578125
690	55.833
693	55.9776875
699	56.5564375
710	59.0300625
715	59.4296875
719	59.6639375
725	60.0979375
729	60.29775
733	60.525125
739	61.0831875
751	63.0468125
755	63.405125
762	65.486
764	65.713375
769	66.119875
777	66.795
785	67.4770625
787	67.5735
800	70.2675
804	70.68775
809	71.0528125
815	71.55575
821	72.7959375
825	73.044
838	74.0841875
842	74.352875
850	75.3105625
853	75.599875
886	78.9485625
891	79.148375
896	79.62375
898	79.7133125
903	80.2781875
906	80.4573125
910	80.5950625
921	81.538875
925	81.7386875
934	82.5103125
938	82.7583125
948	83.7504375
951	83.9226875
955	84.0604375
962	84.79075
967	85.3143125
970	85.4658125
972	85.555375
982	86.5405625
987	86.802375
992	87.1468125
994	87.2776875
1007	88.4419375
1013	89.7165625
1016	89.9439375
1022	90.4124375
1025	90.5846875
1037	92.3139375
1039	92.4379375
1045	92.9684375
1048	93.1406875
1054	94.539375
1056	94.663375
1063	95.2834375
1066	95.4625625
1074	97.6260625
1085	98.6595625
1089	98.811125
1102	100.698875
1106	100.8504375
1112	101.443
1119	103.4618125
1122	103.6478125
1136	105.04625
1139	105.301125
1143	105.6869375
1145	105.7765
1152	108.08475
1156	108.20875
1163	108.8494375
1169	109.4833125
1172	109.6555625
1176	109.8484375
1185	110.6751875
1190	111.0885625
1194	111.3779375
1198	111.522625
1204	112.1978125
1209	112.6663125
1212	112.9005625
1216	113.0451875
1249	116.4145
1253	116.6625
1266	117.744125
1271	118.185
1276	118.4949375
1278	118.6051875
1286	119.6110625
1292	120.2104375
1299	120.823625
1306	121.478125
1309	121.65725
1318	123.28325
1322	123.414125
1330	124.275375
1337	124.7783125
1343	126.301
1347	126.6110625
1357	128.2095
1361	128.4230625
1369	129.0913125
1374	129.5529375
1379	129.8629375
1383	130.007625
1391	130.551875
1398	132.6051875
1403	132.9634375
1411	133.666125
1415	133.9485625
1422	134.3895
1427	134.6375
1430	134.8441875
1435	136.008625
1439	136.1601875
1450	137.076375
1456	138.392375
1460	138.5715
1464	138.688625
1471	139.3638125
1474	139.58425
1478	139.7289375
1489	140.6659375
1497	142.9396875
1501	143.1876875
1508	143.71125
1511	143.876625
1515	144.1315625
1519	144.5449375
1524	145.0823125
1528	145.3854375
1531	145.5369375
1534	145.7780625
1537	146.0123125
1546	146.8253125
1549	146.9975625
1558	148.6235
1562	149.0024375
1564	149.092
1599	152.6405625
1603	152.7645625
1612	153.5499375
1625	154.6178125
1630	154.8726875
1636	155.5409375
1640	155.8165
1649	157.435625
1651	157.5940625
1662	158.6895
1665	158.868625
1672	160.2741875
1674	160.3981875
1683	161.300625
1686	161.472875
1690	161.7278125
1694	162.1411875
1701	163.5880625
1703	163.6983125
1710	164.277125
1713	164.4425
1717	164.559625
1723	166.0064375
1727	166.1786875
1731	166.2958125
1737	166.95025
1740	167.1500625
1744	167.5428125
1752	168.16975
1754	168.2593125
1760	170.1679375
1766	170.608875
1770	170.7535625
1777	171.3391875
1781	171.5803125
1786	172.035
1790	172.214125
1797	173.48875
1804	174.136375
1811	176.224125
1813	176.4376875
1824	177.5400625
1828	177.691625
1832	178.0016875
1838	179.9103125
1841	180.117
1845	180.3925625
1847	180.551
1855	181.171
1861	181.7496875
1866	181.9770625
1871	182.204375
1881	183.6995
1885	183.9130625
1890	184.11975
1896	184.3815625
1902	184.815625
1905	185.0154375
1913	185.359875
1916	185.5665625
1925	186.6413125
1928	186.8135625
1934	187.447375
1944	189.9071875
1948	190.0311875
1953	190.6788125
1957	190.9475
1962	191.2230625
1966	191.3953125
1971	191.9258125
1975	192.2840625
1980	192.8214375
1988	193.7515
1993	193.992625
1997	194.2544375
2001	194.5438125
2010	196.872625
2013	197.0724375
2023	197.9680625
2026	198.1403125
2035	199.0910625
2040	199.4424375
2044	199.5801875
2052	200.2690625
2058	201.502375
2060	201.612625
2066	202.1844375
2072	202.749375
2075	203.0111875
2081	203.4383125
2088	204.830125
2092	205.0023125
2094	205.1125625
2099	205.6499375
2102	205.8153125
2108	206.47675
2113	206.766125
2120	207.468875
2125	208.612625
2129	208.7641875
2137	209.5426875
2140	209.7080625
2144	209.8595625
2150	210.50025
2154	210.81025
2157	211.003125
2166	213.435375
2171	213.835
2175	214.00725
2180	214.586
2184	214.82025
2189	215.3025
2193	215.419625
2203	217.0525
2207	217.4108125
2214	219.4916875
2224	220.6835625
2227	220.9453125
2238	222.88825
2243	223.129375
2246	223.363625
2250	223.63925
2255	224.094
