141	0.164625
145	0.3230625
152	0.757
161	1.5768125
166	2.0245625
171	2.327625
173	2.44475
178	2.927
181	3.0854375
185	3.2576875
189	3.6435
198	5.483125
202	5.738
210	6.5440625
215	6.87475
224	7.8874375
229	8.1285625
231	8.225
239	9.051625
246	9.5820625
249	9.8369375
253	10.1194375
258	10.56725
270	11.704
281	13.970875
285	14.1913125
293	14.9008125
295	15.0316875
305	16.1339375
309	16.3681875
314	16.9124375
317	17.0984375
326	18.4833125
330	18.8346875
337	20.9155
340	21.26
351	22.30025
359	24.5395625
363	24.6635625
368	25.194
371	25.38
375	25.497125
382	26.1585625
387	26.6339375
391	26.9439375
395	27.3366875
399	27.5640625
405	28.0118125
409	28.383875
411	28.501
417	30.5680625
421	30.6920625
427	31.319
430	31.4774375
432	31.567
437	32.0905625
448	33.1033125
451	33.2686875
455	33.3995625
464	34.1643125
469	34.63275
477	34.991
481	35.1563125
487	36.50675
491	36.69275
498	37.354125
504	37.919
508	38.229
510	38.30475
545	41.7291875
549	41.9358125
558	42.6385
562	42.9071875
574	44.719125
576	44.829375
584	45.539
593	46.2210625
598	46.434625
600	46.5310625
608	47.275125
618	49.7486875
622	49.9966875
628	50.499625
630	50.5891875
637	51.3194375
642	51.5605625
644	51.650125
658	53.537875
662	53.723875
666	53.9374375
671	54.5299375
674	54.722875
678	54.8813125
683	55.391125
686	55.5565
692	55.859625
699	57.127375
703	57.471875
710	59.55275
722	61.412875
729	62.92175
731	63.038875
737	63.61075
743	64.9129375
749	65.2780625
753	65.5054375
766	66.6283125
769	66.828125
773	66.979625
784	68.64
788	69.0258125
790	69.12225
802	70.2106875
807	70.582625
812	72.3603125
814	72.573875
823	74.0414375
825	74.1723125
829	74.627
835	75.949875
839	76.1083125
841	76.20475
847	76.811
850	76.98325
855	77.48625
860	77.7549375
864	77.989125
874	79.525625
878	79.649625
883	80.2903125
887	80.57275
892	80.848375
896	81.01375
901	81.5305
905	81.8405625
911	82.32275
917	82.7911875
949	85.96075
953	86.1123125
962	86.8288125
967	87.566
970	87.7589375
974	87.95875
979	88.4065625
983	88.6959375
988	88.9921875
998	89.7845
1001	90.0600625
1013	91.0589375
1017	91.2931875
1022	91.5205625
1024	91.610125
1034	92.588375
1037	92.8019375
1039	92.8915
1048	93.6906875
1058	96.0678125
1060	96.22625
1069	97.046125
1072	97.2528125
1074	97.3355
1081	98.0038125
1086	98.3758125
1089	98.5825
1100	100.305
1104	100.429
1120	102.0824375
1127	104.13575
1129	104.301125
1134	104.893625
1141	105.4585
1146	105.9063125
1150	106.292125
1156	108.20075
1160	108.4074375
1166	108.8208125
1169	108.9930625
1173	109.1308125
1183	109.97825
1187	110.3364375
1190	110.4741875
1198	111.0873125
1203	111.7211875
1207	111.865875
1215	112.9475625
1219	113.0784375
1229	114.270375
1233	114.4425625
1237	114.5596875
1245	115.234875
1248	115.476
1252	115.655125
1258	116.137375
1267	117.150125
1271	117.4188125
1273	117.5290625
1277	117.9286875
1280	118.1009375
1289	118.851875
1295	119.3754375
1298	119.595875
1302	119.795625
1310	120.512125
1346	123.9710625
1350	124.0950625
1360	125.114625
1365	125.652
1369	125.920625
1376	126.458
1379	126.7266875
1387	128.848875
1396	129.7169375
1399	129.91675
1401	130.0063125
1415	132.1903125
1419	132.576125
1421	132.700125
1430	134.2984375
1434	134.456875
1441	135.0975625
1448	137.178375
1457	138.074125
1465	138.5976875
1467	138.694125
1477	139.83775
1480	140.127125
1485	140.5818125
1489	140.80225
1501	141.98725
1504	142.1456875
1511	144.2954375
1513	144.5159375
1523	145.508
1526	145.673375
1532	146.3348125
1540	147.90575
1542	148.016
1549	148.822125
1552	148.994375
1561	149.84175
1571	151.412625
1575	151.5710625
1577	151.6881875
1583	152.204875
1586	152.4184375
1591	152.845625
1596	153.33475
1601	153.624125
1606	153.9134375
1611	154.127
1615	154.4508125
1618	154.623
1627	156.131875
1636	156.82075
1641	157.2685625
1645	157.5096875
1680	161.0858125
1684	161.2098125
1691	161.8780625
1698	162.629
1701	162.8288125
1711	163.7519375
1715	164.020625
1721	164.4821875
1730	166.204625
1736	166.4801875
1738	166.562875
1743	167.189875
1752	168.009625
1759	169.4634375
1763	169.8836875
1769	170.2281875
1772	170.4004375
1775	170.62775
1785	172.9359375
1792	173.4595
1803	174.513625
1807	174.6651875
1812	175.09925
1815	175.2715
1819	175.4368125
1826	176.7528125
1830	176.904375
1835	177.3521875
1842	179.412375
1847	179.708625
1850	179.942875
1854	180.1633125
1859	180.549125
1867	182.685125
1871	182.933125
1878	183.463625
1881	183.635875
1885	183.7943125
1892	184.4488125
1897	184.848375
1903	185.1033125
1906	185.2893125
1909	185.502875
1914	185.8198125
1918	185.9645
1928	186.7981875
1930	186.894625
1936	187.5698125
1939	187.72825
1943	187.872875
1949	188.4791875
1952	188.6514375
1959	189.2853125
1963	189.498875
1969	189.91225
1975	190.4150625
1981	190.9179375
1983	191.000625
1993	192.102875
1996	192.26825
2001	194.21825
2008	194.93475
2011	195.2034375
2017	195.7339375
2019	195.8096875
2024	196.3953125
2029	196.6019375
2035	197.9799375
2038	198.248625
2041	198.420875
2046	198.6413125
2053	200.0675
2059	200.370625
2062	200.6255625
2065	200.99075
2071	201.3696875
2079	203.5676875
2082	203.774375
2086	204.0636875
2096	204.780125
2099	204.9385625
2103	205.352
2109	205.7515625
2113	206.034
2118	206.4266875
2129	208.3075625
2133	208.459125
2138	208.9826875
2141	209.2238125
2145	209.389125
2156	211.297625
2159	211.4905
2165	212.0691875
2168	212.241375
2178	213.157625
2181	213.3849375
2188	213.8671875
2197	214.749125
2201	214.873125
2206	215.417375
