141	0.164625
145	0.3161875
151	1.0395625
155	1.43225
161	1.9971875
164	2.190125
168	2.3485625
175	2.982375
180	3.2235
182	3.3130625
191	4.1259375
196	4.704625
200	4.890625
202	5.00775
214	6.619875
218	6.978125
225	8.3285625
231	8.7419375
240	9.5549375
242	9.6789375
248	10.9535625
252	11.112
254	11.2704375
262	11.732
268	13.8541875
273	14.1504375
278	14.7774375
281	15.046125
285	15.4250625
287	15.5215
294	16.8925625
298	17.051
305	17.6916875
312	19.7725
316	19.9929375
323	20.633625
330	21.2054375
336	21.8461875
339	21.99775
341	22.0941875
349	22.9415625
353	23.1758125
357	23.5960625
360	23.80275
365	24.3125625
370	24.5536875
373	24.7328125
379	26.6965625
383	26.917
392	27.750625
395	27.916
399	28.0881875
405	28.5221875
410	29.087125
414	29.3626875
423	29.9965
426	30.189375
430	30.3546875
436	31.6706875
440	31.9118125
444	32.2425
449	32.6765
452	32.87625
458	34.1715625
462	34.44025
467	34.8880625
470	35.0740625
474	35.3634375
479	35.818125
490	37.3958125
494	37.568
498	37.8504375
503	38.3189375
508	38.7874375
511	38.9871875
514	39.2145625
520	41.4056875
523	41.612375
527	41.7708125
535	42.5010625
539	42.728375
545	43.024625
549	43.36225
551	43.4725
556	43.92025
559	44.0925
565	45.4015625
569	45.67025
573	46.0285
575	46.193875
608	49.583875
612	49.707875
621	50.45875
624	50.624125
628	50.7825625
634	51.45775
638	51.698875
643	52.126
647	52.3946875
653	54.4825
655	54.59275
664	55.3575
671	56.287625
673	56.397875
690	58.430375
694	58.5956875
696	58.68525
704	59.4430625
709	59.6841875
711	59.77375
722	60.8415625
731	61.5373125
733	61.626875
741	62.3434375
745	62.6396875
747	62.722375
759	63.7213125
765	64.279375
768	64.451625
777	66.7323125
782	67.152625
785	67.400625
799	69.350375
803	69.7086875
810	71.817125
818	72.5405
821	72.7540625
823	72.843625
830	74.93825
834	75.06225
841	75.71675
844	75.9371875
848	76.0543125
854	77.1911875
858	77.34275
866	78.02475
869	78.21075
873	78.341625
879	79.623125
883	79.80225
887	79.946875
896	80.690875
899	80.8493125
903	80.9664375
911	81.8276875
916	82.185875
920	82.5165625
928	82.9988125
934	84.328625
938	84.5008125
942	84.6316875
951	85.320625
954	85.5686875
961	86.2645
965	86.6503125
971	87.0980625
975	87.421875
981	87.9591875
988	88.6136875
1021	91.776375
1025	91.900375
1032	92.46525
1037	93.002625
1041	93.2781875
1049	95.4210625
1053	95.6415
1061	96.426875
1064	96.59225
1070	97.2054375
1074	97.5085625
1083	98.2663125
1085	98.42475
1094	99.258375
1099	99.4788125
1102	99.8095625
1106	100.1333125
1110	100.408875
1121	102.0555
1123	102.16575
1129	102.7306875
1137	104.1636875
1139	104.2876875
1148	105.300375
1151	105.582875
1159	106.8436875
1163	107.009
1165	107.133
1173	107.780625
1182	108.6004375
1186	108.814
1194	109.565
1197	109.744125
1205	111.93525
1209	112.18325
1213	112.4588125
1217	112.7481875
1220	112.9686875
1224	113.1615625
1231	113.80925
1238	115.1596875
1242	115.31125
1249	115.9588125
1256	118.0465625
1261	118.34275
1264	118.5631875
1268	118.9490625
1270	119.0730625
1279	119.8585
1282	120.0583125
1294	122.469875
1296	122.690375
1306	123.5929375
1309	123.813375
1313	123.9649375
1320	124.585
1324	124.777875
1326	124.8605625
1331	125.480625
1334	125.6390625
1338	125.78375
1343	126.3349375
1348	126.603625
1352	126.8791875
1357	127.3339375
1366	128.146875
1370	128.40175
1374	128.76
1378	129.1665
1412	132.5014375
1416	132.6874375
1430	133.9274375
1434	134.18925
1436	134.3476875
1441	134.7748125
1444	134.940125
1448	135.1675
1454	135.6428125
1457	135.8081875
1461	135.9596875
1468	136.7038125
1476	138.1713125
1481	138.446875
1483	138.5364375
1490	139.1564375
1493	139.3355625
1499	139.921125
1503	140.114
1505	140.231125
1512	141.0165
1515	141.18875
1523	141.9396875
1529	142.4013125
1533	142.5390625
1543	144.936875
1547	145.136625
1551	145.481125
1556	145.9634375
1563	147.1898125
1567	147.3138125
1575	148.0923125
1582	149.4083125
1586	149.677
1592	150.179875
1596	150.4416875
1603	150.8413125
1606	151.1306875
1613	153.287375
1621	154.024625
1625	154.176125
1632	154.830625
1636	155.0993125
1642	156.35325
1646	156.746
1651	158.93025
1655	159.1506875
1660	159.887875
1664	160.197875
1667	160.3631875
1672	160.7628125
1676	160.928125
1685	161.610125
1692	162.2990625
1695	162.4575
1697	162.574625
1702	162.93975
1707	164.1110625
1711	164.31775
1714	164.4899375
1719	164.986
1723	165.1995625
1732	166.019375
1739	166.68075
1741	166.7771875
1751	167.7071875
1785	171.2625625
1789	171.414125
1799	172.24775
1807	172.8333125
1811	172.9504375
1817	173.536
1821	173.73575
1825	173.852875
1830	174.4385
1834	174.73475
1838	174.9069375
1845	175.499375
1848	175.671625
1852	175.809375
1859	177.1598125
1864	177.4285
1867	177.66275
1872	178.103625
1878	178.53075
1882	178.8269375
1886	179.157625
1891	179.6536875
1895	179.9568125
1899	180.3701875
1904	180.6595
1907	180.886875
1913	183.0641875
1920	183.8013125
1924	183.9390625
1929	184.442
1936	185.8613125
1940	185.9853125
1948	186.688
1953	187.2115625
1955	187.301125
1961	188.0038125
1964	188.1691875
1975	189.2576875
1981	190.6425625
1983	190.7665625
1989	191.4279375
1992	191.5933125
1998	192.2340625
2010	194.2183125
2014	194.431875
2018	194.797
2025	195.4376875
2030	195.7201875
2036	195.988875
2041	196.1955
2046	196.5124375
2057	198.917
2066	199.5921875
2071	199.84025
2077	200.253625
2081	200.4120625
2088	201.094
2098	202.88525
2102	203.0575
2106	203.174625
2112	203.8566875
2117	204.3045
2122	205.6618125
2129	206.2611875
2133	206.41275
2139	207.63225
2143	208.03875
2147	208.204125
2154	210.5193125
2158	210.6433125
2165	211.3115625
2168	211.4838125
2172	211.6215625
2181	212.455125
2185	212.6549375
2189	212.7995625
2197	213.3163125
2203	214.074125
2206	214.267
2210	214.4323125
2215	214.9008125
2220	215.4795625
2224	215.5966875
2229	216.147875
2236	217.6223125
2240	217.7394375
2250	218.814125
2254	219.2964375
2259	219.751125
2262	219.9578125
2270	220.5365
2274	220.83275
2278	221.005
2286	221.7076875
2292	222.272625
2295	222.4448125
2301	223.9261875
2304	224.098375
2306	224.2155
2312	224.752875
2315	224.994
2322	227.2058125
2327	227.3918125
2331	227.729375
2334	227.8740625
2337	228.0945
2346	228.92125
2351	229.162375
2355	229.29325
2362	229.9201875
2366	230.1819375
2371	230.6641875
2377	231.904375
2381	232.1179375
2386	232.6415625
2391	232.868875
2395	233.006625
