141	0.164625
145	0.3161875
158	1.4115625
166	2.0729375
171	2.3140625
173	2.4105
182	3.209625
187	3.4920625
194	4.10525
201	4.7528125
204	4.97325
209	6.406375
215	6.792125
220	7.3570625
225	7.928875
229	8.1561875
233	8.294
240	8.9898125
251	11.477125
254	11.711375
259	12.0351875
261	12.131625
271	12.9445
275	13.2406875
286	13.9158125
293	14.6185
300	15.968875
307	16.6165
314	18.6973125
317	18.91775
325	19.7100625
329	19.8478125
335	21.2051875
339	21.3566875
345	22.7278125
349	22.88625
359	23.7405
362	23.905875
366	24.057375
373	25.4146875
377	25.5869375
381	25.731625
386	26.269
393	27.7434375
397	27.9363125
400	28.12925
406	28.597625
414	29.2245625
418	29.4519375
425	30.1408125
432	32.4490625
436	32.738375
448	33.9301875
452	34.2333125
460	35.687
464	35.873
467	36.0451875
471	36.327625
475	36.75475
480	37.216375
512	40.640875
517	41.2471875
522	41.6811875
526	41.9291875
532	42.30125
538	43.6585625
542	43.86525
546	44.196
551	44.623125
554	44.80225
559	45.043375
570	47.330875
583	48.3643125
589	48.860375
593	49.0188125
598	49.563125
603	50.0454375
607	50.300375
611	50.6104375
618	52.0090625
622	52.3604375
629	54.44125
634	55.78475
640	56.087875
643	56.308375
645	56.4048125
654	57.30725
657	57.5690625
665	58.32
669	58.444
676	59.18125
682	60.628125
686	60.8416875
691	62.27475
695	62.4814375
702	63.0808125
710	63.7559375
713	63.9281875
718	64.20375
724	64.7686875
727	64.975375
729	65.0580625
734	65.5265625
739	65.877875
743	66.0294375
749	66.5116875
755	68.509875
759	68.7440625
763	68.895625
774	69.743
779	70.2115
782	70.4250625
787	70.7350625
790	70.9555
797	73.1121875
801	73.2361875
807	73.849375
811	74.1800625
814	74.3523125
818	74.4900625
824	75.0825625
828	75.35125
836	76.8395
840	77.01175
844	77.128875
850	77.66625
854	78.01075
858	78.307
890	81.614375
894	81.8693125
901	82.6203125
904	82.7856875
908	83.019875
917	83.819
921	84.060125
931	85.70675
935	85.83075
940	86.251
945	86.5541875
954	87.2086875
958	87.367125
968	88.9724375
972	89.0964375
977	89.48225
981	89.6338125
990	90.4605
999	92.8306875
1002	93.0029375
1013	93.8089375
1016	93.9811875
1022	94.615
1033	96.516625
1035	96.6475
1042	97.24
1046	97.4673125
1050	97.5913125
1055	98.128625
1063	99.5893125
1067	99.74775
1069	99.864875
1073	100.271375
1076	100.46425
1078	100.5538125
1085	101.3874375
1088	101.5528125
1092	101.718125
1099	102.310625
1105	103.6610625
1109	103.7850625
1121	104.949375
1124	105.121625
1128	105.2869375
1134	105.8243125
1138	106.0585625
1151	107.877375
1155	108.0840625
1158	108.4699375
1162	108.79375
1166	109.0418125
1175	110.033875
1178	110.19925
1182	110.3576875
1216	113.8098125
1220	113.9338125
1227	114.5055625
1230	114.6778125
1234	114.83625
1239	115.3460625
1243	115.67675
1247	116.090125
1256	117.8815625
1260	118.05375
1264	118.170875
1270	118.7151875
1273	118.8805625
1277	119.039
1281	119.452375
1290	120.1965
1294	120.499625
1303	122.9663125
1307	123.3314375
1311	123.6276875
1315	123.772375
1328	125.046875
1331	125.2053125
1333	125.294875
1338	125.8460625
1343	126.107875
1349	126.404125
1354	127.61675
1358	127.83725
1364	128.2368125
1368	128.5330625
1372	128.7190625
1384	129.7799375
1387	129.9590625
1394	130.586
1398	130.840875
1404	131.1784375
1411	133.2455625
1415	133.3833125
1423	134.1135625
1426	134.38225
1434	135.656875
1438	135.9255625
1442	136.31825
1458	137.93025
1465	139.9904375
1467	140.2109375
1473	140.7138125
1478	141.1960625
1481	141.3751875
1490	142.250125
1493	142.49125
1499	142.8976875
1501	143.0079375
1508	143.621125
1543	146.88025
1547	147.0869375
1559	148.34075
1564	148.781625
1572	150.2905
1576	150.4420625
1587	151.30325
1591	151.5995
1595	151.9784375
1597	152.074875
1606	152.874
1609	153.04625
1613	153.177125
1623	154.0728125
1627	154.3139375
1629	154.4035
1639	155.4230625
1642	155.5884375
1646	157.366125
1650	157.5865625
1656	158.1515625
1659	158.3169375
1663	158.475375
1672	159.1849375
1677	159.5225
1681	159.825625
1684	160.011625
1692	160.7419375
1696	161.0175625
1701	161.430875
1708	162.1198125
1717	163.65625
1721	163.8285
1725	163.945625
1734	164.6758125
1737	164.8411875
1744	165.475
1747	165.6403125
1751	165.785
1758	166.349875
1762	166.659875
1765	166.8183125
1773	167.47975
1777	167.6175625
1787	168.6784375
1790	168.8438125
1794	168.9953125
1801	169.615375
1810	171.97875
1814	172.1165
1826	173.2533125
1831	173.75625
1834	173.9766875
1838	174.3831875
1842	174.527875
1849	176.0299375
1853	176.38825
1860	178.469125
1863	178.662
1866	178.8893125
1870	179.0615625
1881	180.3085
1884	180.473875
1888	180.611625
1895	181.2385625
1899	181.514125
1905	181.9274375
1910	183.705125
1914	183.88425
1918	184.221875
1923	184.669625
1928	185.00025
1932	185.117375
1941	186.64
1950	187.4046875
1960	189.0513125
1962	189.1821875
1968	189.7403125
1975	190.2706875
1980	190.5186875
1984	190.663375
1989	191.07675
1997	192.6200625
2001	192.79225
2004	192.9644375
2017	194.0943125
2024	194.8176875
2029	195.1620625
2033	195.2791875
2049	196.960125
2054	197.256375
2061	197.904
2065	198.1864375
2072	200.2190625
2075	200.432625
2082	201.0733125
2086	201.3695625
2090	201.7484375
2095	202.2995625
2103	203.002375
2108	203.4501875
2114	203.904875
2121	205.276
2125	205.6343125
2131	207.715125
2136	208.0044375
2144	208.7966875
2148	208.9345
2155	209.6303125
2159	209.961
2165	211.2631875
2169	211.41475
2174	211.9520625
2181	213.3989375
2185	213.5711875
2189	213.709
2199	214.56325
2202	214.728625
2206	214.866375
2213	216.2236875
2217	216.4716875
2222	216.6990625
2228	217.2225625
2232	217.61525
2236	217.870125
2241	218.4350625
2244	218.628
2248	218.9105
2253	219.3720625
2256	219.5443125
2260	219.6958125
2270	221.976375
2274	222.1348125
2278	222.6584375
2281	222.8238125
2285	222.9615625
2294	223.76075
2303	224.5598125
2305	224.649375
2313	225.3865
2316	225.55875
2322	226.047875
2328	227.288
2332	227.467125
2336	227.5704375
2345	228.3765
2348	228.5969375
2353	229.0791875
2357	229.3340625
2361	229.60275
2371	230.4914375
2381	232.151875
2383	232.3103125
2388	232.8820625
2396	233.605375
2404	233.95675
2406	234.073875
2417	235.3415625
2422	235.79625
2425	236.0098125
2431	236.4231875
2433	236.51275
2441	237.2705
2444	237.44275
2448	237.5805
2453	238.069625
2458	238.331375
2465	240.6119375
2470	240.866875
2474	241.03225
2479	241.549
2483	241.824625
2488	242.25175
