141	0.164625
146	0.350625
150	0.612375
158	1.2461875
160	1.33575
167	1.9145
171	2.217625
173	2.3003125
184	4.201875
188	4.642875
192	4.822
201	5.6831875
205	5.951875
212	6.6546875
216	7.0405
222	9.142
226	9.266
232	9.99625
236	10.3751875
243	10.8574375
248	11.091625
250	11.1811875
257	12.1250625
262	12.4144375
269	13.068875
273	13.31
286	15.3769375
293	16.038375
303	16.927125
306	17.1544375
310	17.2990625
315	17.8433125
320	18.36
323	18.53225
327	18.67
334	19.427875
341	20.0823125
349	22.2183125
352	22.4525625
360	23.18975
363	23.368875
372	24.1405625
382	25.780375
384	25.890625
390	26.5106875
394	26.7931875
396	26.875875
409	27.9160625
415	29.37675
419	29.5420625
421	29.631625
433	30.8786875
437	31.1405
445	31.760625
450	31.9810625
454	32.2910625
460	32.725125
466	33.331375
468	33.441625
473	33.8274375
477	34.1443125
482	34.578375
486	34.6955
491	35.2466875
498	36.5351875
501	36.803875
505	37.051875
510	37.348125
517	37.8234375
521	37.9405625
526	38.484875
529	38.664
533	39.02225
537	39.5045
541	39.73875
550	40.496625
555	41.0064375
563	43.2456875
566	43.4385625
570	43.7348125
574	44.120625
576	44.244625
585	45.6088125
589	45.76725
596	46.4079375
603	48.48875
606	48.7023125
610	48.977875
612	49.0605625
651	53.056875
653	53.242875
658	53.732
663	54.069625
671	54.793
673	54.90325
681	56.3431875
685	56.729
687	56.8116875
694	59.071625
698	59.2300625
706	60.173875
709	60.3391875
721	61.3105625
725	61.6136875
730	61.9168125
738	62.4955
741	62.736625
745	63.094875
748	63.453125
758	65.1135
760	65.2375
766	65.7404375
769	65.9126875
775	66.56725
782	68.1036875
784	68.2276875
793	69.102625
796	69.268
798	69.3644375
804	70.763125
806	70.887125
813	71.63125
816	71.8310625
825	72.5130625
830	72.7610625
836	73.016
841	73.3535625
845	73.6498125
853	74.448875
857	74.69
865	76.832875
869	77.0533125
876	77.687125
885	78.5
887	78.5964375
892	79.1751875
897	79.457625
908	81.2283125
912	81.38675
919	82.0274375
926	84.10825
930	84.3286875
934	84.6318125
939	85.1209375
946	85.7685
951	87.5461875
953	87.6701875
960	88.5658125
973	89.9230625
975	90.0470625
982	90.94275
984	91.06675
992	92.0726875
996	92.244875
1000	92.362
1007	93.037125
1010	93.2025
1014	93.3678125
1022	94.2151875
1027	94.497625
1031	94.6423125
1041	95.469
1045	95.634375
1050	96.17175
1059	96.9295625
1062	97.1086875
1070	97.9078125
1074	98.0525
1081	100.133375
1086	100.533
1089	100.712125
1097	102.1865
1102	102.4069375
1135	105.707375
1139	105.87275
1147	106.8235
1150	106.99575
1154	107.2506875
1158	107.6503125
1165	108.167
1170	108.5873125
1174	108.856
1180	109.2624375
1182	109.3795625
1187	109.7309375
1193	111.0125
1197	111.18475
1201	111.3363125
1214	112.5833125
1217	112.7693125
1221	112.907125
1228	113.5615625
1233	113.9680625
1237	114.2780625
1244	116.393375
1251	116.99275
1255	117.1580625
1264	117.8331875
1270	119.30075
1274	119.4591875
1280	120.0516875
1286	121.29875
1291	121.70525
1295	121.884375
1301	123.20725
1306	123.730875
1310	123.854875
1316	125.2604375
1320	125.48775
1326	125.963125
1330	126.1146875
1337	126.665875
1343	128.788125
1347	129.02925
1353	129.2910625
1358	129.6975625
1362	129.84225
1368	130.483
1374	132.681
1378	132.9703125
1385	133.487
1390	133.9554375
1395	134.2860625
1399	134.4514375
1406	135.0439375
1414	136.4700625
1417	136.7043125
1422	137.117625
1428	137.661875
1431	137.834125
1435	137.9925625
1443	139.7081875
1449	139.9975625
1452	140.1698125
1463	141.13425
1466	141.3065
1470	141.5614375
1474	141.940375
1479	142.4226875
1483	142.7395625
1491	143.407875
1499	144.18625
1504	144.5445
1508	144.68225
1513	145.254125
1546	148.5545625
1550	148.706125
1562	149.698125
1566	149.946125
1578	151.5926875
1580	151.7166875
1589	152.7294375
1592	152.92925
1596	153.3081875
1608	154.506875
1611	154.6653125
1615	154.8926875
1622	156.2706875
1624	156.4015625
1630	157.0009375
1633	157.1525
1635	157.283375
1643	157.94475
1647	158.185875
1652	159.4605
1656	159.6258125
1658	159.7566875
1665	160.1838125
1670	160.445625
1674	160.7280625
1682	161.3343125
1690	161.940625
1695	162.2161875
1699	162.602
1702	162.767375
1707	163.0360625
1711	163.3460625
1721	165.550875
1725	165.7713125
1732	166.3775625
1739	167.0251875
1741	167.121625
1748	168.49275
1752	168.6443125
1759	169.291875
1766	171.37275
1770	171.5931875
1774	171.8894375
1779	172.3716875
1787	173.046875
1790	173.2190625
1793	173.412
1797	173.52225
1804	175.823625
1806	176.044125
1815	176.8983125
1823	177.601
1827	177.793875
1829	177.8834375
1836	178.6275
1841	178.8961875
1843	178.98575
1847	179.4886875
1852	179.8814375
1856	180.26725
1861	180.70125
1866	181.0319375
1874	181.3901875
1878	181.5279375
1883	182.092875
1889	183.4156875
1893	183.6223125
1898	184.070125
1902	184.325
1907	184.7314375
1912	185.1930625
1920	185.5444375
1924	185.6959375
1929	186.2333125
1962	189.4718125
1966	189.6509375
1971	190.2503125
1976	190.7188125
1979	190.9530625
1983	191.077
1989	191.600625
1993	191.8693125
1997	192.0415625
2006	193.6194375
2010	193.7503125
2020	194.7354375
2024	195.017875
2030	195.3485625
2034	195.748125
2040	197.0985625
2044	197.250125
2048	197.7668125
2051	197.9390625
2055	198.0975
2066	199.999125
2070	200.260875
2080	201.1015
2087	203.18925
2096	203.829875
2099	204.0985625
2103	204.4775
2105	204.5739375
2118	206.2963125
2125	206.9370625
2130	207.3986875
2133	207.6398125
2140	209.9205
2145	210.2649375
2150	210.5611875
2155	211.298375
2159	211.49125
2161	211.6841875
2166	211.9115
2173	212.5453125
2177	212.69
2184	214.991375
2187	215.225625
2195	215.9283125
2199	216.2796875
2204	216.6655
2208	216.77575
2217	218.45
2219	218.580875
2226	219.311125
2232	219.5384375
2237	219.9105
2240	220.062
2245	220.5580625
2249	222.33575
2253	222.4941875
2262	223.300125
2266	223.596375
2270	224.0235
2278	224.498875
2285	225.18775
2291	225.484
2296	225.9180625
2304	227.3098125
2307	227.509625
2311	227.7851875
2319	228.24675
2323	228.4465625
2330	229.114875
2336	229.418
2341	229.8106875
2347	230.4238125
2350	230.623625
2355	232.5805
2363	233.179875
2369	233.46925
2376	234.096125
2380	234.3234375
2383	234.481875
2390	235.915
2394	236.094125
2398	236.23875
2403	236.659
2407	236.969
2412	237.368625
2419	237.9473125
2423	238.0644375
2428	238.6500625
