141	0.164625
145	0.288625
154	0.9913125
160	1.390875
163	1.5493125
167	1.6595
176	3.1133125
182	3.568
186	3.70575
191	4.2155625
203	5.2903125
205	5.379875
209	5.73125
219	6.592375
223	6.8196875
227	6.9368125
235	8.4801875
241	8.9693125
249	9.7065
255	9.989
260	10.3334375
264	10.71925
270	11.270375
272	11.380625
277	11.738875
280	11.9110625
284	12.1728125
289	12.6275
297	15.039125
300	15.2458125
305	15.5420625
310	16.1414375
313	16.355
316	16.658125
320	17.0715625
324	17.4435625
328	17.7053125
333	18.042875
342	19.39325
346	19.51725
354	20.29575
361	22.3835
364	22.61775
370	23.0586875
375	24.8915
379	25.0155
384	25.5666875
387	25.759625
391	25.8905
399	26.8344375
408	28.5086875
412	28.667125
417	29.2045
425	30.045
429	30.3274375
437	31.7536875
441	31.9259375
445	32.070625
453	32.8009375
456	32.9731875
460	33.228125
464	33.6139375
474	34.6610625
482	35.4119375
520	39.22225
524	39.401375
530	39.8354375
534	40.15925
538	40.31075
543	40.7999375
546	40.958375
550	41.1030625
556	42.522375
558	42.646375
565	43.2733125
568	43.4524375
573	44.0105
576	44.1965
580	44.313625
588	45.7605
590	45.87075
595	46.30475
600	46.9179375
605	47.152125
615	48.0615
623	49.5634375
627	49.72875
630	49.91475
636	50.589875
641	51.16175
649	51.637125
652	51.9058125
661	52.71875
665	53.02875
669	53.4008125
675	53.8485625
680	54.1585625
688	56.411625
692	56.535625
703	57.6378125
706	57.79625
708	57.8858125
713	58.4369375
717	58.6298125
719	58.7469375
725	59.435875
728	59.608125
733	60.1316875
739	60.6415
748	61.392375
750	61.55775
757	62.1985
762	62.481
765	62.818625
773	63.659125
780	65.7055
793	67.069625
804	68.3716875
808	68.578375
820	69.6393125
825	69.92175
829	70.094
835	70.5143125
839	70.9208125
845	71.45825
848	71.6786875
852	71.823375
858	73.1738125
862	73.373625
869	74.076375
872	74.2693125
876	74.3864375
884	75.185625
888	75.495625
894	75.9503125
927	79.09925
931	79.22325
939	79.9673125
944	80.236
953	80.7871875
957	81.06275
967	83.5639375
969	83.6879375
984	85.1691875
993	85.9200625
996	86.1543125
1000	86.53325
1002	86.6296875
1011	87.4288125
1021	89.0065625
1025	89.165
1032	89.8056875
1039	91.8865
1043	92.1069375
1046	92.251625
1056	93.0231875
1059	93.1954375
1068	94.0083125
1071	94.215
1073	94.3114375
1086	95.6755625
1089	95.8478125
1093	95.9855625
1100	96.6538125
1112	99.279
1116	99.4856875
1123	99.9610625
1126	100.1333125
1130	100.298625
1136	101.57325
1140	101.835
1148	102.544625
1151	102.716875
1155	102.8753125
1166	104.322125
1170	104.50125
1174	104.645875
1180	105.30725
1183	105.472625
1187	105.624125
1203	107.2843125
1207	107.615
1211	107.9525625
1214	108.1248125
1221	108.8275625
1259	112.3140625
1263	112.5345
1267	112.8100625
1275	113.4025
1284	114.2429375
1292	114.801
1302	116.3098125
1306	116.668125
1313	118.749
1323	120.375
1325	120.492125
1335	121.498
1342	122.88975
1346	123.0619375
1348	123.1721875
1360	124.0953125
1365	124.56375
1368	124.729125
1374	125.37675
1379	125.5971875
1382	125.90725
1387	126.3275
1392	126.5479375
1395	126.7270625
1404	127.5536875
1407	127.719
1416	130.096125
1420	130.3648125
1431	131.418875
1434	131.58425
1438	131.73575
1445	133.1
1449	133.3341875
1453	133.782
1456	133.968
1460	134.098875
1467	135.6215625
1471	135.8006875
1475	135.945375
1482	136.4895625
1487	137.0751875
1492	137.3369375
1498	137.9639375
1507	139.589875
1511	139.762125
1515	139.8999375
1520	140.4373125
1528	141.1469375
1561	144.309625
1565	144.447375
1574	145.1431875
1578	145.5220625
1582	145.91475
1587	146.341875
1592	146.789625
1597	147.1960625
1609	149.6695625
1611	149.883125
1620	150.90275
1623	151.1783125
1632	152.7146875
1635	152.9558125
1646	154.2648125
1649	154.4370625
1653	154.602375
1659	155.0433125
1665	156.504
1669	156.67625
1673	156.793375
1684	158.116125
1687	158.3159375
1697	159.2390625
1702	159.50775
1706	159.955625
1711	160.493
1714	160.66525
1718	160.796125
1730	163.29725
1733	163.57975
1737	163.8553125
1742	164.2135
1745	164.41325
1752	165.749875
1757	166.3148125
1765	168.3336875
1768	168.6161875
1772	168.82975
1776	169.256875
1781	169.7115625
1784	169.9113125
1790	170.372875
1792	170.483125
1797	171.0411875
1805	171.420125
1807	171.530375
1815	172.4191875
1818	172.6465625
1822	173.0323125
1831	175.3129375
1835	175.4920625
1842	176.112125
1845	176.284375
1849	176.422125
1856	177.18
1863	177.793125
1870	178.3856875
1875	178.8403125
1879	179.1916875
1887	180.569625
1891	180.741875
1895	180.859
1904	181.58925
1907	181.7615
1911	181.9199375
1917	182.6019375
1922	182.9739375
1926	184.9790625
1932	185.24775
1936	185.544
1939	185.9091875
1945	186.4535
1948	186.6119375
1952	186.74975
1961	188.589375
1965	188.7685
1969	188.995875
1980	189.9810625
1983	190.1601875
1987	190.2979375
1991	190.676875
1996	191.15225
2000	191.455375
2007	193.488
2011	193.6464375
2016	194.273375
2019	194.5006875
2026	195.816625
2030	195.940625
2038	196.719125
2045	198.035125
2049	198.207375
2053	198.3520625
2057	198.662125
2060	198.910125
2066	199.3855
2070	199.5301875
2081	200.6118125
2084	200.8185
2087	201.1423125
2096	201.9345625
2103	203.8983125
2106	204.098125
2117	205.20725
2120	205.4070625
2129	206.475
2132	206.6748125
2136	207.0605625
2144	208.52125
2146	208.64525
2151	209.162
2154	209.3618125
2161	210.9740625
2165	211.1325
2167	211.2220625
2174	211.911
2182	212.6136875
2185	212.7790625
2193	213.3715
2198	213.7366875
2202	213.9846875
2211	214.776875
2221	216.5475625
2225	216.699125
2231	217.153875
2237	217.6913125
2242	218.1253125
2248	219.420625
2252	219.59975
2257	219.9235625
2262	220.4540625
2269	221.1085625
2277	221.6735
2280	221.818125
