141	0.164625
145	0.412625
154	1.067125
162	1.597625
167	1.9420625
170	2.155625
175	2.6171875
179	2.8583125
183	3.1614375
188	3.5816875
191	3.726375
193	3.8435
199	4.4221875
206	5.07675
211	5.317875
213	5.4143125
218	5.91725
223	6.3375
227	6.489
235	8.742125
238	8.9488125
242	9.0865625
249	9.5895
252	9.754875
256	9.9133125
262	10.54025
266	10.85025
268	10.967375
274	11.6631875
280	13.027375
283	13.2340625
296	14.4465
302	15.8589375
306	16.02425
308	16.141375
314	16.733875
319	17.2436875
324	17.54675
326	17.663875
335	18.6076875
343	20.847
348	21.246625
352	21.3981875
359	22.0595625
371	23.995625
375	24.1471875
382	24.787875
389	26.875625
391	27.0891875
402	28.212125
405	28.4256875
407	28.51525
412	28.92175
415	29.149125
417	29.2386875
427	30.23075
430	30.4443125
432	30.5614375
441	32.917875
443	33.0763125
447	33.5585625
455	34.04775
459	34.433625
464	34.8263125
471	35.4325625
476	35.8320625
480	36.087
486	37.4649375
490	37.637125
494	37.768
503	38.5465
506	38.711875
510	38.8771875
514	39.2148125
548	42.7564375
552	42.9355625
561	43.720875
564	43.893125
568	44.0584375
577	44.899
581	45.13325
583	45.2296875
593	46.1115
599	46.6213125
607	48.150875
609	48.274875
620	49.142875
628	50.548375
630	50.658625
639	51.3889375
649	53.724625
654	54.2620625
658	54.3860625
667	55.4195
670	55.5916875
674	55.763875
680	56.3425625
691	58.023625
696	58.6299375
703	60.7108125
713	61.6615
716	61.9301875
720	62.309125
722	62.4055625
735	65.0375625
737	65.2580625
742	65.77475
745	65.940125
754	66.83575
762	67.1801875
766	67.3455
773	67.9173125
778	68.4753125
781	68.7233125
785	68.8541875
789	69.3778125
792	69.529375
794	69.6258125
800	70.866
804	71.03825
808	71.1829375
817	71.9408125
823	72.5126875
829	72.88475
834	73.3256875
838	73.580625
871	76.7915
875	76.9155
887	77.873125
890	78.0385
894	78.2038125
902	78.8858125
906	79.1889375
917	80.167125
920	80.3944375
924	80.5666875
935	81.43475
938	81.6551875
942	81.7723125
947	82.21325
950	82.3648125
952	82.4819375
958	83.0881875
962	83.3224375
971	85.603125
982	86.271375
986	86.471125
994	87.33225
1000	87.6629375
1003	87.8903125
1005	87.979875
1016	88.8685625
1030	90.9768125
1034	91.1008125
1050	92.74725
1057	94.8074375
1066	95.7581875
1075	97.4530625
1083	98.011125
1089	99.5200625
1093	99.685375
1095	99.8438125
1106	100.822125
1109	100.994375
1113	101.1596875
1120	101.71775
1125	101.9726875
1128	102.2206875
1132	102.5720625
1134	102.833875
1140	105.01125
1144	105.1696875
1154	106.134125
1160	106.56125
1163	106.7816875
1167	106.9195
1173	107.5326875
1177	107.8289375
1181	108.049375
1188	108.7314375
1191	108.8968125
1195	109.069
1230	112.4108125
1235	112.6174375
1244	113.25125
1248	113.37525
1254	114.12625
1258	114.27775
1264	114.9323125
1268	115.1045
1272	115.221625
1277	115.7935
1280	115.986375
1292	116.9853125
1296	117.2264375
1309	119.224375
1313	119.4310625
1322	120.182
1326	120.306
1334	120.9811875
1339	121.2085
1343	121.34625
1353	122.414125
1356	122.586375
1360	122.7448125
1367	123.4336875
1371	123.7850625
1381	126.1621875
1387	126.603125
1391	126.72025
1397	127.3954375
1404	128.8354375
1408	128.987
1415	129.6345625
1422	131.7223125
1424	131.935875
1435	133.0588125
1438	133.2930625
1440	133.4101875
1449	134.822625
1451	134.932875
1462	135.869875
1465	136.104125
1467	136.1936875
1474	138.48125
1477	138.7155
1487	139.63875
1490	139.817875
1502	140.6996875
1506	140.8925625
1509	141.06475
1521	142.394375
1524	142.566625
1531	143.99975
1535	144.1581875
1544	144.936625
1547	145.0950625
1551	145.232875
1558	145.8874375
1562	146.1699375
1573	146.9896875
1576	147.1825625
1583	147.7681875
1587	148.160875
1590	148.32625
1596	149.525125
1600	149.697375
1604	149.8420625
1610	150.413875
1614	150.76525
1621	151.330125
1625	151.4816875
1631	151.9156875
1641	154.347875
1645	154.533875
1651	155.064375
1654	155.2848125
1658	155.3950625
1666	156.125375
1670	156.4009375
1679	157.089875
1682	157.4275
1684	157.53775
1691	158.206
1698	159.5701875
1702	159.78375
1707	160.1144375
1710	160.43825
1712	160.5485
1719	161.2788125
1722	161.478625
1756	164.9306875
1760	165.0546875
1769	166.0949375
1773	166.3085
1777	166.4325
1784	167.149
1788	167.4108125
1794	168.7543125
1798	168.9265625
1802	169.064375
1807	169.5673125
1811	169.91175
1814	170.06325
1826	171.2894375
1833	171.9439375
1838	172.254
1846	174.3693125
1852	174.8515625
1856	174.9893125
1861	175.6645
1864	175.8229375
1866	175.9400625
1873	177.2698125
1877	177.42825
1884	178.0689375
1891	179.378
1893	179.502
1898	180.129
1901	180.370125
1905	180.652625
1910	181.1073125
1918	181.789375
1921	182.1063125
1925	182.4576875
1930	182.8296875
1935	184.752125
1937	184.9656875
1948	186.0404375
1951	186.2264375
1953	186.3435625
1958	187.687125
1960	187.797375
1965	188.39675
1968	188.631
1972	188.823875
1978	190.091625
1982	190.2500625
1984	190.339625
1990	191.0010625
1993	191.3110625
1997	191.4764375
2003	192.7924375
2007	193.047375
2017	194.5838125
2020	194.783625
2026	196.2511875
2030	196.513
2036	196.99525
2043	197.594625
2047	197.8701875
2051	198.249125
2057	198.70375
2062	199.0413125
2065	199.2273125
2069	199.427125
2075	201.4184375
2081	201.9006875
2085	202.1831875
2091	203.0788125
2095	203.230375
2105	204.3946875
2109	204.5738125
2113	204.7185
2119	205.3040625
2129	206.992
2133	207.25375
2142	207.90825
2146	208.176875
2153	209.59625
2155	209.72025
2163	210.43675
2168	210.7123125
2174	211.297875
2178	211.594125
2186	212.3036875
2191	212.7515
2194	213.054625
2198	213.5644375
2201	213.8055625
2205	214.205125
2207	214.3015625
2215	215.0111875
2220	215.314375
2227	217.61575
2231	217.8499375
2238	218.47
2241	218.786875
2245	218.9521875
2251	220.2681875
2255	220.474875
2260	220.9295625
2269	222.5486875
2273	222.7278125
2277	222.8449375
2284	223.4511875
2291	224.2159375
2294	224.4019375
2299	224.75325
2303	225.0425625
2308	225.5799375
2311	225.7521875
2315	225.8899375
2320	226.427375
2334	228.7974375
2339	229.1970625
2342	229.3693125
2344	229.4933125
2352	230.87125
2356	231.0228125
2363	231.6635
2370	232.972625
2374	233.1861875
2379	233.6478125
2383	233.8269375
2387	234.3160625
2390	234.4883125
2394	234.6191875
2400	235.253
