141	0.164625
145	0.412625
154	1.074
162	1.632
166	1.886875
171	2.314
174	2.5
178	2.6515
183	3.1544375
186	3.3266875
190	3.492
195	4.82175
198	5.0421875
200	5.1593125
206	5.7724375
211	6.041125
216	6.4958125
223	7.1365
227	7.377625
231	7.7771875
238	8.4109375
245	10.457375
250	10.7880625
253	11.0085
257	11.3943125
259	11.483875
264	11.986875
270	12.4691875
280	14.232875
285	14.8460625
292	16.9269375
295	17.1266875
298	17.333375
300	17.4229375
305	17.9259375
311	18.40825
319	20.5649375
323	20.723375
329	21.398625
334	21.76375
338	21.9979375
346	22.824625
350	23.058875
357	24.492
359	24.616
369	25.7940625
373	26.0971875
382	27.5440625
386	27.757625
394	28.24675
396	28.3431875
406	29.5075
410	29.6521875
416	30.11375
423	30.7544375
429	31.085125
433	31.45025
436	31.69825
474	35.5429375
478	35.6669375
487	36.57625
492	37.10675
495	37.279
499	37.5339375
508	38.188375
512	38.4295
516	38.6913125
523	40.3655625
525	40.4964375
534	41.440375
537	41.60575
543	42.2465
556	44.0585
558	44.2169375
563	44.6165
566	44.823125
574	45.4914375
580	46.7729375
584	46.9520625
587	47.1243125
597	48.0956875
600	48.2679375
604	48.4056875
612	49.232375
617	49.52175
624	50.169375
628	50.42425
636	52.780625
638	52.9941875
649	54.7373125
651	54.8681875
658	55.48825
661	55.667375
667	56.9626875
671	57.121125
673	57.2106875
680	57.8789375
683	58.0580625
691	58.9950625
695	59.32575
699	59.642625
706	60.2420625
710	60.3591875
715	60.9173125
721	62.316
725	62.508875
730	62.8878125
733	63.0600625
738	63.3563125
744	63.6594375
748	64.0315
753	64.362125
758	64.5688125
762	64.803
769	65.34725
800	68.4616875
804	68.5856875
814	69.5226875
819	69.73625
829	70.45275
834	70.8936875
838	71.0315
848	72.588625
850	72.7195
854	73.2155625
860	73.787375
863	73.9458125
867	74.145625
873	74.5934375
881	76.0265
883	76.1505
890	76.7774375
893	76.9840625
895	77.073625
899	77.5903125
902	77.7556875
906	77.8865625
911	78.4653125
919	80.084375
921	80.2428125
925	80.6975625
928	80.8766875
938	81.93075
941	82.0891875
943	82.17875
949	82.826375
952	83.0261875
957	83.4601875
964	84.11475
968	84.2525
974	86.271375
977	86.4849375
981	86.753625
991	87.6769375
995	87.9043125
1000	88.3383125
1006	89.4889375
1010	89.8403125
1017	91.9005
1025	92.499875
1028	92.75475
1038	93.5815
1041	93.788125
1043	93.8708125
1078	97.23325
1082	97.3848125
1093	98.25975
1098	98.700625
1101	98.9073125
1105	99.293125
1112	100.8226875
1114	100.9466875
1128	102.421
1131	102.586375
1135	102.737875
1143	103.5164375
1147	103.7024375
1149	103.792
1161	104.976875
1164	105.156
1175	105.879375
1180	106.1549375
1186	106.485625
1190	106.85075
1193	107.091875
1204	108.15975
1207	108.462875
1217	110.8675625
1219	111.081125
1225	111.66675
1228	111.8665625
1233	112.45225
1236	112.7278125
1240	113.1343125
1244	113.279
1249	113.8164375
1252	114.03
1254	114.1195625
1260	114.725875
1263	114.9256875
1271	116.475875
1275	116.70325
1283	117.4955
1290	119.576375
1292	119.796875
1302	120.651125
1305	120.83025
1311	121.346875
1314	121.5741875
1318	121.96
1320	122.0495625
1357	125.68075
1361	125.873625
1370	126.700375
1375	126.92775
1379	127.3341875
1387	128.0024375
1391	128.3055625
1399	130.7101875
1402	130.9375625
1411	131.6746875
1414	131.8400625
1420	132.4808125
1430	134.1895
1432	134.3135
1445	135.2504375
1452	135.8291875
1455	135.987625
1459	136.1254375
1469	137.971875
1473	138.1440625
1475	138.22675
1487	139.5081875
1490	139.6873125
1500	140.4038125
1503	140.5966875
1508	141.09275
1512	141.271875
1519	141.80925
1522	142.0985625
1533	142.9321875
1537	143.2490625
1540	143.4005625
1543	143.60725
1552	144.1996875
1562	146.51475
1565	146.7971875
1570	147.2794375
1573	147.4999375
1582	148.939875
1587	149.5461875
1594	151.654625
1605	152.653625
1608	152.9223125
1612	153.30125
1614	153.3976875
1622	154.1623125
1630	155.6505625
1634	155.85725
1647	157.34525
1650	157.600125
1654	158.02725
1667	160.68675
1670	160.9691875
1674	161.4514375
1677	161.6856875
1681	161.851
1687	162.388375
1691	162.6639375
1702	164.414
1706	164.5586875
1712	164.9583125
1717	165.530125
1725	165.8676875
1729	166.033
1734	166.48775
1738	166.8046875
1742	167.08025
1747	167.6108125
1754	168.1619375
1759	170.1395
1763	170.2979375
1775	171.5863125
1783	172.185625
1787	172.33025
1797	174.094
1801	174.2524375
1808	174.7553125
1816	176.3124375
1820	176.4846875
1824	176.63625
1828	177.0289375
1832	177.3183125
1837	177.649
1841	177.9865625
1845	178.2896875
1848	178.4894375
1853	178.944125
1858	179.24725
1862	179.364375
1868	180.005125
1879	180.8318125
1889	183.2158125
1893	183.43625
1900	184.0700625
1909	184.938125
1911	185.0276875
1919	185.7924375
1924	186.102375
1926	186.2195
1935	187.156375
1939	187.3975
1944	187.9211875
1947	188.114125
1949	188.2036875
1963	190.1534375
1967	190.3945625
1975	191.1799375
1981	193.2608125
1983	193.474375
1989	194.0806875
1992	194.2805
2000	195.748
2002	195.878875
2008	196.2921875
2013	196.7193125
2016	196.8846875
2020	197.105125
2026	197.546
2032	199.027375
2036	199.1995625
2038	199.28225
2044	199.854125
2048	200.2399375
2051	200.4190625
2055	200.922
2066	202.6788125
2070	202.8028125
2076	203.436625
2079	203.602
2085	204.201375
2089	204.4838125
2093	204.7594375
2098	205.227875
2106	205.965
2111	206.41275
2114	206.5711875
2118	206.771
2124	208.0043125
2128	208.1903125
2131	208.390125
2135	208.686375
2139	208.8585625
2147	209.5819375
2151	209.9608125
2154	210.18125
