141	0.164625
145	0.3230625
154	1.108375
158	1.4115
164	2.004
167	2.23825
171	2.3484375
176	2.9134375
179	3.065
181	3.1545625
189	3.871125
195	5.2629375
200	5.52475
202	5.6211875
208	6.0896875
215	6.73725
219	7.10925
226	7.8533125
230	8.0461875
232	8.1633125
238	8.638625
243	9.22425
246	9.4378125
251	9.8374375
254	10.057875
258	10.175
264	12.269625
267	12.5520625
272	13.1651875
275	13.37875
277	13.50275
284	14.8875625
288	15.273375
291	15.4525
300	17.1129375
305	17.71925
312	19.800125
314	19.924125
320	20.4133125
325	20.7715625
328	20.9438125
332	21.10225
339	21.79125
345	22.3216875
349	22.5628125
353	22.852125
356	23.09325
361	23.52725
364	23.727
371	25.81475
373	26.03525
377	26.56575
380	26.738
387	28.1435625
389	28.2675625
394	28.8738125
397	29.0460625
403	30.403375
407	30.5618125
409	30.6926875
415	31.2025
418	31.3954375
422	31.5125625
428	32.02925
434	33.3383125
438	33.489875
448	34.144375
452	34.4475
461	35.3155
467	35.8735625
471	36.087125
479	36.7003125
512	40.0835
516	40.2695
522	40.841375
530	41.6268125
534	41.9230625
538	42.0745625
546	42.7635625
549	42.915125
551	43.03225
557	43.5420625
566	45.0923125
568	45.2231875
578	46.7320625
580	46.8560625
585	47.421
588	47.6965625
596	49.2123125
600	49.3845
602	49.4740625
608	50.0803125
611	50.2594375
618	51.1344375
622	51.3755625
633	53.9249375
637	54.145375
644	54.7791875
649	55.1443125
651	55.233875
656	55.860875
661	56.2466875
670	57.6315625
674	57.79
681	58.4306875
688	60.5115625
692	60.732
696	60.96625
701	61.4003125
703	61.489875
709	62.103
714	62.4060625
716	62.495625
722	63.89425
726	64.1285
730	64.3420625
737	64.9620625
742	65.361625
744	65.47875
750	66.078125
753	66.2848125
755	66.374375
764	68.5999375
768	68.7514375
774	69.6678125
778	69.8400625
785	70.790875
789	70.97
793	71.087125
799	71.7691875
804	72.2859375
807	72.4513125
811	72.616625
816	73.1954375
821	73.54675
825	73.85675
828	74.10475
832	74.235625
866	77.6188125
870	77.770375
879	78.831375
882	79.0105
894	80.2160625
898	80.48475
906	81.883375
910	82.007375
919	82.779
931	84.6736875
935	84.82525
942	85.5761875
949	86.0515625
958	87.643125
962	87.82225
966	88.0978125
970	88.4146875
976	89.0623125
986	91.5496875
993	92.1490625
997	92.300625
1002	92.927625
1006	93.1274375
1010	93.2445625
1015	93.79575
1020	94.0850625
1029	95.5801875
1033	95.9315625
1040	98.012375
1045	98.3568125
1049	98.508375
1058	99.2455
1062	99.4590625
1066	99.63125
1071	100.0308125
1075	100.168625
1082	102.47
1086	102.6284375
1093	103.193375
1096	103.365625
1100	103.5378125
1105	104.109625
1111	104.5711875
1118	105.0948125
1120	105.184375
1125	105.7906875
1128	106.0180625
1137	106.81725
1141	106.996375
1143	107.1548125
1148	107.7610625
1151	107.9125625
1163	109.628125
1167	109.8348125
1171	109.972625
1177	110.5858125
1180	110.7580625
1184	110.9854375
1193	111.77775
1197	112.02575
1199	112.1153125
1205	112.811125
1211	113.2589375
1213	113.341625
1219	113.934125
1226	114.6643125
1229	114.9054375
1233	115.1671875
1265	118.488375
1269	118.6399375
1278	119.42525
1282	119.728375
1285	119.8868125
1290	120.32775
1295	120.7893125
1297	120.872
1304	121.51275
1309	122.057
1312	122.2568125
1322	123.7725625
1327	124.04125
1329	124.1308125
1334	124.9231875
1336	125.0403125
1343	126.0393125
1347	126.19775
1349	126.2873125
1354	126.804
1357	126.9624375
1361	127.10025
1368	127.7685625
1371	127.9408125
1375	128.1268125
1381	130.17325
1384	130.3730625
1392	131.1653125
1395	131.427125
1399	131.8129375
1401	131.9025
1411	133.4044375
1415	133.562875
1421	134.155375
1428	136.1741875
1431	136.3739375
1434	136.580625
1436	136.6701875
1443	137.4074375
1447	137.8139375
1452	139.74325
1454	139.96375
1461	140.5079375
1464	140.700875
1468	140.8248125
1476	141.410375
1485	142.995125
1487	143.119125
1492	143.6426875
1495	143.8218125
1501	144.4349375
1504	144.593375
1508	144.7380625
1516	146.1505
1520	146.3226875
1522	146.405375
1530	147.0185
1533	147.1631875
1535	147.2803125
1542	148.6651875
1546	148.7891875
1552	149.4368125
1558	150.2015625
1561	150.353125
1563	150.47025
1569	151.0903125
1604	154.680125
1609	154.866125
1614	155.3276875
1617	155.4999375
1621	155.6514375
1631	156.306
1636	156.5815625
1640	156.9673125
1649	157.732
1653	157.96625
1657	158.33825
1665	159.6885625
1669	160.01925
1675	160.5704375
1677	160.6944375
1683	161.9690625
1692	162.7338125
1698	164.0635625
1702	164.449375
1708	164.92475
1715	165.537875
1718	165.70325
1722	165.8616875
1728	168.0596875
1732	168.218125
1742	168.907125
1748	169.4720625
1752	169.7131875
1758	169.975
1763	171.1463125
1767	171.3185
1771	171.5526875
1778	172.17275
1782	172.4414375
1786	172.717
1790	173.0615
1797	173.63325
1804	175.714125
1808	175.95525
1816	177.4434375
1820	177.6156875
1826	178.180625
1834	180.3993125
1841	181.081375
1845	181.3706875
1848	181.6118125
1853	182.0458125
1856	182.2455625
1863	183.540875
1868	184.14025
1875	185.45625
1879	185.6285
1884	185.86275
1887	186.097
1891	186.26925
1897	186.7170625
1905	188.9288125
1909	189.08725
1918	189.8725625
1922	190.155
1933	191.712125
1937	191.905
1940	192.0771875
1944	192.407875
1947	192.559375
1952	192.9865
1959	194.2749375
1963	194.4265
1973	195.081
1979	195.3428125
1983	195.838875
1987	196.09375
1993	197.416625
1997	197.59575
2000	197.960875
2007	198.5809375
2011	198.8771875
2015	199.0149375
2020	199.552375
2023	199.7935
2031	202.019
2036	202.4805625
2044	204.010125
2046	204.134125
2052	205.5120625
2054	205.6291875
2063	206.442125
2073	208.068
2077	208.192
2082	208.77075
2086	209.1220625
2089	209.2805
2097	209.9900625
2107	210.658375
2112	210.9270625
2118	211.25775
2124	211.7125
2126	211.8020625
2131	212.346375
2138	212.94575
2141	213.1455625
2148	215.336625
2150	215.5501875
2160	216.61125
2163	216.866125
2170	217.69975
2172	217.816875
2179	218.740125
2183	218.9054375
2185	218.995
2191	219.6564375
2198	221.186
2202	221.3926875
2207	221.7991875
2211	222.1711875
2222	222.8945625
2229	223.53525
2231	223.6248125
2241	224.4998125
2245	224.7960625
2248	225.00275
2255	225.5539375
2258	225.7261875
2268	227.421
2272	227.600125
2276	227.7379375
2281	228.24775
2287	228.5164375
2290	228.7161875
2295	229.3086875
2303	229.8391875
