141	0.164625
145	0.288625
152	0.9499375
160	1.54925
164	1.866125
166	1.9488125
174	2.623875
186	3.6021875
190	3.7881875
192	3.87775
200	4.80775
210	6.5095
214	6.86775
221	7.4601875
229	8.1285
231	8.245625
237	9.540875
246	10.29875
250	10.4434375
255	11.0014375
261	11.2976875
266	11.862625
268	12.0210625
275	14.01925
278	14.30175
282	14.5153125
286	14.9424375
293	15.617625
297	15.927625
299	16.037875
305	16.609625
317	18.235625
322	18.8488125
329	20.9296875
332	21.2121875
336	21.5015
343	22.1421875
347	22.376375
351	22.4935
358	23.299625
361	23.533875
369	25.821375
371	25.945375
377	26.4345
385	27.16475
388	27.3094375
390	27.399
397	28.03975
404	28.7425
412	29.341875
416	29.4934375
421	29.9756875
424	30.134125
426	30.2236875
434	30.947
440	32.37325
444	32.552375
448	32.6625625
455	33.3376875
458	33.5099375
464	34.1713125
471	34.8465
477	35.45275
480	35.6111875
485	36.024625
519	39.4285
523	39.6351875
529	40.4275
532	40.6273125
537	41.16475
540	41.3300625
549	42.0603125
553	42.329
557	42.4736875
563	43.15575
571	45.3054375
573	45.4156875
581	46.008125
590	46.80725
598	47.55125
607	48.1574375
611	48.433
618	49.1425625
621	49.3216875
628	50.7685625
632	50.9751875
644	52.0705625
651	52.780125
654	52.952375
660	54.3510625
664	54.52325
668	54.640375
679	55.6323125
686	56.3694375
689	56.521
697	58.09875
701	58.2503125
710	58.9116875
715	59.2079375
724	59.896875
728	60.2275625
736	60.9784375
740	61.2126875
749	62.025625
758	64.395875
760	64.6094375
765	65.077875
770	65.6428125
774	65.8356875
776	65.9528125
787	67.10325
791	67.5165625
796	67.8679375
806	68.84625
809	69.1286875
817	70.56175
821	70.9200625
828	72.2360625
832	72.4771875
837	72.9663125
841	73.365875
844	73.53125
849	73.8275
858	74.6749375
866	75.6050625
871	75.8461875
873	75.93575
911	79.8219375
915	80.0493125
927	81.213625
932	81.70275
936	81.9714375
944	83.3425
946	83.473375
952	84.01075
960	85.5885
963	85.8089375
969	86.305
974	86.72525
980	87.993
984	88.1514375
986	88.241
996	89.088375
999	89.2675
1003	89.729125
1017	92.374875
1029	93.807875
1032	94.0696875
1036	94.524375
1052	96.4741875
1056	96.742875
1067	97.74875
1073	98.3068125
1080	100.325625
1083	100.5185
1086	100.7458125
1090	101.0283125
1103	102.061625
1107	102.2751875
1110	102.578375
1114	103.0124375
1121	105.2035
1123	105.424
1135	106.347125
1143	106.98775
1147	107.1255
1151	107.5526875
1162	108.51025
1171	110.0948125
1175	110.34975
1179	110.625375
1185	110.9905
1189	111.321125
1193	111.7206875
1202	112.8229375
1206	113.02275
1210	113.2776875
1216	113.76
1220	114.090625
1224	114.45575
1226	114.5521875
1261	118.16275
1265	118.3005
1276	119.1960625
1281	119.692125
1285	119.9676875
1292	120.67725
1304	123.1163125
1307	123.2885625
1318	124.1084375
1321	124.2738125
1328	124.96275
1331	125.2245
1335	125.6103125
1337	125.693
1344	126.51975
1351	127.1053125
1355	127.318875
1359	127.7115625
1361	127.801125
1367	128.3729375
1373	129.6131875
1377	129.7371875
1393	131.390625
1400	133.4439375
1403	133.6436875
1406	133.850375
1409	134.0225625
1415	134.53925
1420	134.780375
1422	134.8768125
1429	136.9508125
1438	138.1564375
1450	139.5963125
1454	139.761625
1457	139.913125
1465	140.65025
1472	141.2978125
1475	141.49075
1479	141.6285625
1484	142.2141875
1488	142.5035
1496	143.2338125
1500	143.3578125
1505	143.92275
1510	145.0940625
1514	145.2180625
1521	145.879375
1529	146.4786875
1533	146.7955625
1536	146.94025
1539	147.1606875
1546	147.7463125
1549	148.0425625
1585	151.67375
1589	151.8321875
1600	152.927625
1606	153.4925625
1610	153.768125
1613	153.94725
1619	154.4915
1624	154.97375
1627	155.1804375
1632	155.7109375
1635	155.8763125
1639	156.1380625
1650	158.894125
1653	159.0939375
1662	159.94125
1667	160.56825
1670	160.8300625
1674	161.215875
1676	161.2985625
1686	162.2010625
1692	163.4413125
1696	163.592875
1702	164.1923125
1709	166.211125
1712	166.410875
1716	166.7829375
1718	166.9069375
1726	167.657875
1730	167.837
1732	167.9265625
1739	169.8351875
1743	169.9591875
1754	171.006375
1757	171.178625
1761	171.3990625
1766	171.8261875
1769	172.032875
1774	172.4738125
1783	173.9826875
1787	174.1135625
1793	174.7749375
1796	174.933375
1798	175.0229375
1810	175.9736875
1818	177.34475
1822	177.523875
1826	177.6340625
1832	178.267875
1835	178.4263125
1837	178.52275
1845	179.197875
1851	179.7076875
1854	179.9419375
1858	180.1348125
1865	181.6161875
1869	181.9330625
1872	182.0984375
1875	182.2844375
1879	182.5875625
1883	182.73225
1890	183.4004375
1899	184.9575625
1903	185.1435625
1906	185.343375
1910	185.5983125
1919	186.542125
1923	186.72125
1928	187.2861875
1932	187.6513125
1937	187.858
1943	188.1266875
1946	188.3265
1953	190.407375
1957	190.655375
1964	191.185875
1968	191.433875
1979	192.4053125
1989	193.1285625
1992	193.287
1996	193.5419375
2007	195.4366875
2013	195.6985
2017	195.8500625
2023	196.545875
2026	196.71125
2030	196.8696875
2035	197.42775
2041	197.9236875
2049	198.48175
2053	198.674625
2055	198.79175
2059	199.232625
2064	199.69425
2068	199.9629375
2070	200.0731875
2074	200.4245625
2077	200.6725625
2079	200.7483125
2086	201.3201875
2090	201.5061875
2096	201.9609375
2098	202.0918125
2102	202.5258125
2105	202.6980625
2111	203.3525625
2120	204.930375
2124	205.0888125
2130	205.6813125
2137	206.928375
2141	207.12125
2145	207.3348125
2149	207.624125
2160	208.6919375
2165	209.1673125
2173	209.9389375
2177	210.1525
2181	210.4005
2190	212.7363125
2194	212.8603125
2201	213.521625
2209	214.1209375
2213	214.4378125
2216	214.5755625
2221	215.147375
2229	215.4849375
2235	215.8845
2245	216.7595
2252	217.386375
2255	217.5793125
2261	217.8824375
2266	218.3715625
2273	219.0811875
2275	219.17075
