141	0.164625
145	0.288625
151	1.012
155	1.3978125
162	2.0868125
167	2.321
169	2.4105625
182	3.788375
186	3.974375
188	4.1328125
197	4.7804375
208	7.164375
216	7.894625
218	8.01175
225	8.7695625
228	8.9349375
237	10.5128125
241	10.6368125
257	12.2833125
264	14.3435
270	14.7913125
276	15.32175
280	15.673125
282	15.7626875
290	17.2784375
294	17.4575625
300	17.905375
307	18.50475
311	18.856125
313	19.0145625
322	21.2125
326	21.3365
336	22.431875
340	22.6385
350	23.727
354	23.906125
358	24.0300625
365	24.7053125
369	25.091125
372	25.277125
376	25.414875
381	25.9660625
388	27.33025
392	27.5438125
401	28.29475
404	28.4531875
407	28.6185
411	28.9491875
413	29.03875
423	29.6794375
433	30.5474375
439	31.002125
444	31.298375
447	31.5256875
457	32.545375
460	32.7038125
464	32.8691875
499	36.424625
503	36.548625
510	37.2305625
519	37.8850625
523	38.1468125
536	40.785625
538	40.9440625
544	41.564125
547	41.7295
551	41.9499375
561	42.8455625
567	44.1546875
569	44.2786875
575	44.795375
581	45.422375
589	46.0285625
592	46.1800625
594	46.269625
600	47.6200625
604	47.79225
606	47.9025
611	48.4605625
614	48.6328125
618	49.1289375
623	49.3906875
627	49.7351875
634	50.348375
642	50.706625
646	50.8719375
652	51.312875
659	52.876875
663	53.0284375
678	54.4684375
686	55.1090625
690	55.2399375
698	56.0321875
702	56.232
706	56.349125
714	57.1689375
718	57.437625
725	59.0084375
729	59.2013125
732	59.3873125
736	59.662875
747	60.60675
750	60.779
752	60.9374375
759	61.578125
766	62.2533125
773	62.900875
776	63.073125
783	65.2641875
786	65.5121875
790	65.9324375
794	66.19425
796	66.2838125
800	66.779875
807	67.303375
817	68.21275
822	68.4814375
824	68.577875
829	68.943
839	70.3140625
843	70.4725
850	71.1131875
883	74.3929375
888	74.764875
892	74.882
903	76.0324375
906	76.19775
916	77.76175
920	77.9684375
927	78.6160625
931	78.8985
937	80.2145
944	81.6545
946	81.771625
955	83.4735
957	83.5975
967	84.45175
977	86.2981875
981	86.456625
983	86.6013125
987	87.1525
990	87.317875
994	87.4280625
1000	87.9999375
1005	88.537375
1009	88.7440625
1014	89.2056875
1018	89.5570625
1023	89.908375
1034	90.8385
1037	90.9969375
1041	91.1278125
1048	91.7134375
1053	91.94075
1055	92.0234375
1064	93.7253125
1068	93.932
1072	94.049125
1086	95.392625
1089	95.564875
1093	95.8198125
1099	96.308875
1107	97.0115
1111	97.30775
1115	97.4661875
1124	98.3205
1129	98.809625
1132	98.975
1136	99.2091875
1173	102.7920625
1177	102.9505
1189	103.95625
1194	104.48675
1198	104.7554375
1202	104.89325
1214	106.1678125
1217	106.36075
1221	106.471
1228	108.7930625
1230	108.9033125
1237	109.550875
1246	110.39825
1252	110.6945
1258	111.32825
1260	111.4246875
1271	113.2918125
1277	113.739625
1279	113.8980625
1286	115.3035
1290	115.5170625
1298	116.2059375
1301	116.4195
1305	116.894875
1313	117.611375
1316	117.783625
1318	117.90075
1325	119.9884375
1329	120.208875
1336	120.863375
1347	121.8691875
1349	122.027625
1356	122.620125
1361	122.8888125
1363	123.0059375
1374	123.9428125
1386	125.8856875
1391	126.450625
1398	127.6495
1402	127.8630625
1407	128.1661875
1417	129.0205
1421	129.1445
1430	129.881625
1433	130.115875
1471	133.9536875
1475	134.1328125
1480	134.5461875
1484	134.82175
1489	135.242
1493	135.4555625
1496	135.6415625
1500	135.917125
1508	137.4466875
1510	137.5706875
1515	138.0805
1525	139.6169375
1528	139.871875
1539	140.850125
1542	141.0155
1546	141.167
1552	142.669
1556	142.8343125
1558	142.9514375
1563	143.5025625
1566	143.6816875
1576	144.42575
1581	144.7013125
1585	144.8804375
1594	145.7966875
1600	146.13425
1604	146.533875
1613	148.979875
1617	149.1314375
1626	150.151125
1633	150.7504375
1637	151.0466875
1642	151.301625
1644	151.3911875
1649	152.0181875
1652	152.286875
1656	152.6726875
1658	152.769125
1665	153.5200625
1670	153.795625
1674	154.2020625
1680	155.4215625
1683	155.5661875
1686	155.772875
1688	155.8555625
1692	156.351625
1695	156.523875
1704	158.0809375
1708	158.2600625
1714	158.6871875
1721	159.190125
1725	159.5415
1727	159.65175
1733	160.1821875
1738	160.45775
1746	161.1398125
1751	161.587625
1760	162.3040625
1767	162.8896875
1771	163.110125
1781	164.0195
1787	166.1693125
1789	166.3553125
1794	166.816875
1798	167.3818125
1803	167.6780625
1806	168.0225625
1810	168.580625
1813	168.8079375
1819	170.0825625
1823	170.2065625
1839	171.853125
1845	173.1415625
1847	173.2518125
1856	174.388625
1858	174.512625
1864	175.373875
1867	175.615
1869	175.6976875
1877	178.040375
1879	178.150625
1890	179.080625
1896	179.6318125
1900	179.9831875
1913	181.06475
1916	181.2094375
1918	181.3265625
1924	182.621875
1928	182.7803125
1930	182.9456875
1939	183.7724375
1944	184.240875
1947	184.5164375
1951	184.895375
1953	184.9849375
1962	185.639375
1965	185.8184375
1968	186.038875
1972	186.211125
1979	186.73475
1982	186.900125
1986	187.0723125
1992	187.5063125
2000	189.8420625
2003	190.0900625
2007	190.5103125
2011	190.7996875
2015	190.9719375
2019	191.4955625
2022	191.6609375
2026	191.819375
2036	192.963
2040	193.266125
2044	193.4315
2050	194.0515
2058	195.4433125
2062	195.801625
2068	197.117625
2072	197.29675
2076	197.4414375
2085	198.3439375
2090	198.860625
2094	199.16375
2101	199.873375
2104	200.045625
2108	200.183375
2117	200.99625
2122	201.313125
2133	203.8280625
2138	204.227625
2142	204.3998125
2147	204.8614375
2150	205.0336875
2154	205.1714375
2163	205.9499375
2167	206.2530625
2170	206.4321875
2175	206.9351875
2179	207.093625
2186	207.796375
2191	208.154625
2193	208.264875
2200	210.449125
2204	210.6075625
2209	211.117375
2213	211.475625
2221	211.957875
2224	212.1300625
2231	212.701875
2235	212.99125
2241	214.376125
2244	214.74125
2248	215.065
2252	215.375
2256	215.740125
2264	216.174125
2267	216.325625
2274	216.8974375
2278	217.111
2282	217.235
2287	217.793
2290	217.96525
