141	0.164625
145	0.288625
151	0.93625
159	1.721625
162	1.887
166	2.114375
170	2.534625
174	2.8170625
179	3.2098125
182	3.3889375
186	3.643875
197	4.567
202	5.889875
207	6.1654375
209	6.255
219	7.2815625
221	7.4055625
228	8.356375
232	8.5148125
234	8.61125
242	9.3001875
245	9.5413125
249	9.6721875
257	11.86325
263	12.290375
270	13.006875
273	13.2825
280	14.0403125
285	14.32275
290	14.6465625
293	14.846375
302	15.638625
309	16.3344375
314	17.34725
319	17.946625
326	20.0275
328	20.2410625
336	21.1435625
339	21.41225
343	21.7911875
345	21.887625
354	23.561875
356	23.685875
364	24.4781875
367	24.684875
369	24.7744375
377	25.6494375
382	25.863
384	26.0214375
393	28.19875
396	28.3985625
402	28.674125
407	29.094375
411	29.266625
417	29.6593125
427	31.2990625
431	31.7055625
435	31.857125
440	32.3600625
443	32.5323125
447	32.6700625
456	34.2890625
460	34.544
464	34.709375
469	35.3225625
472	35.5155
476	35.6808125
509	38.95375
513	39.084625
521	39.8493125
524	40.0146875
528	40.1661875
536	40.9585
540	41.199625
548	42.59825
555	43.3698125
559	44.486
564	45.0165625
569	46.181
573	46.3531875
576	46.6976875
585	47.4555
590	47.9308125
598	50.301
600	50.5145625
605	51.0795
608	51.25175
612	51.78225
624	53.807875
626	53.918125
634	54.6966875
639	54.965375
646	55.619875
650	55.867875
659	56.536125
664	57.7694375
668	57.927875
671	58.1276875
681	59.08525
688	59.8705625
691	60.0635
693	60.1530625
700	60.9660625
707	61.6136875
713	61.95125
719	63.212125
723	63.4670625
730	64.004375
733	64.16975
737	64.3075
743	64.9758125
748	65.3891875
752	65.6923125
755	65.905875
761	66.3468125
769	66.9393125
776	69.040875
780	69.2613125
787	69.895125
797	70.91475
805	72.465
809	72.7336875
818	73.56725
825	75.648125
829	75.8685625
833	76.1648125
838	76.6401875
846	77.37725
878	80.353875
882	80.54675
888	81.0565625
893	81.332125
898	81.69725
901	81.9039375
908	82.4895
912	82.7375
914	82.8270625
921	85.2455625
923	85.4660625
927	86.01725
930	86.182625
934	86.320375
942	87.8429375
944	87.9738125
949	88.4285
952	88.593875
956	88.7178125
964	90.33
968	90.5021875
970	90.6124375
976	91.2945
979	91.459875
983	91.597625
991	92.2865625
994	92.5276875
998	92.6448125
1004	93.072
1011	93.643875
1015	93.7954375
1023	95.2974375
1027	95.455875
1033	96.062125
1036	96.234375
1040	96.3996875
1047	97.088625
1051	97.460625
1054	97.63975
1056	97.756875
1061	98.2115625
1064	98.3906875
1068	98.7903125
1074	99.520625
1079	99.782375
1083	100.1544375
1089	100.6021875
1094	100.988
1107	103.4476875
1109	103.66125
1117	104.384625
1120	104.6533125
1124	105.03225
1126	105.1286875
1139	106.87175
1145	107.6985
1153	109.717375
1156	109.9240625
1166	110.9160625
1169	111.18475
1173	111.5636875
1175	111.660125
1212	115.2775
1216	115.41525
1225	116.248875
1229	116.5244375
1240	118.0815
1244	118.2675
1247	118.4396875
1251	118.7635
1254	118.915
1257	119.142375
1266	119.9759375
1269	120.244625
1278	122.394375
1284	122.8215
1292	124.392375
1298	124.8264375
1307	125.784125
1316	127.4790625
1320	127.6513125
1326	128.099125
1333	128.87075
1341	129.55275
1347	129.7731875
1352	130.11075
1354	130.2003125
1360	130.744625
1367	131.4335625
1379	132.5495625
1383	132.8733125
1387	133.87925
1391	134.0308125
1400	134.8575625
1403	135.0229375
1407	135.1675625
1411	135.615375
1417	135.897875
1420	136.1528125
1433	138.2059375
1437	138.3850625
1441	138.5296875
1447	139.1910625
1450	139.3701875
1456	139.8593125
1463	140.6723125
1468	141.0925625
1474	141.36125
1477	141.540375
1487	142.367
1490	142.53925
1494	142.677
1505	143.758625
1508	143.958375
1512	144.344125
1545	147.816875
1549	147.9753125
1560	149.1878125
1564	149.5185
1568	149.9180625
1572	150.06275
1579	151.4889375
1583	151.6818125
1588	152.0951875
1592	152.2191875
1606	153.824375
1612	154.36175
1615	154.5201875
1619	154.6373125
1624	155.2021875
1633	155.8015625
1638	156.159875
1642	157.9375625
1644	158.1235625
1651	158.7505
1654	158.98475
1666	161.072375
1668	161.23775
1677	162.0230625
1680	162.2021875
1693	164.0210625
1697	164.19325
1699	164.2759375
1707	165.0613125
1712	165.3645
1723	166.1566875
1728	166.5286875
1733	166.80425
1737	167.169375
1743	167.817
1750	169.091625
1755	169.4911875
1759	169.6289375
1765	170.269625
1768	170.441875
1772	170.6003125
1779	171.2271875
1783	171.5785
1786	171.7506875
1792	172.253625
1797	172.501625
1808	174.8993125
1815	175.5538125
1822	176.945625
1826	177.3245625
1834	178.5303125
1838	178.7025
1842	178.96425
1851	179.784125
1856	180.0665625
1861	180.452375
1866	180.8795
1869	181.1068125
1880	183.4356875
1883	183.642375
1887	183.9179375
1889	184.0075
1897	184.7998125
1903	185.2751875
1915	186.8598125
1919	187.0526875
1922	187.2318125
1930	187.9551875
1933	188.2445
1939	190.39425
1942	190.6285
1947	190.9523125
1949	191.04875
1959	191.813375
1966	192.34375
1973	193.728625
1976	193.90775
1983	194.5484375
1985	194.644875
1991	196.0573125
1994	196.2433125
1999	196.6980625
2003	196.8703125
2009	197.2699375
2014	197.848625
2017	198.0415625
2021	198.2
2027	199.509125
2031	199.7158125
2034	199.943125
2040	200.40475
2042	200.4943125
2051	201.3279375
2054	201.534625
2058	201.8033125
2066	202.5128125
2069	202.7815
2078	204.93125
2083	205.3584375
2087	205.49625
2096	206.24725
2100	206.3919375
2106	206.826
2112	207.363375
2116	207.597625
2124	208.2383125
2131	209.7265
2134	210.0089375
2137	210.1880625
2143	210.6358125
2153	211.3454375
2158	211.6899375
2162	213.467625
2167	213.8671875
2171	214.08075
2177	214.5974375
2180	214.7628125
2184	214.935
2191	215.4930625
2195	215.8030625
2198	215.9959375
2204	216.3679375
2206	216.4850625
2211	216.932875
2214	217.112
2219	217.5805
2222	217.7251875
2224	217.81475
2229	218.40725
2234	218.6690625
2240	218.9653125
2248	219.5921875
2252	221.638625
2254	221.7970625
2264	222.9889375
2266	223.1129375
2274	224.1464375
2276	224.2635625
2285	225.4004375
2289	225.572625
2292	225.7448125
2304	226.723125
2310	228.09425
2314	228.2458125
2319	228.7625625
2323	229.1208125
2328	229.4928125
2331	229.6581875
2337	230.8570625
2341	231.0293125
2345	231.167125
2350	231.7803125
2354	232.0834375
2362	232.5588125
2365	232.8550625
