141	0.164625
145	0.3230625
151	1.0395625
155	1.4115625
163	1.9558125
167	2.293375
172	2.83075
178	3.4095
181	3.616125
183	3.726375
192	5.304125
197	5.5659375
199	5.662375
207	6.44775
210	6.62
215	7.04025
221	7.7360625
225	7.9289375
227	8.0185
235	8.886625
238	9.0933125
240	9.2104375
249	10.037125
254	10.333375
259	10.788125
263	11.208375
270	11.89725
276	12.200375
286	14.667
290	14.859875
301	15.76925
304	15.9276875
306	16.024125
313	16.6235
316	16.864625
320	17.2918125
334	19.1519375
340	19.985625
347	22.0665
350	22.259375
353	22.4866875
357	22.6589375
368	23.396125
376	24.0023125
378	24.09875
389	25.0906875
393	25.2835625
395	25.373125
404	27.6951875
414	28.4185
418	28.5838125
423	29.141875
429	29.4794375
433	29.872125
437	30.2304375
442	30.5749375
450	31.2844375
453	31.4498125
457	31.773625
462	32.23525
466	32.5659375
475	33.372
510	36.6173125
514	36.7550625
522	37.43025
526	37.6989375
531	38.201875
534	38.4223125
541	39.090625
544	39.262875
548	39.4833125
554	39.9173125
561	42.0395
563	42.1635
568	42.7421875
577	44.11325
579	44.244125
590	45.422125
596	46.7450625
600	46.9035
602	46.9930625
610	47.8059375
613	47.9713125
617	48.12975
625	49.039125
630	49.3904375
641	50.3549375
645	50.637375
655	52.4080625
659	52.5940625
671	53.7583125
675	54.0545625
678	54.213
682	54.4334375
687	54.895
690	55.060375
694	55.2325625
700	55.694125
711	57.5060625
717	57.781625
719	57.8643125
728	58.6635
731	58.8633125
739	59.6830625
745	59.9793125
750	60.378875
752	60.4684375
756	60.971375
767	63.3139375
772	63.768625
776	63.9270625
785	65.4566875
790	66.0216875
798	68.0405625
807	69.177375
811	69.328875
850	73.056375
854	73.2079375
864	74.2
867	74.37225
871	74.51
882	75.58475
886	75.887875
890	76.1635
895	76.6250625
905	77.5551875
910	77.823875
920	79.9529375
922	80.0769375
928	80.669375
936	81.51675
939	81.757875
943	81.9025625
949	83.253
951	83.36325
962	84.4793125
970	85.3541875
973	85.547125
977	85.678
985	87.111125
989	87.2833125
991	87.44175
999	87.917125
1007	88.6818125
1010	88.8540625
1020	89.9149375
1026	91.3135625
1030	91.472
1034	91.8646875
1038	92.1746875
1040	92.26425
1048	93.0909375
1051	93.2631875
1059	94.124375
1063	94.31725
1065	94.4068125
1074	95.1990625
1077	95.3644375
1084	96.949125
1088	97.1213125
1092	97.321125
1101	97.90675
1107	98.506125
1112	98.864375
1115	99.0710625
1120	99.49825
1123	99.753125
1158	103.2465625
1162	103.39125
1174	104.4453125
1179	104.9758125
1182	105.1480625
1186	105.2995625
1192	106.0023125
1196	106.2916875
1198	106.4019375
1209	107.4215
1214	107.759
1218	108.0139375
1222	108.3790625
1233	109.26775
1238	109.5295625
1243	109.9085
1248	110.397625
1254	110.9211875
1259	111.2931875
1268	113.6083125
1278	114.5796875
1282	114.91725
1290	115.5028125
1292	115.5785625
1303	116.4535
1306	116.632625
1315	117.376625
1318	117.5695625
1322	117.8245
1328	118.2378125
1332	118.575375
1335	118.74075
1339	118.89225
1345	120.222
1349	120.4906875
1358	121.32425
1365	123.405125
1368	123.6186875
1375	124.2731875
1383	124.8380625
1385	124.92075
1394	125.6784375
1397	125.871375
1401	126.1469375
1405	126.463875
1414	128.834125
1418	128.958125
1427	129.8055
1430	129.970875
1434	130.1430625
1441	130.7424375
1446	132.0653125
1449	132.272
1454	132.623375
1461	134.0840625
1463	134.2011875
1468	134.779875
1471	134.959
1485	136.1715
1488	136.40575
1524	140.009375
1528	140.1609375
1537	141.20125
1540	141.366625
1544	141.518125
1549	142.0899375
1555	142.5515
1560	142.806375
1568	144.2876875
1572	144.6528125
1579	145.238375
1581	145.36925
1587	146.643875
1591	147.009
1598	147.580875
1601	147.753125
1605	147.890875
1613	149.454875
1617	149.6684375
1621	150.0404375
1628	150.57775
1633	151.053125
1639	151.507875
1644	151.811
1648	152.052125
1652	152.4241875
1656	152.6584375
1661	152.9684375
1665	153.2095625
1670	155.2146875
1675	155.545375
1678	155.717625
1682	155.855375
1691	156.5925625
1694	156.7648125
1698	156.930125
1704	158.2805
1708	158.6869375
1712	158.8385
1717	159.362125
1727	160.9399375
1731	161.2844375
1738	163.3653125
1741	163.6478125
1745	163.861375
1749	164.2885
1754	164.7431875
1757	165.011875
1762	165.370125
1771	167.0030625
1774	167.2235
1778	167.51975
1783	167.9950625
1788	168.456625
1794	169.0629375
1796	169.1800625
1801	169.5934375
1806	170.068875
1811	170.3444375
1814	170.558
1818	170.91625
1822	171.3089375
1827	171.69475
1832	173.444875
1836	173.568875
1841	174.133875
1844	174.29925
1848	174.5334375
1857	175.3325625
1862	175.608125
1870	176.2005625
1874	176.34525
1878	176.68975
1882	177.03425
1886	177.1789375
1895	178.0676875
1900	179.28725
1908	179.996875
1912	180.22425
1919	180.75475
1924	181.0303125
1933	182.6494375
1937	182.8285625
1941	182.9594375
1952	184.1856875
1957	184.419875
1965	186.679875
1969	186.859
1976	187.3413125
1979	187.5066875
1983	187.6444375
1990	189.1601875
1994	189.3668125
2003	190.21425
2009	191.606
2013	191.7781875
2017	191.9435625
2026	192.66
2029	192.825375
2033	192.9838125
2041	193.88625
2045	194.203125
2048	194.3478125
2051	194.5820625
2061	195.34675
2066	195.767
2070	196.132125
2079	196.951875
2086	197.52375
2090	197.7441875
2098	199.7974375
2102	200.017875
2109	200.672375
2119	201.450875
2121	201.5404375
2126	202.1674375
2129	202.3396875
2138	202.9941875
2141	203.33175
2149	204.0344375
2152	204.2341875
2155	204.440875
2160	204.7095625
2167	206.1081875
2171	206.376875
2180	207.2104375
2186	209.29125
2188	209.51175
2197	210.214375
2199	210.3315
2205	211.606125
2207	211.730125
2212	212.357125
2215	212.53625
2222	213.955625
2226	214.1140625
2228	214.2449375
2233	214.7754375
2236	214.995875
2240	215.1405625
2248	216.5943125
2253	216.8560625
2257	217.1385
2261	217.3106875
2267	217.7446875
