141	0.164625
145	0.3230625
158	1.7285
166	2.4588125
169	2.61725
173	2.748125
182	5.015
191	5.7521875
194	5.9381875
198	6.0553125
206	6.7580625
214	7.4951875
220	7.7914375
224	8.1428125
228	8.342625
235	9.0040625
238	9.1625
242	9.279625
248	10.58875
254	11.1468125
259	11.6221875
267	12.2491875
270	12.4283125
277	13.7029375
279	13.8338125
284	14.4194375
287	14.61925
294	15.40475
297	15.5976875
301	15.7148125
310	17.1616875
314	17.320125
316	17.4648125
323	18.06425
332	18.884125
340	19.511125
343	19.6626875
345	19.807375
355	20.668625
361	22.73575
365	22.942375
376	23.9275
379	24.16175
383	24.56825
387	24.7129375
395	26.1460625
399	26.2700625
409	27.0968125
416	29.157
420	29.281
425	29.7701875
430	31.8855625
435	32.285125
439	32.436625
445	32.953375
451	33.5114375
453	33.601
458	34.1728125
463	34.5034375
467	34.7651875
474	35.6194375
477	35.874375
482	36.1913125
486	36.3566875
491	36.8665
493	36.9560625
497	37.293625
530	40.711125
534	40.8695625
542	41.5860625
551	42.3989375
555	42.6951875
559	42.839875
566	45.099875
568	45.2583125
575	45.85075
580	46.147
587	46.794625
591	47.0495
600	48.5308125
602	48.6548125
609	49.302375
612	49.4608125
618	50.0395625
621	50.18425
623	50.2738125
630	50.935125
636	52.2993125
640	52.464625
642	52.58175
650	53.270625
654	53.67025
661	54.3178125
665	54.469375
673	55.8818125
677	56.033375
687	56.887625
690	57.059875
694	57.211375
702	57.8589375
710	58.6580625
714	58.906125
723	59.7604375
726	59.9326875
730	60.098
736	60.5458125
743	62.6749375
747	62.895375
754	63.5291875
759	64.039
762	64.2594375
764	64.3765625
771	65.0310625
778	66.250625
782	66.4021875
787	66.8499375
794	68.917
798	69.1374375
802	69.4336875
807	69.936625
812	70.30175
815	70.4670625
819	70.63925
826	71.2661875
830	71.5073125
864	74.8629375
868	74.9869375
877	75.9514375
881	76.227
885	76.6265625
889	76.826375
899	77.6669375
903	77.949375
907	78.1285
911	78.528125
914	78.700375
918	78.9896875
925	81.0774375
927	81.1876875
932	81.7319375
940	83.220125
942	83.344125
951	84.1845625
954	84.349875
956	84.4394375
964	85.941375
968	86.1135625
970	86.2375625
978	86.9334375
983	87.1745625
992	87.9875625
997	88.2906875
1004	88.7660625
1008	89.0691875
1010	89.1449375
1020	90.0749375
1031	91.8388125
1033	91.9628125
1041	92.7688125
1048	93.382
1051	93.55425
1062	94.54625
1066	94.8218125
1072	96.9165
1074	97.137
1080	97.5916875
1083	97.8328125
1087	98.21175
1089	98.3081875
1095	99.52775
1099	99.65175
1109	100.485375
1115	100.905625
1118	101.077875
1122	101.27075
1130	101.9045625
1140	104.2678125
1142	104.4883125
1152	105.4045625
1158	105.9763125
1170	107.16125
1173	107.402375
1175	107.4919375
1209	110.758
1213	110.9164375
1227	112.3218125
1230	112.5009375
1234	112.8729375
1241	113.5136875
1248	114.126875
1253	114.374875
1258	116.33175
1260	116.5453125
1266	117.1929375
1270	117.351375
1275	118.04725
1278	118.1988125
1280	118.288375
1288	119.811
1290	119.941875
1295	120.362125
1300	120.8375625
1303	121.0305
1312	122.911375
1316	123.0766875
1319	123.2281875
1326	123.965375
1331	124.489
1338	125.78425
1342	125.9358125
1347	126.493875
1354	127.0381875
1358	127.18975
1364	127.9406875
1367	128.1405
1373	128.8088125
1378	129.0775
1382	129.3255
1388	129.924875
1392	130.207375
1394	130.2900625
1403	131.0754375
1417	132.5014375
1420	132.6736875
1424	132.832125
1430	134.9474375
1434	135.1265625
1446	136.4561875
1449	136.6215625
1453	136.8144375
1457	137.1726875
1461	137.524
1464	137.6755
1467	137.8890625
1477	139.5219375
1481	139.7010625
1485	139.825
1491	140.36925
1494	140.5276875
1498	140.6655
1505	141.285625
1512	141.8849375
1514	141.9745
1549	145.392125
1553	145.57125
1566	146.7149375
1569	146.8803125
1573	147.0525
1579	147.583
1587	149.0091875
1589	149.1194375
1596	149.7325625
1599	149.9048125
1603	150.0563125
1610	151.337875
1616	151.9235
1620	152.088875
1629	152.894875
1634	153.142875
1641	153.8386875
1645	153.9626875
1655	155.3475
1660	155.602375
1663	155.95375
1667	156.2155625
1672	156.5255625
1674	156.615125
1679	157.1663125
1684	157.428125
1688	157.8415
1691	158.2066875
1702	160.7285
1706	160.955875
1713	161.5621875
1717	161.824
1719	161.9204375
1727	162.58175
1732	162.822875
1734	162.933125
1742	164.3455625
1744	164.4558125
1750	165.1034375
1755	165.3928125
1763	166.777625
1767	166.9360625
1769	167.1014375
1777	167.76975
1782	168.010875
1786	168.3553125
1790	168.7549375
1797	169.347375
1800	169.5678125
1804	169.6849375
1809	170.160375
1812	170.332625
1816	170.484125
1824	173.1575
1828	173.2815
1833	173.853375
1836	174.01875
1840	174.246125
1849	175.052125
1854	175.3415
1861	175.9546875
1868	176.6091875
1871	176.753875
1876	177.2016875
1880	177.4979375
1884	177.7735625
1889	178.22825
1893	178.6140625
1898	178.875875
1904	179.179
1907	179.3788125
1917	181.7489375
1921	181.907375
1929	182.63075
1932	182.803
1936	183.0579375
1940	183.44375
1948	184.0775
1952	184.37375
1957	184.6424375
1961	184.8146875
1966	185.33825
1969	185.5035625
1975	186.1098125
1978	186.385375
1985	187.67375
1989	187.8253125
1995	188.397125
2001	189.07225
2004	189.2720625
2012	189.892125
2016	190.1263125
2022	190.7325625
2030	192.1725625
2039	193.75025
2043	194.053375
2047	194.473625
2056	196.9471875
2060	197.167625
2067	197.8014375
2071	198.1665625
2083	199.344625
2086	199.516875
2088	199.6133125
2095	200.3160625
2103	200.881
2112	201.652625
2124	203.416375
2128	203.5679375
2141	204.6426875
2147	206.654625
2149	206.875125
2156	208.26
2158	208.384
2165	209.073
2170	210.333875
2174	210.4991875
2176	210.58875
2183	211.3121875
2186	211.505125
2196	212.3869375
2201	212.67625
2205	212.9518125
2210	213.4271875
2216	214.0885625
2221	214.5294375
2224	214.687875
2228	214.8876875
2234	216.121
2238	216.300125
2242	216.4103125
2252	217.25075
2258	217.671
2263	218.1188125
2269	218.601125
