141	0.164625
145	0.3575
153	1.1360625
162	1.797375
167	2.2658125
172	2.5964375
176	2.748
185	3.7125
193	6.11025
195	6.2205
203	6.875
214	8.321875
216	8.45275
223	9.13475
226	9.307
233	9.968375
241	11.31875
245	11.4840625
247	11.6011875
253	12.12475
256	12.297
265	13.0685
274	13.778125
283	14.6254375
285	14.715
291	16.2514375
297	16.630375
303	17.174625
306	17.3881875
319	19.4894375
325	19.93725
330	20.49525
335	20.922375
342	21.611375
346	21.8731875
356	23.0375625
360	23.3338125
371	24.449875
375	24.629
379	24.7529375
390	25.66925
393	25.8690625
401	26.5441875
407	26.998875
411	27.302
421	29.6515
424	29.9339375
429	30.4161875
432	30.6573125
436	31.0775625
441	31.3875625
448	32.731125
452	32.8826875
458	33.482125
465	35.5009375
469	35.735125
473	35.8866875
480	36.486
483	36.740875
487	36.8855625
521	40.3445625
525	40.503
537	41.4813125
541	41.756875
544	41.9290625
547	42.1495
556	42.9141875
560	43.176
569	44.7193125
571	44.8433125
578	45.4289375
581	45.6011875
585	45.7389375
589	46.111
597	47.6336875
599	47.7645625
607	48.6119375
614	49.4661875
617	49.6453125
623	50.0724375
632	51.5950625
634	51.7190625
641	52.414875
647	52.9040625
650	53.0763125
656	53.524125
664	55.7496875
667	55.96325
671	56.2319375
680	57.0449375
682	57.1345
688	57.7544375
692	57.9473125
694	58.036875
704	59.5319375
708	59.6628125
724	61.3023125
731	63.3625
734	63.5760625
741	64.209875
750	65.0296875
761	66.04925
764	66.23525
766	66.3455
774	67.0345
784	69.3840625
788	69.6045
798	70.534625
801	70.706875
805	70.9618125
809	71.34075
820	72.3051875
824	72.567
831	73.131875
839	73.517625
842	73.689875
844	73.7794375
878	77.114375
882	77.238375
888	77.762
899	78.8574375
904	79.1536875
914	81.5583125
916	81.6823125
925	82.4745625
933	83.9351875
936	84.135
946	85.2993125
956	86.99425
960	87.1595625
962	87.249125
971	88.1790625
978	88.812875
983	89.0746875
989	89.3640625
994	89.687875
1002	90.5008125
1007	90.8866875
1011	91.0245
1016	91.56875
1020	91.87875
1035	93.552875
1042	94.5863125
1046	94.74475
1048	94.861875
1059	95.82625
1062	95.9846875
1066	96.1225
1076	98.389375
1080	98.589125
1085	99.0506875
1092	99.774125
1096	99.89125
1103	101.386375
1107	101.5448125
1114	102.1855
1121	104.266375
1130	105.0379375
1133	105.2790625
1137	105.678625
1141	105.8301875
1146	106.3675625
1149	106.594875
1185	109.978
1189	110.164
1198	110.997625
1203	111.5211875
1207	111.803625
1211	111.941375
1225	113.801625
1227	113.925625
1237	114.683375
1243	116.04075
1245	116.151
1250	116.8675
1256	118.1628125
1260	118.328125
1263	118.527875
1268	118.9894375
1271	119.18925
1281	120.0090625
1286	120.3053125
1293	120.939125
1299	121.2766875
1306	123.3506875
1310	123.571125
1315	124.053375
1317	124.1429375
1324	124.7285625
1328	124.928375
1332	125.038625
1339	125.5898125
1346	126.2650625
1353	127.5948125
1357	127.746375
1367	128.3595625
1374	130.4404375
1379	130.722875
1382	130.9433125
1386	131.26025
1389	131.522
1399	132.5415
1405	133.0513125
1412	133.5541875
1417	133.836625
1429	136.2343125
1433	136.39275
1445	137.5225625
1448	137.736125
1454	139.121
1459	139.348375
1466	140.60925
1469	140.850375
1472	141.0295
1482	142.04225
1485	142.435
1490	142.972375
1497	143.3375
1500	143.5441875
1508	144.116
1511	144.357125
1545	147.719625
1549	147.843625
1558	148.5325625
1563	149.001
1568	149.32475
1572	149.4625625
1580	150.2273125
1583	150.50975
1589	151.8601875
1591	151.956625
1600	152.7695625
1610	154.3954375
1612	154.5056875
1618	155.056875
1621	155.236
1629	155.9180625
1638	157.5578125
1642	157.723125
1644	157.854
1652	158.7289375
1659	159.280125
1666	159.9070625
1670	160.0793125
1678	160.6855
1689	163.1728125
1692	163.48975
1699	164.1098125
1703	164.371625
1711	165.784
1715	165.9424375
1721	166.5349375
1727	167.782
1730	167.968
1738	168.5535
1741	168.7256875
1749	169.2768125
1753	169.428375
1760	170.062125
1764	170.2756875
1768	170.6821875
1772	170.826875
1779	171.5295625
1782	171.8189375
1789	172.4320625
1792	172.6180625
1798	174.0443125
1802	174.2371875
1805	174.395625
1810	174.829625
1815	175.29125
1822	175.876875
1826	176.0146875
1836	176.6623125
1842	177.1376875
1848	177.578625
1851	177.7715625
1855	177.8886875
1863	180.1073125
1866	180.314
1870	180.4861875
1880	182.2499375
1882	182.3739375
1890	183.1318125
1896	183.4349375
1903	184.013625
1912	184.8610625
1915	185.1159375
1919	185.4535
1925	186.7694375
1929	186.941625
1933	187.0863125
1941	187.857875
1946	188.1403125
1953	188.7534375
1956	188.960125
1962	189.5113125
1967	189.7524375
1970	189.959125
1975	190.4826875
1978	190.6549375
1982	190.813375
1992	191.619375
1998	193.9414375
2002	194.0654375
2008	194.6096875
2011	194.7819375
2019	195.5398125
2023	195.863625
2031	196.5594375
2038	197.985625
2044	198.53675
2047	198.7365625
2051	198.998375
2053	199.0948125
2059	200.5555
2069	201.4855
2072	201.6990625
2076	201.9539375
2078	202.112375
2086	203.4834375
2090	203.6625625
2094	203.800375
2099	204.2344375
2102	204.4135625
2114	205.6468125
2118	205.99125
2123	206.30125
2127	206.6939375
2131	206.9213125
2136	207.4861875
2143	209.6015
2145	209.8150625
2151	211.0415
2153	211.158625
2160	212.4470625
2164	212.6055
2166	212.736375
2171	213.2736875
2185	215.147625
2189	215.3543125
2198	216.13275
2205	216.7665625
2209	217.0834375
2216	218.41325
2220	218.592375
2224	218.72325
2229	219.24
2233	219.59825
2238	219.9703125
2241	220.1356875
