141	0.164625
145	0.3230625
150	0.832875
154	1.136
162	1.8731875
169	2.4174375
172	2.5551875
176	2.934125
180	3.2371875
186	4.6220625
190	4.7460625
195	5.297125
203	6.0480625
207	6.31675
210	6.46825
212	6.5578125
219	7.2605
224	7.5291875
230	7.9838125
237	10.3609375
241	10.4849375
249	11.2220625
253	11.607875
260	12.1038125
265	12.32425
267	12.4138125
274	13.082125
279	13.3715
286	14.026
290	14.267125
296	14.8665
301	16.2169375
303	16.3409375
312	17.277875
315	17.44325
319	17.6016875
326	18.2630625
334	19.1104375
339	19.3998125
348	20.199
350	20.2954375
355	20.9155
362	21.61825
366	21.9765
376	24.4225
380	24.5809375
386	25.083875
391	25.511
395	25.9174375
400	26.296375
403	26.4616875
407	26.6339375
412	27.9568125
416	28.1290625
420	28.266875
426	28.6595625
433	29.2244375
436	29.3966875
440	29.5481875
446	30.9193125
448	31.0501875
453	31.553125
456	31.725375
467	32.827625
470	32.9860625
474	33.241
485	34.164125
490	35.493875
494	35.803875
500	36.355
503	36.547875
511	37.3470625
515	37.5399375
526	40.047875
529	40.24075
532	40.4474375
534	40.543875
540	41.1088125
543	41.30175
547	41.494625
553	41.914875
565	43.5476875
571	44.3883125
578	46.4760625
581	46.6689375
584	46.875625
586	47.0340625
595	47.7780625
604	49.4040625
608	49.783
610	49.913875
615	50.279
652	53.87575
656	54.12375
660	54.5164375
664	54.7989375
666	54.957375
676	55.784
679	55.97
683	56.1078125
697	57.547625
700	57.72675
709	58.53275
714	59.1253125
717	59.3733125
721	59.4904375
729	61.716
731	61.902
737	62.584125
740	62.7425625
742	62.832125
751	63.50725
760	65.016125
762	65.140125
769	65.8221875
772	66.015125
776	66.13225
785	67.7513125
789	67.90975
792	68.088875
797	68.6055625
800	68.757125
803	68.9569375
807	69.446125
814	70.2590625
819	70.55525
823	70.8308125
828	71.2924375
835	71.9125
842	72.6151875
848	72.9114375
855	75.1714375
860	75.5710625
864	75.722625
871	76.446
875	76.64575
879	76.776625
887	77.3346875
891	77.6998125
895	77.8306875
905	79.4154375
909	79.6428125
917	80.4350625
924	82.5159375
929	82.9224375
933	83.0878125
945	84.27275
948	84.438125
952	84.575875
957	85.2096875
967	87.5799375
975	89.054375
979	89.178375
984	89.8466875
988	90.1085
990	90.2049375
999	91.14875
1002	91.314125
1006	91.8721875
1016	92.8366875
1054	96.6400625
1058	96.7640625
1069	97.721625
1073	98.0040625
1079	98.5345625
1084	98.7825625
1088	98.9203125
1095	100.2363125
1097	100.3465625
1108	101.462625
1113	101.92425
1116	102.1998125
1123	102.661375
1125	102.7509375
1134	104.445875
1136	104.556125
1140	105.2313125
1143	105.42425
1147	105.6446875
1153	106.120125
1161	107.684125
1165	107.8563125
1167	107.9665625
1174	108.5245625
1177	108.7036875
1183	109.2548125
1191	109.957625
1198	110.5914375
1200	110.681
1212	113.3268125
1214	113.5473125
1219	114.2018125
1222	114.4705
1226	114.8839375
1232	115.42825
1235	115.6005
1246	117.1575
1251	117.756875
1258	119.844625
1261	120.065125
1270	120.80225
1275	122.917625
1279	123.041625
1284	123.6135
1287	123.778875
1291	123.9510625
1295	124.37825
1300	124.6331875
1305	125.0534375
1309	125.1774375
1317	125.9214375
1321	126.2176875
1325	126.362375
1330	126.93425
1337	127.595625
1343	127.891875
1349	128.3740625
1357	128.89075
1359	128.9871875
1364	129.4143125
1367	129.63475
1372	130.0205625
1405	133.2590625
1409	133.4175
1417	134.5405
1420	134.71275
1424	134.8505
1432	135.6773125
1436	135.939125
1438	136.07
1444	136.655625
1448	136.8485
1450	136.9931875
1456	138.9569375
1464	140.1075
1467	140.362375
1471	140.768875
1475	141.051375
1483	142.3949375
1487	142.5465
1499	143.841625
1508	144.6408125
1515	146.7285625
1519	146.9765625
1525	147.5621875
1528	147.83775
1533	148.12025
1536	148.3269375
1543	148.960875
1548	149.353625
1550	149.4431875
1555	149.9391875
1558	150.139
1564	150.7590625
1568	151.0001875
1575	151.6340625
1578	151.8200625
1581	152.02675
1583	152.143875
1594	154.583
1598	154.769
1607	155.678375
1613	156.284625
1616	156.456875
1625	157.09075
1627	157.1803125
1635	157.9795
1641	158.5789375
1645	158.8200625
1652	159.5365625
1658	160.0188125
1662	160.3495
1665	160.501
1668	160.728375
1676	162.23725
1680	162.354375
1686	162.898625
1689	163.0984375
1700	164.903625
1704	165.027625
1710	165.620125
1713	165.7855
1717	165.9439375
1724	167.2943125
1728	167.4665625
1732	167.6594375
1741	168.623875
1745	168.920125
1753	169.6435
1757	169.7675
1762	170.3393125
1794	173.4675625
1798	173.6398125
1809	174.6043125
1814	174.873
1823	175.5619375
1827	175.8030625
1835	178.0493125
1838	178.262875
1844	178.7658125
1848	178.8829375
1858	180.01975
1861	180.192
1865	180.3435
1871	180.86025
1875	181.0945
1880	181.556125
1884	181.7008125
1893	182.6170625
1901	184.0088125
1905	184.38775
1913	186.406625
1916	186.6201875
1922	187.295375
1926	187.433125
1931	187.901625
1934	188.0945625
1938	188.2943125
1947	189.079625
1951	189.32075
1956	189.796125
1960	189.91325
1965	190.4506875
1973	191.118875
1976	191.3806875
1987	193.812875
1991	193.936875
1997	194.3364375
2000	194.50175
2002	194.5844375
2008	195.2320625
2013	195.7694375
2016	196.0105625
2020	196.3068125
2032	197.1404375
2035	197.30575
2040	197.7811875
2044	197.93275
2049	198.5596875
2056	199.138375
2064	199.8480625
2069	200.295875
2075	202.445625
2079	202.6178125
2086	203.417
2090	203.6511875
2099	204.822375
2103	205.0015
2107	205.1116875
2117	206.241625
2120	206.4620625
2124	206.5791875
2131	207.233625
2135	207.5160625
2143	208.246375
2146	208.418625
2150	208.556375
2155	209.100625
2162	210.6095
2165	210.8161875
2171	211.2295625
2177	211.7049375
2181	211.9323125
2188	213.331
2193	213.7375
2197	213.8821875
2204	215.4255625
2208	215.625375
2213	215.9974375
2216	216.1765625
2225	217.0170625
2228	217.2030625
2233	217.712875
2235	217.7955625
2243	218.5259375
2249	220.7653125
2251	220.9858125
2256	221.399125
2259	221.633375
2263	222.0123125
2265	222.10875
2271	223.6108125
2279	225.08525
2283	225.2368125
2288	225.6570625
2291	225.8913125
2295	226.11175
2305	227.034875
2310	227.5378125
2315	227.971875
2320	228.2405625
2324	228.4128125
2330	229.03975
2333	229.212
2337	229.3841875
2342	229.8526875
2346	230.12825
2352	230.569125
2361	232.9049375
2365	233.0289375
2371	233.8074375
2374	233.9728125
2378	234.1243125
2383	234.744375
2387	234.9855
2395	236.3771875
2400	236.804375
2404	236.9559375
2410	238.31325
2415	238.80925
2418	239.1675
2424	240.4628125
2427	240.6833125
2433	240.945125
2437	241.206875
2441	241.3653125
2445	241.93025
2448	242.1025
2452	242.24025
2458	243.721625
2463	244.12125
2467	244.2728125
2475	245.0030625
2479	245.2441875
2482	245.4164375
2486	245.6093125
2494	246.3464375
2500	247.70375
2504	247.958625
2508	248.2618125
2512	248.399625
2521	249.315875
2524	249.5088125
2528	249.619
2535	250.280375
2543	250.969375
2549	251.44475
