141	0.164625
145	0.288625
153	0.908625
159	1.4253125
167	2.1555625
170	2.3966875
173	2.5758125
179	3.257875
184	3.629875
186	3.7883125
193	4.3670625
202	5.124875
205	5.297125
207	5.4625
212	5.8965625
219	6.530375
228	8.8109375
230	9.0245
233	9.251875
237	9.369
244	10.0648125
250	10.464375
258	11.09125
261	11.3116875
264	11.4908125
269	11.766375
278	13.2890625
281	13.488875
287	15.5421875
289	15.7281875
295	16.224125
300	16.692625
311	17.54
315	17.7604375
319	17.8844375
327	18.711125
330	18.883375
333	19.1658125
339	20.51625
343	20.9365625
349	22.3008125
353	22.4936875
357	22.8656875
360	23.0930625
364	23.444375
370	25.614875
376	25.8698125
380	26.1660625
383	26.5243125
389	27.0203125
392	27.21325
396	27.344125
406	28.226
413	29.71425
417	29.9623125
423	30.4376875
427	30.706375
430	30.8648125
434	30.9819375
445	33.50375
448	33.75175
450	33.8344375
461	35.1021875
469	36.4594375
473	36.714375
483	37.8786875
486	38.0509375
490	38.2438125
502	39.222125
506	39.5665625
511	39.8559375
518	41.42675
522	41.605875
527	41.8676875
531	42.150125
535	42.301625
571	45.898375
575	46.022375
584	47.0971875
588	47.489875
594	47.9239375
601	49.563625
606	49.983875
614	50.810625
617	50.982875
627	52.6019375
631	52.76725
633	52.884375
645	54.1864375
648	54.3518125
652	54.51025
660	55.2543125
665	55.7916875
670	56.0603125
677	56.7079375
683	57.0455
689	59.078125
691	59.2916875
699	60.0289375
702	60.2011875
706	60.6076875
716	62.3921875
718	62.5161875
723	63.0811875
726	63.3636875
732	64.652125
736	64.8105625
738	64.900125
743	65.430625
748	65.899125
751	66.0989375
759	67.6423125
763	67.80075
767	68.1796875
771	68.5035
775	68.6550625
780	69.0753125
783	69.226875
786	69.406
796	70.4325
799	70.60475
801	70.721875
811	71.6381875
816	73.7810625
820	73.9601875
830	74.8558125
838	76.158
842	76.3301875
846	76.5299375
858	77.776875
861	77.9973125
865	78.1144375
871	78.7965
876	79.023875
884	79.6095
887	79.8024375
920	83.1786875
924	83.4266875
936	84.4945
944	85.086875
948	85.3418125
954	86.003125
958	86.2029375
962	86.457875
969	87.174375
973	87.484375
979	87.932125
984	88.29725
991	88.9310625
996	89.158375
998	89.3168125
1003	89.6956875
1011	92.0315
1013	92.252
1018	92.748
1021	92.92025
1025	93.32675
1034	95.125
1036	95.23525
1043	95.9724375
1050	96.6338125
1054	96.7578125
1063	98.48025
1067	98.6386875
1069	98.735125
1076	99.479125
1079	99.6995625
1083	99.8166875
1090	100.4505
1097	101.1325625
1101	101.4495
1103	101.6079375
1115	103.454375
1119	103.6059375
1125	104.0675625
1135	104.9700625
1139	105.3145625
1143	105.6728125
1153	107.3056875
1157	107.4916875
1160	107.6915
1164	107.98775
1168	108.1599375
1174	108.8144375
1177	109.0073125
1181	109.28975
1185	109.6273125
1188	109.792625
1219	112.776125
1225	113.024125
1229	113.2859375
1231	113.3755
1245	114.836125
1248	115.0565625
1264	117.3231875
1271	118.0535
1277	118.44625
1281	118.69425
1289	119.459
1295	120.8163125
1299	121.016125
1306	121.6568125
1312	121.9530625
1320	122.745375
1324	122.93825
1335	123.9440625
1338	124.1231875
1347	124.9291875
1352	125.52175
1357	125.9144375
1359	126.0246875
1369	126.851375
1377	129.2078125
1381	129.4144375
1393	130.502875
1396	130.675125
1400	130.8955625
1407	132.3424375
1409	132.4733125
1417	133.2035
1420	133.368875
1426	134.0165
1435	135.59425
1439	135.7664375
1443	135.90425
1448	136.40025
1451	136.565625
1455	136.7378125
1461	137.2683125
1469	138.42575
1473	138.742625
1478	139.1766875
1482	139.2938125
1487	139.8519375
1494	141.140375
1496	141.250625
1504	141.9946875
1509	142.2771875
1516	142.8971875
1519	143.103875
1529	143.9580625
1536	144.57125
1539	144.798625
1549	145.701125
1580	148.8155625
1591	149.718
1600	150.9719375
1620	153.2041875
1624	153.3695
1626	153.4590625
1636	154.38225
1640	154.6785
1652	156.3113125
1658	156.7246875
1663	157.0209375
1667	157.1863125
1673	157.6341875
1680	158.2129375
1684	158.3506875
1691	159.0878125
1697	159.6803125
1702	161.78875
1706	161.91275
1712	162.5465625
1715	162.7188125
1719	162.891
1727	163.6488125
1731	163.9036875
1738	165.3574375
1742	165.5365625
1746	165.6811875
1751	166.1910625
1758	166.886875
1761	167.072875
1765	167.3484375
1771	167.76175
1778	169.036375
1786	169.57375
1795	172.0059375
1798	172.212625
1802	172.4881875
1804	172.570875
1815	173.7834375
1824	175.3749375
1828	175.5540625
1832	175.678
1840	176.4634375
1844	176.745875
1848	177.12475
1851	177.303875
1855	177.4071875
1866	179.143375
1870	179.563625
1874	179.935625
1879	180.4040625
1882	180.5694375
1886	180.73475
1891	181.182625
1895	181.478875
1900	181.788875
1906	182.3675625
1911	182.6086875
1923	185.509375
1927	185.6678125
1937	186.8596875
1941	187.0111875
1947	187.9413125
1951	188.0928125
1959	189.1331875
1963	189.3054375
1967	189.560375
1974	190.290625
1979	190.6350625
1983	190.958875
1986	191.1518125
1990	191.27575
1995	191.7855625
2003	192.3641875
2006	192.536375
2012	192.956625
2014	193.0530625
2022	193.9143125
2027	194.183
2038	195.299
2044	195.6296875
2048	196.022375
2056	196.8766875
2065	199.2055625
2070	199.556875
2074	199.680875
2079	200.238875
2087	200.8520625
2099	202.822375
2103	202.9808125
2108	203.5388125
2114	203.7868125
2119	204.158875
2122	204.296625
2127	204.7719375
2132	205.9915
2136	206.1430625
2148	207.1281875
2151	207.3004375
2155	207.4381875
2163	208.9953125
2166	209.2364375
2170	209.4018125
2178	210.1458125
2181	210.3180625
2185	210.4489375
2192	211.151625
2199	211.8268125
