141	0.164625
145	0.288625
153	1.032625
157	1.4184375
164	2.11425
169	2.3346875
171	2.42425
178	3.023625
183	3.2923125
190	3.7815
195	4.1673125
197	4.2844375
205	6.46175
209	6.8475625
217	8.349625
219	8.473625
225	9.0730625
228	9.2935
232	9.4450625
240	10.9470625
244	11.11925
246	11.2295
255	12.359375
258	12.531625
262	12.9105
268	14.3711875
272	14.626125
287	16.0866875
290	16.2589375
294	16.3966875
298	16.7480625
303	17.3405625
307	17.602375
310	17.8641875
316	18.51875
321	18.7874375
325	18.9596875
334	19.7795
344	22.0050625
346	22.218625
356	23.279625
362	23.5414375
367	24.058125
372	24.3888125
374	24.478375
380	25.0639375
389	26.5314375
392	26.7656875
399	28.8534375
401	29.067
411	30.04525
417	30.3070625
422	30.83075
425	31.01675
427	31.1131875
433	31.678125
466	34.916625
470	35.1233125
476	35.509125
479	35.6813125
483	35.8673125
490	36.4460625
494	36.71475
499	37.14875
507	37.8033125
512	38.078875
517	38.3544375
527	40.8003125
529	41.0208125
537	41.7924375
540	41.950875
544	42.212625
548	42.5984375
557	43.583625
563	44.934
565	45.058
570	45.547125
573	45.7469375
577	46.13275
584	47.5520625
588	47.72425
591	47.8964375
600	48.6405
608	49.460375
613	49.832375
617	49.9495
626	50.7763125
634	52.3334375
639	52.7399375
642	52.9053125
645	53.112
653	53.87675
657	54.15925
666	56.522625
674	57.6249375
678	57.7765
687	59.2026875
694	59.8434375
698	59.9605625
707	61.703625
711	61.9103125
716	62.296125
720	62.530375
725	63.012625
730	63.260625
740	64.7281875
745	65.3275625
778	68.61425
782	68.793375
790	69.45475
793	69.620125
797	69.771625
806	71.3700625
810	71.521625
821	72.513625
825	72.9200625
828	73.0923125
832	73.2300625
840	73.9051875
850	75.724125
854	75.90325
858	76.15125
863	76.7713125
869	77.3225
874	77.605
882	78.0734375
886	78.231875
890	78.6108125
901	80.167875
905	80.291875
914	81.0634375
919	81.600875
922	81.773125
926	81.910875
933	82.5929375
937	82.94425
939	83.0338125
948	83.839875
951	83.9914375
957	84.446125
961	84.8388125
969	87.105625
973	87.3743125
977	87.56725
989	88.531625
992	88.717625
996	88.8554375
1002	90.1645625
1006	90.5435
1009	90.7295
1013	90.8673125
1024	92.6861875
1028	92.954875
1037	93.7884375
1044	95.8693125
1058	97.2334375
1061	97.4676875
1063	97.55725
1071	98.3495625
1074	98.563125
1078	98.8386875
1112	102.16675
1116	102.3183125
1130	103.6548125
1133	103.8270625
1137	104.1921875
1145	105.2944375
1148	105.6320625
1156	106.169375
1160	106.4311875
1162	106.52075
1168	107.182125
1173	107.6850625
1176	107.8504375
1180	107.960625
1187	108.4635625
1190	108.6289375
1194	108.7804375
1201	111.0266875
1204	111.24025
1208	111.5158125
1213	112.053125
1220	113.3346875
1224	113.5620625
1232	114.3130625
1239	116.366375
1242	116.5799375
1249	117.2344375
1254	117.77175
1256	117.882
1265	118.763875
1270	119.2668125
1273	119.466625
1279	120.1073125
1284	120.3484375
1286	120.444875
1294	122.622125
1298	122.7805625
1307	123.7381875
1310	123.9173125
1320	124.868125
1328	125.48125
1332	125.6948125
1336	125.846375
1343	126.44575
1348	127.768625
1351	127.954625
1355	128.216375
1360	129.4014375
1362	129.5185625
1368	130.2075
1375	130.6621875
1380	130.896375
1382	130.9859375
1415	134.54825
1419	134.7066875
1425	135.2440625
1430	135.6780625
1435	136.160375
1438	136.3325625
1442	136.4703125
1447	137.0215
1457	138.681875
1461	138.943625
1464	139.18475
1468	139.3294375
1475	140.0459375
1480	142.154375
1484	142.3335
1489	142.760625
1492	142.946625
1496	143.236
1506	144.84825
1510	144.9998125
1516	145.544
1519	145.7438125
1526	146.5636875
1529	146.8048125
1533	146.9219375
1539	148.3275
1543	148.49975
1547	148.630625
1553	149.1886875
1558	149.6089375
1561	149.7811875
1565	150.036125
1570	150.601
1575	150.8971875
1579	151.0763125
1585	151.537875
1594	153.7496875
1597	153.9908125
1600	154.1768125
1609	155.0724375
1613	156.30575
1616	156.478
1621	156.726
1629	157.4563125
1633	157.5803125
1640	158.3105625
1646	158.896125
1651	160.1294375
1655	160.4808125
1661	161.76925
1665	161.9759375
1674	162.664875
1678	162.8164375
1683	163.408875
1688	163.8566875
1691	164.0220625
1695	164.2080625
1702	164.910875
1705	165.1381875
1709	165.4275625
1741	168.604
1745	168.796875
1753	169.5823125
1759	169.851
1769	171.5596875
1773	171.6836875
1782	172.510375
1787	172.9856875
1793	173.2681875
1799	174.5910625
1803	174.7633125
1807	174.8804375
1812	175.424625
1819	176.1135
1825	176.402875
1831	176.898875
1836	177.14
1838	177.2295625
1846	177.96675
1853	178.6488125
1858	178.86925
1862	179.0208125
1866	179.3859375
1871	179.5788125
1875	179.8268125
1882	180.3228125
1889	182.562125
1894	182.8721875
1898	183.154625
1902	183.340625
1909	183.9744375
1914	184.188
1920	184.491125
1924	184.814875
1927	185.056
1933	185.60025
1936	185.765625
1940	185.917125
1948	186.433875
1952	186.6336875
1956	186.778375
1960	187.1435
1965	187.336375
1971	187.6670625
1979	189.995875
1983	190.1543125
1994	190.8915
2002	191.5114375
2004	191.594125
2011	192.1935
2015	192.386375
2017	192.4690625
2025	193.20625
2028	193.4405
2032	193.6126875
2037	194.1018125
2040	194.2809375
2044	194.5220625
2052	196.0791875
2056	196.285875
2062	196.6648125
2065	196.8439375
2069	197.016125
2077	198.4699375
2081	198.6215
2090	199.6686875
2093	199.8409375
2097	200.095875
2105	201.646125
2109	201.82525
2113	201.9699375
2121	202.6313125
2124	202.8035625
2128	202.9413125
2136	203.706
2140	204.0435625
2144	204.367375
2147	204.505125
2151	204.939125
2158	205.6074375
2160	205.703875
2169	206.82
2172	206.999125
2176	207.371125
2182	209.6449375
2186	209.7689375
2195	210.5680625
2203	211.3535
2209	211.6153125
2217	213.296375
2221	213.4548125
2233	214.4468125
2239	214.708625
2242	214.9084375
2253	216.8926875
2257	217.0718125
2261	217.29225
2272	218.2635625
2281	219.042
2287	219.3038125
2290	219.5105
2299	220.1580625
2302	220.357875
2309	222.62475
2311	222.7831875
2317	223.5065625
2323	223.975
2329	225.263375
2332	225.5183125
2340	226.159
2348	226.9925625
2351	227.1648125
2355	227.330125
2361	228.7631875
2365	228.921625
2367	229.0111875
2377	230.1135
2380	230.3133125
2384	230.7404375
2391	231.326
2393	231.4155625
2399	231.9184375
2405	232.173375
2411	232.814125
2413	232.924375
2421	233.696
2425	233.937125
2433	234.5365
2441	236.079875
2445	236.27275
2453	236.8376875
2458	237.2716875
2464	237.540375
2469	237.91925
2473	238.0639375
2482	240.544375
2486	240.668375
2492	241.274625
2495	241.446875
2499	241.584625
2504	242.1288125
2511	242.824625
2517	243.107125
2520	243.3
2529	244.91225
2533	245.0845
2538	245.3531875
2542	245.621875
2546	245.7665625
2552	246.3728125
2555	246.5450625
2559	246.710375
2565	247.18575
2575	249.928
2579	250.052
2586	250.7685
2597	251.58825
2602	252.105
2606	252.3048125
2610	252.442625
2616	253.0833125
2622	254.4061875
2627	254.668
2631	254.9366875
2635	255.2191875
2640	255.6806875
2649	256.5831875
2654	256.9483125
2659	257.2445625
2664	257.6648125
