141	0.164625
145	0.3161875
158	1.71475
166	2.4450625
169	2.6930625
171	2.8101875
176	3.299375
181	3.7540625
187	4.201875
191	4.3671875
202	5.104375
210	5.7175
212	5.834625
221	6.79225
225	6.971375
227	7.0609375
235	9.3208125
237	9.47925
244	10.361125
247	10.554
251	10.6918125
261	12.2489375
263	12.4143125
273	13.2273125
276	13.38575
278	13.4753125
284	13.9781875
290	15.3493125
294	15.5215
297	15.6936875
303	16.3136875
306	16.4996875
310	16.65125
315	17.974125
319	18.167
326	18.8765625
329	19.0556875
334	19.338125
338	19.4896875
345	20.2130625
350	20.7021875
354	20.97775
361	21.6805
366	21.9491875
370	22.2591875
381	23.2443125
385	23.6025625
395	25.4421875
399	25.6213125
403	25.77975
412	26.6823125
415	26.882125
423	27.5571875
429	28.26675
433	28.5354375
440	29.238125
445	29.5136875
452	30.1956875
459	30.822625
462	31.00175
496	34.3504375
500	34.508875
509	35.376875
512	35.5353125
514	35.618
518	35.9555625
523	36.47225
528	36.8305
530	36.9545
537	37.9879375
539	38.1119375
547	39.0489375
551	39.207375
553	39.2969375
566	42.108125
573	42.6936875
577	42.8728125
585	44.2990625
592	45.13275
596	45.2843125
602	46.6829375
606	46.8965
613	47.5234375
617	47.6888125
624	49.115
628	49.239
639	50.4446875
646	52.5255
648	52.7390625
656	53.4763125
659	53.683
661	53.800125
666	54.296125
669	54.5028125
671	54.6130625
679	56.0805625
683	56.4595
685	56.590375
697	59.084625
699	59.305125
708	60.145625
713	60.38675
715	60.4831875
722	61.2616875
725	61.4615
729	61.750875
734	62.246875
738	62.432875
740	62.5224375
746	63.1769375
754	63.8865
757	64.051875
761	64.3205625
765	64.7201875
775	65.70525
778	65.9395
782	66.2150625
788	67.648125
792	67.772125
797	68.316375
803	69.0466875
806	69.2878125
810	69.6736875
844	73.291
848	73.415
860	74.6895
863	74.8755
867	75.0201875
872	75.474875
876	75.7986875
880	75.957125
891	76.8665
894	77.031875
898	77.2040625
904	77.6725625
910	79.7671875
912	79.98075
916	80.44925
919	80.628375
927	82.1441875
929	82.2750625
934	82.7918125
937	83.0329375
941	83.1500625
948	84.541875
952	84.7140625
954	84.79675
960	85.478875
963	85.6304375
965	85.726875
975	86.63625
990	88.765125
994	88.889125
1001	89.5643125
1005	89.963875
1014	90.7630625
1018	91.1075
1021	91.272875
1025	92.2856875
1029	92.4855
1034	92.864375
1037	93.02975
1040	93.2019375
1044	93.4499375
1049	93.766875
1059	96.1163125
1063	96.2403125
1074	97.4115
1077	97.58375
1081	97.8386875
1089	98.5345
1094	99.037375
1100	99.333625
1104	99.6505625
1107	99.85725
1117	101.60025
1120	101.7931875
1126	102.13075
1130	102.5235
1134	102.8473125
1138	103.0126875
1175	106.6438125
1179	106.8505
1193	108.2008125
1196	108.3730625
1200	108.5935
1205	109.068875
1210	110.4193125
1213	110.5984375
1217	110.853375
1222	112.038375
1224	112.1555
1231	112.7341875
1234	112.9133125
1246	114.057
1250	114.29125
1261	116.950875
1263	117.171375
1272	118.05325
1275	118.246125
1279	118.3839375
1287	119.817125
1289	119.9755625
1295	120.7128125
1298	120.9539375
1302	121.1536875
1308	122.393875
1312	122.5591875
1315	122.7589375
1326	123.647625
1331	124.0885
1334	124.267625
1339	124.563875
1343	124.805
1355	126.465375
1359	126.6169375
1365	127.12675
1378	128.4150625
1382	128.5321875
1390	129.2004375
1395	129.737875
1399	129.9996875
1409	130.8195625
1413	131.033125
1423	131.8941875
1455	135.0913125
1459	135.2841875
1470	136.2555625
1473	136.4209375
1477	136.579375
1482	137.1374375
1486	137.4336875
1490	137.5714375
1497	139.9348125
1500	140.134625
1509	140.947625
1513	141.2576875
1521	141.9741875
1527	142.415125
1533	142.9249375
1536	143.0971875
1541	143.607
1546	143.848125
1550	144.2614375
1556	144.6954375
1562	146.1836875
1566	146.3628125
1570	146.500625
1576	147.017375
1580	147.327375
1583	147.4995625
1589	147.995625
1593	148.105875
1600	148.82925
1608	150.958375
1613	151.4613125
1616	151.6335625
1620	151.7713125
1625	152.3431875
1630	152.543
1634	152.956375
1637	153.2664375
1642	154.272375
1647	154.8373125
1655	156.8561875
1658	157.056
1663	157.5175625
1666	157.8206875
1672	159.2193125
1676	159.4604375
1679	159.7221875
1682	159.922
1716	163.2500625
1720	163.3740625
1726	164.0354375
1729	164.2076875
1733	164.3454375
1739	164.97925
1749	166.577625
1753	166.8394375
1761	167.5420625
1764	167.77625
1771	168.3411875
1773	168.499625
1782	170.0843125
1786	170.3805625
1790	170.55275
1797	171.1451875
1800	171.3174375
1804	171.4689375
1810	173.61175
1816	174.094
1820	174.23175
1825	174.6726875
1833	176.2160625
1837	176.3745
1843	176.8774375
1847	177.2219375
1851	177.628375
1856	178.110625
1859	178.35175
1863	178.69625
1866	178.88225
1870	179.1646875
1875	180.356625
1877	180.480625
1888	181.2178125
1891	181.4520625
1895	181.831
1897	181.9274375
1905	183.4914375
1909	183.65675
1911	183.773875
1918	184.538625
1921	184.7590625
1925	185.1449375
1927	185.2345
1939	187.749375
1941	187.9629375
1950	188.6656875
1953	188.8999375
1957	189.0445625
1963	190.388125
1965	190.519
1969	191.008125
1974	191.3525
1978	191.4626875
1990	193.5089375
1994	193.667375
1997	193.8120625
2008	194.797125
2011	194.9625
2015	195.1485
2025	195.968375
2035	197.6013125
2039	197.75975
2045	198.297125
2051	198.5520625
2063	199.7026875
2067	199.847375
2075	200.5018125
2081	202.67225
2085	202.8306875
2092	203.7056875
2095	203.8916875
2099	204.146625
2106	205.5451875
2110	205.7518125
2117	206.461375
2120	206.633625
2124	206.7920625
2134	208.5628125
2138	208.7350625
2142	208.8659375
2151	209.7339375
2154	209.8855
2156	209.9750625
2163	210.6570625
2172	211.55275
2178	212.172875
2182	212.5035625
2186	212.841125
2189	212.9858125
2192	213.199375
2201	213.867625
2208	214.4325625
2212	214.5496875
2219	215.28
2226	217.340125
2229	217.574375
2235	218.9661875
2239	219.124625
2247	219.8066875
2253	220.0960625
2257	220.4129375
2261	220.5851875
2273	221.6460625
2276	221.797625
2280	222.045625
2287	222.6036875
2292	223.954125
2295	224.2228125
2298	224.3950625
2304	224.6844375
2308	224.96
2310	225.0495625
2318	225.779875
2323	226.1588125
