141	0.164625
145	0.3230625
158	1.4460625
162	1.6940625
168	2.1418125
172	2.314
178	2.8581875
181	3.0235625
185	3.2095625
194	5.48325
197	5.738125
200	5.9585625
207	6.6475
211	6.7853125
218	8.2804375
222	8.432
227	8.866
230	9.0658125
242	10.6573125
247	11.263625
254	13.3445
257	13.599375
260	13.8129375
265	14.309
268	14.5088125
274	15.8248125
278	15.98325
286	16.63775
289	16.8375625
294	17.285375
299	17.51275
304	18.0225625
307	18.3050625
310	18.498
314	18.63575
322	20.89575
325	21.1024375
329	21.3849375
333	21.7225
336	21.8809375
338	21.9980625
343	22.439
349	23.7894375
354	24.2716875
357	24.4370625
361	24.602375
367	25.1053125
372	25.56
376	25.9458125
381	26.3729375
385	26.57275
389	26.7725
394	27.2203125
399	27.6405
408	29.0115
412	29.1836875
416	29.3145625
423	30.038
426	30.21025
430	30.3824375
437	30.9405
441	31.2643125
449	31.9739375
454	32.284
463	33.1245
497	36.62475
501	36.8589375
508	37.4858125
513	37.761375
520	38.3263125
523	38.601875
527	38.898125
534	40.351875
542	41.1441875
546	41.5093125
551	41.8675625
559	43.4521875
567	44.09975
571	44.38225
575	44.78875
581	46.1598125
585	46.3665
589	46.8211875
593	46.97275
598	47.5515
603	47.840875
611	48.4058125
615	48.605625
619	48.97075
627	51.223875
631	51.375375
637	52.4019375
641	52.560375
649	53.593875
653	53.766125
657	53.88325
663	54.4965
667	54.91675
670	55.1371875
674	55.2543125
681	55.888125
686	56.1499375
690	56.4255625
695	56.963
704	57.6175
707	57.7759375
711	57.9756875
717	59.209
721	59.3811875
725	59.525875
729	59.897875
735	60.304375
740	60.6695625
744	60.7866875
753	61.6685
756	61.833875
760	61.96475
768	62.7019375
773	63.1153125
778	63.45975
780	63.590625
817	67.0909375
819	67.249375
827	67.9520625
830	68.1105
834	68.241375
847	69.6330625
851	70.1084375
861	70.955875
865	71.066125
875	71.9824375
878	72.1546875
882	72.2924375
891	73.86325
893	73.994125
897	74.4350625
900	74.5935
904	74.786375
917	76.150375
920	76.31575
924	76.50175
934	78.1276875
937	78.334375
947	79.3401875
955	80.118625
958	80.284
967	81.227875
971	81.4965625
980	82.4059375
988	83.7631875
992	83.921625
994	84.0111875
1000	84.5071875
1003	84.6725625
1007	84.8103125
1014	85.5130625
1019	85.8093125
1026	86.4569375
1030	86.7049375
1035	87.09075
1047	89.7709375
1054	90.5080625
1058	90.6595625
1068	92.237375
1072	92.3889375
1077	92.919375
1081	93.401625
1085	93.6014375
1089	93.7323125
1095	94.3936875
1099	94.7656875
1104	95.0688125
1106	95.1515
1111	95.7095625
1117	96.24
1120	96.481125
1127	96.93575
1131	97.2595
1135	97.6108125
1138	97.838125
1144	99.2988125
1148	99.5399375
1153	99.7328125
1157	100.0635
1160	100.2288125
1164	100.566375
1168	100.814375
1175	101.4
1213	104.914
1217	105.120625
1221	105.430625
1225	105.850875
1232	107.1185625
1236	107.3596875
1244	108.1450625
1251	110.2259375
1255	110.3499375
1265	111.424625
1268	111.5830625
1270	111.672625
1280	112.63025
1283	112.8989375
1287	113.277875
1289	113.3743125
1296	115.5378125
1300	115.8065
1308	116.4540625
1315	117.0534375
1318	117.2188125
1322	117.37725
1330	118.9136875
1334	119.06525
1341	119.6508125
1346	120.2156875
1352	121.65575
1356	121.828
1360	121.945125
1366	122.5789375
1371	123.1714375
1376	123.4608125
1387	124.5011875
1390	124.721625
1394	124.83875
1402	126.3476875
1405	126.5475
1409	126.8093125
1411	126.898875
1422	127.9805625
1427	128.2768125
1432	128.6488125
1435	128.8210625
1439	128.9588125
1444	129.4135
1450	129.7510625
1483	133.0584375
1488	133.25825
1493	133.582
1499	134.022875
1502	134.1813125
1507	134.698
1511	134.8495625
1516	135.3111875
1519	135.5936875
1523	135.9794375
1529	136.5374375
1535	137.9154375
1543	138.556125
1549	138.8179375
1552	139.024625
1562	140.60925
1566	141.022625
1570	141.408375
1576	142.662375
1584	143.206625
1586	143.3650625
1594	143.826625
1602	145.9970625
1605	146.20375
1610	146.5689375
1621	148.3946875
1626	148.663375
1630	148.89075
1640	149.814
1643	149.9724375
1645	150.0826875
1653	150.751
1659	151.29525
1662	151.474375
1671	152.301125
1678	153.0038125
1684	154.1889375
1688	154.4094375
1695	155.022625
1699	155.32575
1703	155.7529375
1709	156.2559375
1712	156.4074375
1715	156.63475
1723	158.887875
1727	159.2736875
1732	159.776625
1738	160.072875
1747	161.5816875
1751	161.9468125
1757	162.2499375
1789	165.5435625
1797	166.273875
1801	166.446125
1808	167.0455
1814	167.3004375
1817	167.555375
1821	167.8929375
1825	168.1891875
1827	168.271875
1835	169.8151875
1843	170.4765
1847	170.7383125
1853	172.7640625
1857	172.915625
1869	173.96275
1872	174.135
1876	174.27275
1884	175.058125
1888	175.2579375
1892	175.3750625
1899	176.1949375
1902	176.3671875
1906	176.4980625
1913	177.145625
1916	177.373
1919	177.559
1924	177.9103125
1927	178.1514375
1931	178.2685625
1936	178.812875
1943	180.190875
1947	180.3975625
1951	180.5284375
1956	181.045125
1960	181.368875
1965	181.7821875
1968	181.954375
1975	182.5261875
1981	182.9189375
1985	183.2909375
1991	183.55275
1996	185.4958125
2003	186.226125
2006	186.4190625
2010	186.618875
2015	187.0666875
2022	187.6523125
2025	187.8038125
2028	188.0380625
2032	188.2103125
2036	188.541
2040	188.8165625
2045	189.2713125
2048	189.4641875
2055	191.7999375
2062	192.5370625
2066	192.6885625
2073	194.1148125
2077	194.2388125
2082	194.7555
2085	194.92775
2090	195.224
2096	195.5615625
2100	195.95425
2104	196.271125
2109	196.8980625
2113	197.0565
2118	197.60075
2128	199.261125
2132	199.4333125
2136	199.6950625
2140	200.032625
2143	200.204875
2147	200.33575
2154	201.0660625
2158	201.3623125
2164	201.8031875
