141	0.164625
145	0.288625
152	0.9499375
160	1.563
166	2.1348125
171	2.3759375
173	2.472375
177	2.8375
180	3.0510625
188	3.72625
200	4.552875
204	4.732
206	4.849125
211	5.49675
214	5.675875
218	6.02725
225	8.19775
229	8.494
235	9.10025
240	9.5686875
245	9.87175
247	9.9613125
255	10.6915625
262	12.048875
264	12.17975
272	12.9306875
279	14.4326875
283	14.591125
286	14.77025
297	15.9275625
305	16.6715625
308	16.8369375
316	17.6705625
321	17.9530625
327	18.2561875
330	18.456
339	19.2208125
342	19.420625
346	19.7995625
354	21.8735625
357	22.087125
361	22.2524375
371	23.1895
378	24.732875
382	24.8844375
388	25.3460625
397	26.276125
405	27.9296875
409	28.184625
418	29.01825
425	31.106
430	31.40225
433	31.6365
437	31.7811875
472	35.240125
476	35.3985625
484	36.1976875
487	36.356125
491	36.47325
497	37.8443125
501	38.00275
506	38.485
513	39.1808125
517	39.3116875
523	40.71725
527	40.8895
531	41.006625
538	41.668
541	41.833375
545	41.96425
558	43.307625
563	43.6520625
567	43.9483125
572	44.48575
575	44.658
579	44.79575
584	45.32625
593	47.703375
597	47.89625
607	48.89525
610	49.0675
614	49.198375
625	50.1146875
630	50.6245
634	50.9345
639	52.071375
643	52.257375
653	53.270125
656	53.4355
660	53.57325
672	54.7583125
676	55.033875
681	57.1285625
683	57.342125
691	58.0241875
694	58.217125
698	58.3410625
708	60.1393125
710	60.2701875
715	60.6835625
718	60.8489375
722	61.103875
733	62.964125
737	63.1294375
739	63.2465625
745	64.0526875
748	64.2249375
754	64.8931875
762	65.657875
766	65.967875
769	66.119375
772	66.34675
781	67.2355625
784	67.511125
821	71.17675
825	71.355875
831	71.9415
839	72.52025
843	72.64425
852	74.3805
856	74.5320625
864	75.3036875
871	75.9995
879	77.3085625
883	77.4808125
887	77.5979375
898	78.645125
901	78.817375
905	78.955125
910	79.4511875
914	79.7543125
921	80.312375
929	82.620625
941	83.9228125
944	84.1915
948	84.6461875
961	86.4719375
965	86.7130625
973	87.4570625
980	89.51725
982	89.6756875
991	90.4059375
996	90.9501875
1001	91.2464375
1009	92.0594375
1017	92.6588125
1024	93.2719375
1034	95.4905625
1037	95.7179375
1042	96.220875
1045	96.4
1051	96.9166875
1060	98.59775
1062	98.728625
1070	99.514
1073	99.679375
1077	99.817125
1081	100.1546875
1094	102.1940625
1098	102.3525
1100	102.4420625
1110	103.323875
1115	103.61325
1122	104.2401875
1124	104.32975
1131	105.7076875
1135	105.85925
1139	106.3070625
1143	106.6033125
1152	107.188875
1155	107.368
1161	107.9605
1165	108.2223125
1169	108.4979375
1209	112.37025
1213	112.49425
1221	113.2451875
1225	113.5551875
1228	113.7066875
1231	113.9891875
1240	114.8848125
1247	115.4428125
1251	115.5875
1265	116.992875
1268	117.165125
1272	117.316625
1276	117.7506875
1285	120.2035625
1288	120.403375
1300	121.464375
1303	121.6641875
1309	122.0775625
1313	122.4909375
1323	124.213375
1325	124.337375
1334	125.3086875
1337	125.4740625
1341	125.64625
1351	126.4246875
1357	127.899125
1361	128.0644375
1363	128.222875
1374	129.3114375
1377	129.4836875
1387	130.400125
1395	131.04075
1399	131.1785625
1403	131.612625
1408	132.156875
1413	132.54275
1417	132.659875
1423	133.142125
1430	133.8241875
1435	134.09975
1442	134.7541875
1479	138.399
1482	138.640125
1485	138.81925
1489	139.12925
1492	139.3014375
1496	139.5011875
1505	141.079
1510	141.3615
1519	142.1400625
1523	142.5189375
1530	143.12525
1539	144.641
1541	144.765
1546	145.288625
1549	145.460875
1553	145.598625
1559	147.0593125
1561	147.1695625
1569	147.879125
1572	148.0995625
1576	148.2166875
1584	149.725625
1588	149.8840625
1590	150.0011875
1598	150.6488125
1601	150.848625
1611	151.77175
1616	152.10925
1620	152.3296875
1631	154.734375
1634	154.9479375
1638	155.1890625
1645	155.8021875
1649	156.07775
1656	157.441875
1661	158.0550625
1668	160.1359375
1671	160.3495
1678	161.004
1685	161.617125
1689	161.7825
1697	164.1871875
1700	164.393875
1704	164.6694375
1706	164.7934375
1712	165.33075
1715	165.503
1723	166.2263125
1728	166.501875
1732	166.6671875
1741	167.3285
1745	167.6385
1749	168.0311875
1758	168.789
1763	169.0439375
1768	170.394375
1772	170.6079375
1777	170.814625
1784	171.3450625
1787	171.538
1791	171.8204375
1795	172.158
1798	172.323375
1802	172.4886875
1806	172.8951875
1810	173.129375
1814	173.29475
1849	176.7743125
1853	176.8983125
1858	177.4908125
1861	177.690625
1868	179.1099375
1872	179.268375
1877	179.688625
1880	179.8401875
1882	179.9710625
1888	181.2594375
1892	181.4316875
1896	181.5488125
1901	181.996625
1904	182.168875
1908	182.3273125
1914	182.70625
1921	183.3331875
1927	184.6698125
1930	184.8558125
1934	185.11075
1939	186.2958125
1943	186.4198125
1948	186.9571875
1958	188.5280625
1961	188.70025
1966	189.1963125
1970	189.341
1977	190.0644375
1983	190.69825
1990	191.1598125
1993	191.3526875
1996	191.56625
2006	192.413625
2009	192.6891875
2013	192.827
2020	193.5296875
2023	193.750125
2034	196.292625
2037	196.4993125
2041	196.774875
2044	196.926375
2052	197.5808125
2055	197.780625
2065	198.4420625
2072	199.895875
2076	200.0680625
2080	200.205875
2089	200.8741875
2093	201.204875
2102	201.9626875
2107	202.2244375
2111	202.458625
2116	202.8650625
2119	203.030375
2123	204.8149375
2127	204.973375
2135	205.5934375
2139	205.875875
2147	207.308875
2151	207.43975
2157	208.06675
2160	208.232125
2164	208.4595
2173	209.2655
2177	209.506625
2180	209.74775
2186	209.988875
2192	211.3461875
2196	211.55975
2201	211.74575
2207	212.0350625
2214	212.6550625
2218	212.9306875
2222	213.247625
2227	213.4680625
2234	214.1363125
2242	214.653
2244	214.7425625
2251	216.954375
2253	217.1128125
2261	217.98775
2264	218.166875
2268	218.5526875
2275	219.17275
2279	219.365625
2281	219.48275
2293	220.585
2296	220.7848125
2300	221.212
2311	223.0101875
2315	223.16175
2320	223.712875
2325	224.264
2329	224.5395625
2332	224.704875
2337	225.1045
2341	225.33875
2348	225.889875
2356	226.6339375
2361	226.8819375
2365	227.026625
2371	227.44
2374	227.6466875
