141	0.164625
145	0.350625
153	1.1360625
162	1.797375
167	2.2589375
170	2.465625
172	2.5551875
180	3.2785625
183	3.4508125
187	3.5885625
195	4.5186875
202	5.8070625
208	6.0964375
210	6.179125
216	6.73025
227	7.736125
231	8.0185625
240	8.817625
243	8.989875
247	9.1483125
252	9.6994375
262	12.0903125
267	12.43475
275	13.2201875
280	13.668
288	14.3983125
292	14.549875
300	15.1148125
309	15.8658125
312	16.0380625
318	16.4583125
326	17.829375
330	17.9809375
339	18.7593125
346	20.840125
348	20.9985625
353	21.742625
356	21.908
360	22.04575
365	22.6313125
368	22.8724375
372	23.251375
374	23.3478125
388	26.2001875
392	26.3241875
397	26.840875
400	27.013125
405	27.2749375
409	27.6469375
412	27.7846875
418	28.3220625
421	28.5080625
423	28.6665
428	29.093625
433	29.341625
438	29.817
442	30.1476875
446	30.292375
452	30.95375
456	31.1673125
461	31.553125
464	31.7185
468	31.85625
502	35.5425625
506	35.694125
510	36.2315
518	36.8378125
522	36.9686875
529	37.581875
532	37.754125
536	37.9194375
540	38.2915
544	38.4913125
548	38.61525
557	39.448875
560	39.6486875
568	40.592625
572	40.9095625
576	41.1369375
581	41.529625
590	44.00325
592	44.22375
601	45.215875
606	45.7119375
609	45.932375
613	46.1321875
620	47.606625
622	47.7375
628	48.323125
631	48.5435625
635	48.68825
641	50.0386875
645	50.204
647	50.2935625
654	50.948
657	51.113375
661	51.2855625
672	52.4291875
678	52.904625
682	53.166375
692	54.7785625
696	55.026625
705	55.660375
713	56.328625
718	56.6179375
722	56.9141875
726	57.0656875
732	57.734
738	58.0509375
742	58.18875
750	59.070625
757	61.206625
764	61.7026875
769	62.1643125
773	62.488125
777	62.908375
786	63.72825
789	63.9211875
793	64.079625
801	65.5265
805	65.705625
810	65.9674375
814	66.2223125
822	67.1109375
826	67.255625
860	70.6731875
863	70.955625
874	71.8856875
878	72.168125
882	72.5539375
888	73.03625
901	75.7234375
904	75.92325
909	76.3916875
919	77.2391875
921	77.397625
932	78.4034375
935	78.5756875
939	78.741
945	79.1888125
955	81.062875
960	81.66225
967	83.743125
970	83.9566875
977	84.6111875
983	85.07275
991	85.81675
996	86.057875
998	86.1474375
1011	87.4426875
1014	87.6149375
1018	87.78025
1028	89.9575625
1030	90.171125
1036	90.6671875
1039	90.8394375
1045	91.47325
1058	93.2920625
1060	93.4023125
1068	94.11875
1071	94.284125
1079	94.8835
1086	96.4750625
1090	96.64725
1092	96.7575
1102	97.6324375
1109	98.3075625
1114	98.57625
1121	99.2031875
1130	100.7740625
1135	101.125375
1139	101.3665
1151	102.5721875
1154	102.8615
1161	104.2463125
1165	104.6183125
1168	104.949
1203	108.380375
1207	108.504375
1212	108.94525
1217	109.31725
1221	109.4688125
1225	109.9235
1229	110.1990625
1241	112.5760625
1245	112.84475
1249	112.9894375
1265	114.5188125
1268	114.7530625
1275	116.27575
1285	117.27475
1289	117.42625
1297	118.2391875
1303	119.713625
1307	119.8858125
1311	120.023625
1321	121.0088125
1326	121.298125
1335	122.79325
1339	123.0481875
1348	123.8818125
1354	125.1978125
1359	125.4665
1361	125.5629375
1372	126.5688125
1377	126.8375
1381	127.00975
1386	127.4989375
1390	127.8571875
1394	128.249875
1403	130.633875
1407	130.895625
1413	131.433
1420	132.94875
1424	133.1003125
1429	133.5275
1441	135.1879375
1445	135.3601875
1449	135.504875
1454	135.9458125
1457	136.118
1461	136.2833125
1466	136.7725
1472	138.109125
1475	138.28825
1480	139.4595625
1482	139.5766875
1494	140.7615625
1497	140.961375
1532	144.4685625
1536	144.620125
1548	145.8946875
1551	146.0600625
1555	146.2874375
1564	147.0796875
1571	147.582625
1576	147.844375
1583	148.3335
1595	150.15925
1600	150.62775
1604	150.7861875
1612	152.31575
1619	152.9358125
1623	153.1425
1630	154.7409375
1634	154.9545
1639	155.5125625
1643	155.7468125
1650	157.9448125
1654	158.35825
1659	159.5295625
1663	159.9429375
1668	161.1831875
1672	161.5551875
1680	163.5740625
1684	163.6980625
1691	164.380125
1696	164.80725
1701	165.2756875
1703	165.372125
1712	166.254
1719	166.8119375
1722	166.9910625
1727	167.2804375
1730	167.5146875
1738	168.3069375
1741	168.479125
1751	170.8561875
1755	171.00775
1760	171.5451875
1763	171.703625
1767	171.8414375
1776	172.6338125
1780	172.9300625
1785	173.205625
1789	173.3571875
1795	173.8808125
1801	174.1633125
1806	174.769625
1810	174.9143125
1818	175.7961875
1853	179.2344375
1857	179.5995625
1865	181.0395
1868	181.2255
1872	181.4804375
1877	182.6655
1881	182.9341875
1888	184.3810625
1890	184.4981875
1898	185.2491875
1901	185.4214375
1906	185.8416875
1913	187.43325
1915	187.564125
1927	188.528625
1930	188.7490625
1934	188.8661875
1942	190.43025
1946	190.5886875
1948	190.67825
1958	191.567
1961	191.73925
1966	192.028625
1970	192.1664375
1978	193.0483125
1984	193.3376875
1988	193.689
1993	195.59075
1996	195.825
2000	196.0179375
2007	196.6725
2018	197.726625
2022	198.7325625
2026	198.9736875
2033	199.6144375
2041	200.3378125
2044	200.55825
2049	201.5710625
2053	201.9224375
2059	204.00325
2063	204.1616875
2068	204.664625
2072	204.960875
2076	205.388
2082	206.6626875
2086	206.8418125
2090	206.9865
2095	207.4136875
2100	207.896
2103	208.0681875
2107	208.240375
2111	208.6950625
2115	208.9913125
2121	211.1135625
2125	211.2375625
2138	212.4363125
2141	212.6085625
2145	212.7463125
2151	213.3525625
2155	213.635
2160	213.9036875
2165	214.110375
2169	214.4479375
2172	214.6270625
2179	215.24025
2183	215.3849375
2188	215.89475
2193	216.135875
2199	216.73525
2207	218.17525
2211	218.3819375
2215	218.4990625
2220	219.0295625
2223	219.1949375
2228	219.4980625
2234	219.82875
2238	220.187
2244	220.614125
2247	220.896625
2253	221.192875
2256	221.392625
