141	0.164625
144	0.3713125
149	0.695125
155	1.30825
158	1.5080625
171	3.3200625
175	3.5680625
189	4.759875
197	5.5315
205	6.3581875
209	6.6613125
211	6.7784375
216	7.2745
223	7.825625
226	7.991
231	8.5215625
238	10.9675625
242	11.1466875
248	11.7253125
253	12.2903125
258	12.751875
260	12.8414375
269	13.702625
276	14.3364375
279	14.494875
284	14.922
290	15.4111875
298	16.4170625
304	17.31275
312	17.9603125
318	18.862875
322	19.0764375
330	19.717125
334	20.1718125
341	20.8745
345	21.01225
350	21.5151875
356	22.066375
359	22.238625
363	22.376375
369	23.7613125
374	24.1333125
378	24.2710625
391	25.4215
396	25.828
399	26.069125
403	26.206875
411	26.826875
419	29.0938125
422	29.41075
426	29.769
435	31.1124375
437	31.270875
441	31.6015625
451	32.46275
461	33.9165625
465	34.199
469	34.488375
475	36.6174375
478	36.7965625
482	37.1065625
486	37.5130625
490	37.65775
496	38.37425
499	38.553375
507	39.15275
512	39.345625
516	39.6280625
526	41.205875
530	41.5985625
534	41.9568125
537	42.1428125
542	42.452875
546	42.5975625
551	43.1349375
557	45.3329375
562	45.5326875
566	45.911625
573	46.3525625
578	46.8968125
581	47.110375
614	50.3970625
616	50.6244375
622	51.13425
625	51.3065
635	52.167625
641	52.767
644	52.9323125
649	53.43525
653	53.5936875
660	54.3101875
663	54.468625
667	54.6201875
675	55.24025
681	55.887875
684	56.0945
686	56.211625
692	58.3200625
697	58.692125
704	59.2915
711	59.8358125
715	60.2146875
722	60.8760625
725	61.069
729	61.2068125
734	61.68225
744	63.459875
749	63.900875
753	64.2315625
760	64.7896875
762	64.886125
772	65.5268125
783	67.965875
785	68.089875
790	68.53075
795	69.0681875
807	70.1290625
812	70.6251875
824	72.4165
826	72.5405
832	72.967625
837	73.49125
849	74.54525
851	74.6348125
859	75.309875
864	75.8265625
874	77.31475
878	77.4800625
880	77.5971875
885	78.1276875
890	78.6513125
902	79.6915625
904	79.8086875
918	81.096875
926	83.3224375
928	83.4326875
934	83.8046875
941	84.4385625
948	85.058625
952	85.2101875
957	85.5821875
965	86.1884375
970	86.6431875
977	87.2011875
981	87.401
985	87.51125
992	88.1933125
996	88.47575
1005	89.1715625
1009	90.956125
1013	91.080125
1020	91.713875
1032	92.8575625
1040	93.698
1042	93.7875625
1047	95.902875
1049	96.0613125
1053	96.398875
1059	97.0465
1066	97.583875
1070	97.7974375
1076	98.5208125
1081	98.96175
1087	99.264875
1091	99.4164375
1100	100.2845625
1134	103.6745625
1138	103.826125
1147	104.7286875
1153	105.0318125
1161	105.824125
1163	105.9068125
1172	106.7334375
1177	107.2639375
1181	107.6015
1186	108.2215625
1196	109.0345
1198	109.165375
1203	109.6269375
1209	110.17125
1216	110.85325
1221	111.1494375
1229	111.6454375
1238	113.8985625
1243	114.236125
1249	114.7459375
1253	115.1041875
1256	115.4486875
1263	116.1651875
1271	116.8885625
1277	118.9211875
1279	119.0314375
1288	119.6583125
1293	120.230125
1300	120.56775
1305	120.926
1313	121.546
1316	121.732
1322	122.1659375
1330	123.1511875
1342	124.9975625
1346	125.3213125
1349	125.521125
1353	125.9965
1366	127.085
1375	127.75325
1379	128.0356875
1387	128.6350625
1390	128.8348125
1398	131.2739375
1401	131.5081875
1411	133.3821875
1415	133.5061875
1422	134.2226875
1429	134.74625
1432	134.925375
1439	135.6556875
1446	136.330875
1449	136.565125
1453	136.70975
1457	137.08175
1460	137.2401875
1462	137.322875
1467	137.929125
1473	140.065125
1477	140.189125
1484	140.8229375
1494	141.622125
1500	142.076875
1508	142.71075
1511	142.8691875
1513	142.95875
1521	143.8199375
1561	147.4165625
1570	149.06325
1578	149.7590625
1583	150.206875
1588	150.696
1592	150.875125
1594	150.99225
1598	151.419375
1603	151.936125
1606	152.122125
1614	152.8593125
1616	152.948875
1622	153.541375
1627	155.863375
1629	156.049375
1636	156.6763125
1640	156.99325
1647	157.668375
1651	157.8199375
1656	158.3641875
1664	159.7628125
1668	159.92125
1670	160.052125
1678	160.6790625
1683	161.0579375
1688	161.47125
1696	162.1050625
1700	162.270375
1706	164.3443125
1709	164.716375
1713	165.088375
1719	165.384625
1725	165.93575
1729	166.1493125
1739	167.1344375
1746	167.616625
1752	168.1264375
1756	168.284875
1769	169.4285
1778	170.1725
1788	170.99925
1792	171.116375
1799	173.2661875
1803	173.59
1811	174.2583125
1815	174.403
1822	175.112625
1829	176.44925
1833	176.704125
1837	176.890125
1847	177.6961875
1850	177.8684375
1854	178.0061875
1863	178.87425
1869	179.287625
1876	179.7974375
1884	182.0023125
1888	182.1263125
1894	182.760125
1897	182.9255
1903	183.5041875
1907	183.7728125
1915	184.344625
1917	184.4341875
1927	185.3366875
1936	186.253
1939	186.4183125
1944	186.942
1948	187.169375
1953	187.64475
1956	187.823875
1964	189.5049375
1972	190.0423125
1975	190.3868125
1982	191.179125
1986	191.585625
1991	191.8543125
1995	191.992125
2002	192.7016875
2008	193.246
2015	193.8866875
2054	197.6486875
2058	197.80025
2063	198.3790625
2071	199.1644375
2074	199.32975
2078	199.6810625
2090	200.6661875
2099	201.3895625
2106	201.982
2116	202.8431875
2120	203.049875
2128	205.303
2133	205.5096875
2139	205.7715
2145	206.2744375
2157	207.500625
2166	208.3135625
2172	209.670875
2184	210.697375
2190	211.1589375
2196	212.5024375
2200	212.7504375
2205	213.0535625
2210	213.439375
2219	214.3211875
2221	214.41075
2227	214.948125
2234	215.616375
2238	215.926375
2248	216.753125
2251	216.946
2258	219.0199375
2263	219.4195
2267	219.584875
2273	220.0809375
2280	220.7078125
2289	221.3829375
2296	221.8169375
2301	222.0580625
2316	224.7520625
2320	225.0138125
2328	225.771625
2337	226.4055
2343	227.824875
2347	228.004
2351	228.14175
2357	228.679125
2364	229.1406875
2369	229.643625
2372	229.8571875
2380	230.4565625
2384	230.5736875
2391	231.262625
2399	231.7793125
2406	232.40625
2411	232.6749375
2415	232.90225
