141	0.164625
143	0.288625
150	0.7226875
159	1.4941875
167	2.2245
170	2.4725
172	2.5620625
180	3.26475
183	3.471375
185	3.5885
192	4.4841875
195	4.642625
199	4.75975
206	5.25575
209	5.4141875
211	5.5244375
216	5.97225
223	6.6611875
226	6.861
239	8.679875
244	9.038125
249	9.348125
256	9.9819375
263	10.622625
265	10.7121875
272	11.4424375
275	11.649125
281	12.0486875
284	12.32425
291	12.9786875
294	13.25425
297	13.44025
305	14.18425
310	14.446
313	14.68025
319	16.8438125
323	17.00225
329	17.5051875
333	17.81525
339	18.318125
342	18.5936875
344	18.676375
352	19.413625
355	19.585875
359	19.71675
368	21.4599375
372	21.7355
379	22.383125
383	22.6655625
391	23.09275
395	23.3476875
400	23.9539375
433	27.22
437	27.350875
445	28.2051875
457	29.0250625
460	29.2041875
468	30.175625
475	30.7680625
479	31.1056875
482	31.2779375
485	31.498375
493	32.9728125
497	33.0968125
504	33.6824375
507	33.8546875
513	34.578125
522	35.4669375
525	35.6184375
532	36.3486875
535	36.514
544	38.8084375
546	39.022
554	39.7385625
559	40.027875
568	40.8339375
579	42.6321875
581	42.7630625
591	43.5001875
603	44.685125
606	44.857375
610	44.98825
621	46.6831875
625	46.8485
627	46.9725
632	47.4065625
635	47.558125
645	48.4123125
650	48.7429375
654	48.8600625
659	49.294125
666	49.948625
671	50.25175
679	50.988875
682	51.174875
686	51.4229375
693	52.02925
697	52.3116875
709	53.4414375
716	54.0270625
719	54.2336875
721	54.3508125
756	57.892375
760	58.016375
766	58.7053125
777	59.600875
781	59.904
786	60.193375
797	61.3025
800	61.543625
802	61.653875
813	64.099875
824	65.31925
827	65.5879375
831	65.9944375
835	66.139125
847	67.544625
850	67.716875
854	67.8821875
861	69.3153125
865	69.5495
873	70.307375
880	72.3675625
883	72.5604375
886	72.78775
890	73.07025
895	73.5180625
901	73.9245625
903	74.014125
911	74.778875
918	75.357625
922	75.7158125
928	77.59
930	77.776
938	78.471875
946	79.209
950	79.512125
956	80.1115
960	80.394
963	80.6006875
973	81.5444375
978	81.751125
984	82.0886875
988	82.481375
997	84.155625
1001	84.3140625
1003	84.4311875
1010	84.9755
1018	85.636875
1022	85.94
1028	86.5325
1032	86.821875
1034	86.9045625
1043	87.5728125
1052	89.2401875
1057	89.729375
1064	90.3838125
1069	90.88675
1074	91.0934375
1080	91.431
1084	91.8305625
1120	95.544375
1124	95.682125
1132	96.7155
1136	96.97725
1150	99.8229375
1153	99.9951875
1165	101.855375
1167	101.965625
1172	102.5719375
1178	103.3986875
1187	104.838625
1190	105.0659375
1199	106.8435
1201	106.960625
1206	107.553125
1209	107.8286875
1213	108.10425
1218	108.565875
1230	109.475125
1236	110.1503125
1240	110.412125
1244	110.5636875
1249	111.0115
1253	111.2733125
1256	111.5833125
1260	112.02425
1266	114.0293125
1268	114.18775
1278	115.1385
1283	116.1306875
1285	116.2546875
1292	117.322625
1296	117.4810625
1298	117.5981875
1309	118.852
1312	119.093125
1316	119.2378125
1321	119.823375
1326	120.1885
1330	120.305625
1336	120.905
1343	121.35275
1348	121.60075
1352	121.773
1361	122.8409375
1364	123.0751875
1368	123.2198125
1407	126.7613125
1411	126.912875
1421	127.967
1425	128.2425625
1428	128.407875
1438	130.082125
1442	130.502375
1445	130.7159375
1453	132.093875
1459	132.521
1465	133.09975
1471	133.4166875
1476	133.747375
1479	133.9471875
1486	135.22175
1490	135.400875
1496	135.8486875
1502	136.337875
1508	136.634125
1513	136.951
1516	137.08875
1521	137.6536875
1527	137.9293125
1532	138.5149375
1537	138.969625
1541	139.341625
1547	141.6154375
1551	141.8634375
1560	142.614375
1563	142.786625
1567	142.924375
1571	143.27575
1576	143.86825
1580	144.1645
1585	144.4125625
1587	144.5228125
1592	145.1359375
1598	145.480375
1603	145.818
1606	145.997125
1613	147.375125
1617	147.5266875
1622	147.9263125
1627	148.498125
1630	148.6565625
1632	148.7736875
1642	149.524625
1649	150.2204375
1652	150.4821875
1660	150.9781875
1662	151.060875
1674	152.3766875
1679	152.817625
1682	152.99675
1691	153.9061875
1696	154.4918125
1700	154.8500625
1703	155.0566875
1713	155.9109375
1716	156.1865
1720	156.32425
1727	157.0131875
1731	157.275
1737	157.846875
1768	160.830375
1772	160.96125
1783	161.8913125
1791	162.8558125
1795	163.214
1797	163.2966875
1804	164.0890625
1807	164.2544375
1811	164.51625
1816	165.7358125
1818	165.83225
1829	166.9895625
1832	167.1618125
1838	167.8025
1847	168.6016875
1852	168.8910625
1859	169.5455625
1863	169.7866875
1869	170.3860625
1875	172.4945
1878	172.7080625
1885	173.341875
1891	173.9274375
1893	174.017
1899	174.6164375
1907	175.388125
1912	175.6085625
1915	175.7876875
1921	176.3456875
1929	177.71675
1934	178.28175
1942	180.300625
1945	180.5141875
1949	180.8104375
1954	181.28575
1959	181.871375
1966	182.353625
1973	184.331125
1977	184.455125
1982	185.0061875
1991	185.7156875
1997	185.9775
2000	186.1910625
2008	186.8386875
2013	187.0798125
2017	187.1900625
2026	188.085625
2031	189.3051875
2035	189.4774375
2040	189.7185625
2046	189.966625
2049	190.1595
2053	190.338625
2059	190.8001875
2069	193.184125
2072	193.3908125
2076	193.680125
2086	194.3965625
2089	194.555
2093	194.9615
2097	195.0993125
2110	196.2705
2113	196.4565
2115	196.5391875
2120	197.1316875
2125	197.4003125
2132	197.793
2135	198.12375
2142	199.5706875
2146	199.6946875
2151	200.25275
2155	200.5283125
2166	202.216375
2170	202.44375
2173	202.6504375
2186	203.90425
2193	204.4829375
2196	204.71025
2201	206.8186875
2205	207.0666875
2212	207.569625
2215	207.755625
2219	208.1000625
2223	208.24475
2231	209.0301875
2234	209.202375
2238	209.33325
2245	209.9670625
2249	210.194375
2254	210.538875
2258	211.5516875
2261	211.710125
2269	212.4196875
2273	212.5436875
2279	213.2395
2282	213.3979375
2284	213.480625
2291	214.12825
2302	216.0229375
2306	216.229625
2309	216.4569375
2315	216.953
2320	217.2216875
2323	217.428375
2328	217.96575
2332	218.255125
2336	218.4825
2341	218.8545
2348	219.5089375
