141	0.164625
146	0.350625
150	0.7295625
155	1.2186875
163	1.8593125
165	1.95575
172	2.67225
176	2.98225
188	3.8985625
192	4.284375
198	5.66925
202	5.8759375
208	6.3305625
212	6.7094375
216	7.102125
221	7.5155
226	7.81175
231	8.018375
235	8.3973125
244	10.547
248	10.795
255	11.2359375
259	11.601125
265	12.173
270	12.40725
272	12.4899375
279	13.1445
285	13.68875
288	13.854125
292	13.9780625
297	14.481
300	14.646375
304	14.797875
310	15.3628125
319	16.9749375
323	17.1885
330	17.594875
333	17.794625
338	18.22175
342	18.449125
348	18.9244375
352	19.18625
360	19.847625
365	20.205875
369	20.4056875
376	22.4451875
379	22.645
384	22.9825625
387	23.1685625
394	23.850625
398	23.96775
404	24.505125
411	25.834875
415	26.2689375
422	26.8131875
425	27.019875
432	27.80525
437	28.8111875
441	28.969625
450	29.7480625
456	31.8289375
463	32.4834375
469	32.924375
475	33.4479375
479	33.7510625
487	34.260875
489	34.3573125
496	34.9015625
501	35.1909375
505	35.4665
512	36.0383125
516	36.189875
521	36.72725
524	36.9545625
528	37.1268125
534	38.60125
538	38.794125
543	39.1730625
546	39.3453125
551	39.676
555	39.9584375
566	40.9504375
571	41.1915625
575	41.36375
581	41.9561875
584	42.149125
588	42.2938125
621	45.601125
623	45.711375
635	46.882625
640	47.4200625
643	47.5923125
647	47.84725
651	48.246875
657	48.825625
661	49.073625
667	49.5076875
670	49.714375
672	49.8039375
685	51.0785
692	51.7123125
695	51.912125
699	52.318625
703	52.7595625
711	55.026375
715	55.2055
721	55.742875
724	55.984
728	56.397375
741	57.458375
744	57.6650625
748	57.8855
755	59.2359375
757	59.3668125
765	59.876625
777	61.1719375
784	63.22525
788	63.34925
793	63.810875
801	64.5549375
804	64.713375
806	64.8029375
810	65.299
816	65.8915
819	66.132625
831	68.69575
834	68.93
842	69.529375
846	69.7085
852	70.2940625
857	70.56275
859	70.6523125
864	71.1208125
869	71.382625
873	71.62375
880	72.347125
916	75.8404375
920	75.998875
927	76.5845
933	76.9703125
939	77.418125
943	77.5834375
952	78.4170625
956	78.6719375
960	78.9819375
969	79.9464375
973	80.201375
981	80.8971875
988	82.275125
994	82.7160625
1001	84.3006875
1003	84.4178125
1011	85.2928125
1018	86.8430625
1022	87.01525
1024	87.0979375
1036	88.344875
1042	88.94425
1045	89.1440625
1053	89.7916875
1057	89.936375
1065	90.584
1073	92.8095625
1077	93.03
1084	93.6706875
1094	94.4629375
1096	94.5525
1104	95.9305
1107	96.1923125
1114	98.2731875
1118	98.493625
1122	98.741625
1131	99.5064375
1133	99.596
1139	100.1885
1144	100.4158125
1149	102.1659375
1151	102.2968125
1158	103.6128125
1165	104.1295625
1171	104.5980625
1174	104.8185
1178	104.9631875
1184	105.5074375
1189	105.8933125
1193	106.044875
1199	106.478875
1205	107.0714375
1210	107.4916875
1220	109.1520625
1224	109.32425
1228	109.4620625
1233	110.020125
1239	110.3576875
1243	110.75725
1250	111.322125
1253	111.4943125
1256	111.7148125
1292	115.26325
1298	115.7041875
1302	115.97975
1312	116.8821875
1320	117.4884375
1325	117.83975
1329	117.9913125
1340	120.113375
1342	120.24425
1352	121.2363125
1360	122.014875
1370	123.1791875
1374	123.2963125
1382	124.0955
1385	124.3021875
1389	124.6879375
1399	126.3276875
1403	126.534375
1409	127.0165625
1413	127.299
1421	128.105
1424	128.27725
1426	128.3668125
1432	128.780125
1441	130.220125
1445	130.3923125
1449	130.537
1458	131.370625
1462	131.66
1472	132.4385
1477	132.8035625
1482	134.58125
1496	136.475875
1501	136.6963125
1504	136.903
1506	137.0614375
1516	137.7710625
1519	137.9433125
1523	138.0810625
1528	138.625375
1534	139.3074375
1537	139.6174375
1549	140.7059375
1556	142.0356875
1559	142.2699375
1565	143.579
1569	143.7511875
1572	144.019875
1576	144.37125
1584	144.984375
1588	145.246125
1596	145.997125
1599	146.20375
1607	146.7686875
1639	149.9038125
1643	150.06225
1650	150.7719375
1654	150.992375
1660	151.7915625
1664	151.991375
1668	152.18425
1678	152.9420625
1682	153.1831875
1692	153.9960625
1697	154.492125
1700	154.7195
1707	156.848625
1711	157.18625
1715	157.3378125
1721	157.9164375
1730	158.626
1734	158.86025
1738	159.246
1742	159.3975625
1751	160.0383125
1758	161.4851875
1763	162.098375
1770	164.1791875
1774	164.3651875
1783	165.19875
1794	166.06675
1797	166.3423125
1802	166.617875
1806	166.852125
1812	167.3480625
1815	167.61675
1826	168.6225625
1829	168.884375
1833	169.132375
1839	171.247625
1842	171.433625
1845	171.667875
1851	173.7694375
1865	175.0715
1867	175.18175
1875	175.86375
1882	176.45625
1886	176.73875
1894	178.233875
1898	178.4474375
1903	178.6334375
1909	178.9296875
1915	179.3636875
1918	179.63925
1922	180.025
1929	181.458125
1935	181.754375
1944	182.45025
1949	182.7120625
1954	183.10475
1965	184.0761875
1970	184.3173125
1974	184.57225
2014	188.4169375
2019	188.857875
2022	189.043875
2026	189.195375
2032	189.7465625
2041	191.3656875
2045	191.51725
2050	192.04775
2056	192.6058125
2059	192.7435625
2064	193.349875
2068	193.6255
2072	194.032
2078	194.5763125
2086	194.9828125
2088	195.0930625
2096	195.8233125
2104	197.33225
2109	197.711125
2111	197.82825
2115	198.269125
2119	198.530875
2124	199.0545
2130	199.5505625
2134	199.8536875
2138	200.22575
2143	200.6804375
2148	200.9284375
2150	201.018
2155	201.4658125
2162	202.0720625
2166	202.3545
2172	202.823
2179	204.2078125
2183	204.49025
2188	204.9311875
2194	205.151625
2199	205.5236875
2202	205.6751875
2207	206.0471875
2213	208.11425
2217	208.2726875
2226	209.0924375
2231	209.5609375
2235	209.7331875
2240	210.222375
2245	210.656375
2249	210.8836875
2253	211.03525
2257	211.3453125
2263	212.6750625
2267	212.8679375
2274	213.5224375
2281	214.232125
2285	216.0098125
2289	216.16825
2294	216.7469375
2298	217.00875
2311	218.88275
2313	218.993
2321	219.716375
2327	220.2055
2331	220.4535625
2340	221.052875
2345	221.535125
2353	223.106
2357	223.298875
2364	223.953375
2368	224.2358125
2376	224.6629375
2379	224.8765
