141	0.164625
145	0.288625
153	0.9775625
157	1.2806875
161	1.3978125
166	1.845625
175	3.3889375
182	5.7246875
184	5.9451875
189	6.4205
192	6.599625
197	7.0336875
205	7.6813125
213	9.3210625
215	9.4313125
224	10.258125
227	10.43725
239	11.2983125
244	11.5876875
251	12.2421875
255	12.4901875
263	13.9853125
267	14.150625
269	14.2401875
279	15.0944375
284	15.3700625
288	15.5423125
294	16.04525
298	16.313875
305	16.85125
308	17.126875
311	17.3198125
315	17.43
323	18.09825
328	18.4426875
332	18.7458125
337	19.0351875
343	19.4485
351	20.047875
355	20.165
363	20.9573125
367	21.157125
371	21.27425
376	21.839125
410	25.0844375
414	25.236
421	25.7458125
425	26.083375
433	26.7446875
437	26.9445
441	27.05475
450	27.916
454	28.1915625
459	30.28625
462	30.513625
469	31.264625
472	31.4230625
476	31.5401875
483	32.2635625
489	32.5598125
492	32.7458125
502	33.7723125
506	34.0616875
508	34.1374375
513	35.357
515	35.481
519	35.9495625
523	36.287125
525	36.362875
532	37.7890625
534	37.8993125
540	38.4573125
544	38.77425
546	38.905125
552	39.2909375
555	39.45625
568	41.461125
572	41.6333125
576	41.784875
582	42.205125
591	43.1145
597	43.6588125
601	43.810375
606	44.40975
609	44.6578125
611	44.7749375
620	45.7118125
627	46.3663125
631	46.641875
638	48.681375
640	48.8949375
645	49.5080625
648	49.7009375
650	49.8180625
658	50.5000625
663	51.0305625
666	51.2716875
670	51.6575
672	51.7470625
684	53.4765
688	53.7106875
696	54.4685625
729	57.7208125
733	57.9274375
739	58.56125
743	58.8919375
748	59.222625
756	59.8978125
763	61.3998125
767	61.5720625
771	61.6891875
777	62.2955
781	62.598625
783	62.6950625
791	65.058375
793	65.278875
801	65.981625
804	66.147
808	66.2985
816	66.959875
825	68.0208125
828	68.21375
832	68.406625
842	70.05325
844	70.17725
852	70.914375
855	71.1073125
859	71.36225
868	72.2165
876	73.787375
880	73.9595625
882	74.0698125
892	74.94475
896	75.2203125
900	75.50275
905	75.93675
909	76.1020625
918	77.645375
922	77.831375
931	78.6099375
936	79.106
939	79.27825
945	79.9671875
952	80.5665
956	80.911
960	81.2968125
975	82.674625
978	82.8813125
986	84.3075
990	84.500375
993	84.686375
997	84.9550625
1007	85.788625
1010	85.988375
1014	86.188125
1053	89.833
1057	90.0810625
1068	90.9766875
1073	91.2660625
1082	91.8723125
1086	92.03075
1095	92.9056875
1099	93.2156875
1101	93.30525
1106	93.9046875
1112	94.4971875
1119	95.1516875
1123	95.4065625
1134	96.4881875
1140	97.0393125
1144	97.1701875
1153	98.0313125
1163	100.408375
1166	100.6219375
1170	100.7735
1175	101.2833125
1178	101.50375
1185	102.7921875
1189	102.950625
1204	104.4110625
1207	104.6521875
1217	106.1334375
1221	106.340125
1231	107.2288125
1237	109.3096875
1239	109.468125
1248	110.3293125
1251	110.542875
1261	112.2239375
1264	112.4581875
1271	113.023125
1275	113.2573125
1279	113.3881875
1288	114.9039375
1292	115.06925
1294	115.186375
1300	115.8339375
1303	116.026875
1307	116.15775
1319	117.170375
1325	118.5620625
1329	118.7825
1340	119.753875
1344	120.07075
1349	120.60125
1352	120.904375
1357	121.2695
1360	121.510625
1364	121.6415
1371	122.3304375
1375	122.59225
1383	123.164125
1414	126.14075
1418	126.4094375
1431	127.4015
1437	128.800125
1443	129.117
1452	129.8196875
1459	130.4465625
1462	130.5843125
1468	131.920875
1472	132.217125
1476	132.3618125
1482	132.9750625
1487	134.2221875
1491	134.7595625
1495	134.9318125
1500	135.5725
1505	135.8686875
1509	136.0478125
1515	136.48875
1518	136.7091875
1522	136.8263125
1533	137.9975
1539	138.59
1548	139.402875
1554	139.8161875
1557	140.0021875
1563	141.9659375
1569	142.4205
1573	142.5720625
1579	142.971625
1585	144.4391875
1594	145.96875
1599	146.1685625
1606	146.71975
1610	146.8713125
1617	147.5809375
1621	147.8220625
1628	148.31125
1631	148.5041875
1635	148.6695
1640	149.1035
1644	149.3170625
1648	149.5444375
1657	150.171375
1661	150.3711875
1665	150.5985625
1672	151.21175
1676	151.514875
1680	151.8938125
1683	152.066
1687	152.183125
1695	152.89275
1698	153.0511875
1703	155.0080625
1706	155.21475
1710	155.49725
1715	156.6823125
1719	156.84075
1725	157.3780625
1728	157.577875
1735	158.3701875
1739	158.6664375
1743	158.8041875
1753	161.202
1758	161.6498125
1763	162.0631875
1767	162.4765625
1772	162.86925
1778	163.310125
1782	163.5374375
1793	165.184125
1797	165.4183125
1805	166.1761875
1812	168.2295
1815	168.4293125
1821	168.863375
1829	169.5936875
1831	169.68325
1840	170.468625
1848	171.2195
1852	171.460625
1858	171.936
1862	172.363125
1868	172.831625
1872	172.9694375
1879	173.658375
1883	173.9201875
1892	176.0010625
1896	176.2628125
1903	176.8553125
1906	177.0275625
1910	177.1790625
1918	177.7784375
1926	179.3218125
1930	179.48025
1940	180.389625
1943	180.555
1947	180.69275
1955	181.3265625
1962	182.794125
1966	182.97325
1970	183.0971875
1976	183.6759375
1983	184.4130625
1987	184.5301875
1992	185.8875625
1997	186.2940625
2000	186.4663125
2005	186.7625625
2011	187.0656875
2016	187.458375
2021	188.0026875
2026	188.36775
2029	188.670875
2032	188.83625
2036	189.001625
2043	191.2134375
2045	191.427
2053	192.2675625
2056	192.432875
2067	193.25275
2071	193.5765
2078	194.0311875
2083	194.327375
2087	194.6718125
2094	195.9603125
2098	196.0843125
2107	196.9041875
2110	197.1590625
2114	197.4415625
2126	199.108875
2130	199.288
2134	199.5429375
2145	200.4385625
2148	200.6728125
2152	200.810625
2159	201.4926875
2167	202.1885
2170	202.367625
2173	202.5398125
2177	202.6569375
