141	0.164625
145	0.3230625
154	1.108375
158	1.3839375
163	1.776625
166	1.962625
170	2.0935
179	2.9271875
182	3.0994375
186	3.26475
191	4.5945
194	4.7666875
196	4.925125
201	5.3798125
206	5.593375
208	5.6829375
212	6.19275
215	6.358125
219	6.489
226	7.1573125
230	7.3501875
232	7.43975
237	7.9220625
241	8.2803125
244	8.4594375
250	9.2516875
253	9.472125
257	9.58925
265	11.8905625
268	12.104125
274	12.6208125
279	12.8619375
284	13.3855625
288	13.6266875
292	13.9780625
297	14.377625
302	14.8116875
307	15.1148125
311	15.2456875
316	15.7968125
319	16.0379375
327	17.4641875
332	18.0705
339	20.151375
344	20.447625
347	20.681875
351	20.84725
358	22.94875
362	23.1071875
368	23.5894375
372	23.8788125
378	24.4781875
382	24.7675625
384	24.85025
391	25.5321875
400	26.9583125
404	27.1305625
408	27.2476875
420	28.398125
424	28.6943125
427	28.894125
432	29.279875
436	29.459
442	29.9068125
477	33.2761875
481	33.42775
491	34.3164375
495	34.6195625
498	34.79175
502	35.191375
506	35.3360625
511	35.91475
514	36.1076875
518	36.2454375
525	36.934375
529	37.168625
536	37.8024375
539	37.9815625
542	38.195125
546	38.567125
552	40.8409375
554	41.0614375
560	41.54375
564	41.7573125
568	41.8813125
575	43.404
577	43.534875
583	44.0929375
586	44.2720625
592	44.8990625
601	45.712
606	46.1529375
612	46.607625
619	47.971875
623	48.1303125
626	48.3025625
636	49.2670625
642	49.94225
645	50.1558125
652	50.727625
657	51.0169375
661	51.1960625
667	51.6300625
676	53.8280625
682	54.3171875
686	54.461875
692	55.1715
694	55.2679375
701	55.96375
705	56.390875
708	56.57
715	57.89975
719	58.2580625
726	60.3389375
731	60.669625
738	61.2345625
741	61.50325
745	61.641
751	62.3230625
754	62.4953125
758	62.7433125
795	66.38825
799	66.519125
805	67.1805
808	67.3803125
815	68.1658125
819	68.365625
823	68.4895625
829	69.1509375
832	69.3231875
838	69.839875
843	70.329
848	70.769875
851	71.1005625
856	71.4449375
860	71.5551875
867	73.1123125
871	73.263875
884	74.4695
887	74.6348125
889	74.79325
896	75.5166875
901	75.8541875
905	75.992
909	76.5706875
915	77.16325
919	77.4456875
931	78.492875
939	80.808
943	80.9664375
949	81.5933125
952	81.855125
959	82.5026875
963	82.7024375
967	82.8126875
979	84.0804375
982	84.34225
988	85.6238125
992	85.858
1000	86.6158125
1006	87.90425
1011	88.1729375
1021	90.5363125
1023	90.6603125
1034	91.56275
1040	92.15525
1043	92.3275
1054	93.6089375
1057	93.87075
1061	94.284125
1101	98.142625
1105	98.32175
1119	99.78225
1123	100.085375
1129	100.5814375
1134	101.0499375
1138	101.394375
1141	101.545875
1144	101.780125
1152	102.20725
1159	102.8616875
1164	104.639375
1167	104.887375
1171	105.3145
1180	106.224
1184	106.3686875
1191	107.043875
1194	107.3608125
1207	109.062625
1211	109.414
1218	111.4741875
1227	112.3560625
1232	112.6178125
1235	112.893375
1239	113.0518125
1248	113.8233125
1250	113.912875
1257	114.63625
1264	117.0409375
1266	117.2614375
1273	117.8745625
1276	118.074375
1282	119.411
1284	119.52125
1294	120.3410625
1297	120.5201875
1301	121.0438125
1304	121.3263125
1308	121.491625
1314	122.807625
1318	122.9729375
1320	123.0625
1329	124.1304375
1334	124.4198125
1342	125.1915
1346	125.308625
1354	125.85975
1357	126.0113125
1359	126.100875
1369	127.7750625
1373	127.926625
1381	128.88425
1384	129.0426875
1386	129.13225
1394	130.0071875
1431	133.7003125
1435	133.8794375
1440	134.347875
1445	134.7266875
1450	135.1469375
1457	135.835875
1460	136.070125
1464	136.43525
1468	136.7315
1472	136.9036875
1480	137.6270625
1487	139.7699375
1490	139.9835
1497	140.638
1507	141.4785625
1511	141.6576875
1518	142.1950625
1528	143.8416875
1532	143.99325
1541	144.7716875
1548	146.8525625
1550	147.0730625
1556	147.5898125
1561	147.8240625
1565	148.2443125
1571	148.7334375
1573	148.823
1588	150.228375
1591	150.476375
1596	150.98625
1605	153.27375
1608	153.508
1612	153.8318125
1619	155.1133125
1623	155.2855625
1627	155.43025
1633	155.9331875
1637	156.2363125
1640	156.3740625
1644	156.7391875
1648	156.9114375
1657	157.6829375
1660	157.94475
1668	158.5303125
1671	158.805875
1675	158.943625
1680	159.4809375
1716	162.939875
1720	163.07075
1726	163.6356875
1731	163.91125
1738	164.4761875
1741	164.75175
1745	165.06175
1752	166.5155
1758	166.956375
1762	167.190625
1768	168.4239375
1773	168.7753125
1776	168.940625
1780	169.092125
1787	170.3805
1791	170.5871875
1797	171.1728125
1802	171.4208125
1806	171.5585625
1815	172.468
1824	174.6866875
1827	174.90025
1831	175.0518125
1838	175.71325
1845	176.3470625
1851	177.6561875
1854	177.814625
1860	178.0350625
1865	178.407125
1868	178.544875
1872	178.9789375
1875	179.39925
1878	179.58525
1882	179.7368125
1891	180.536
1894	180.70825
1898	180.846
1903	181.41775
1911	183.822375
1915	183.946375
1922	184.6351875
1925	184.8005625
1929	185.03475
1938	185.8406875
1942	186.0818125
1947	186.5778125
1950	186.7638125
1954	187.1703125
1959	187.54225
1963	187.659375
1968	188.224375
1971	188.38975
1975	188.6170625
1981	189.850375
1985	189.974375
1993	190.6495
1999	190.952625
2003	191.35225
2010	191.9654375
2017	192.6268125
2022	192.9230625
2034	194.163125
2038	194.28025
2048	195.816625
2052	195.9750625
2054	196.1059375
2060	196.698375
2065	197.3184375
2068	197.476875
2072	197.5870625
2079	198.1795
2082	198.35175
2089	198.9649375
2095	199.22675
2103	199.984625
2111	200.577125
2115	200.832
2119	201.0524375
2131	203.6775
2133	203.904875
2137	204.3801875
2140	204.5593125
2146	205.2826875
2150	205.6065
2158	206.316125
2165	208.527875
2169	208.651875
2174	209.09275
2179	209.46475
2183	209.581875
2192	210.4224375
2196	210.636
2203	212.069125
2207	212.3240625
2211	212.46875
2219	213.1576875
2223	213.440125
