141	0.164625
145	0.3161875
152	0.7570625
161	1.563
166	2.0176875
171	2.32075
173	2.4103125
183	3.2163125
189	3.87775
192	4.118875
196	4.2635625
201	4.759625
207	5.3590625
210	5.5313125
214	5.6690625
222	7.115875
227	7.5430625
229	7.6188125
233	8.1010625
236	8.300875
240	8.7831875
243	8.976125
247	9.113875
253	10.5056875
257	10.7605625
265	11.566625
270	11.8353125
274	12.0626875
280	12.5655625
283	12.7998125
285	12.89625
291	13.45425
295	13.6746875
299	14.053625
301	14.17075
308	16.2723125
312	16.43075
323	17.5950625
326	17.8499375
330	18.2564375
334	18.4355625
342	19.82725
346	19.9788125
353	20.60575
360	22.6935
363	22.89325
366	23.1275
370	23.3410625
381	24.3605625
384	24.519
388	24.636125
397	26.9580625
399	27.1165
406	27.743375
409	27.915625
412	28.1843125
416	28.4391875
421	28.845625
424	29.0591875
429	29.3898125
433	29.5345
439	30.9124375
443	31.0915625
447	31.3465
451	31.6771875
455	31.9803125
460	32.414375
463	32.6141875
469	33.1585
502	36.5278125
506	36.6449375
510	37.175375
513	37.3958125
517	37.5405
522	37.9814375
529	38.5395625
531	38.629125
537	39.3800625
542	39.641875
546	39.89675
551	40.193
563	41.3710625
568	41.7293125
570	41.8464375
578	42.473375
582	42.7281875
589	44.1475625
593	44.3335625
595	44.4506875
601	44.8985
606	45.1603125
610	45.4151875
617	45.96625
619	46.083375
625	46.5449375
629	46.786
637	47.55075
641	47.785
646	48.260375
657	50.796
659	50.90625
666	51.49875
674	52.40125
677	52.6355
681	53.042
685	53.1866875
690	53.724125
693	53.9376875
695	54.02725
703	54.860875
709	56.101125
713	56.4594375
720	58.5403125
724	58.76075
728	59.0294375
735	59.546125
737	59.6356875
743	61.034375
747	61.26175
751	61.4821875
758	62.129875
765	62.5845625
804	66.257
808	66.381
814	67.0630625
825	67.9173125
829	68.268625
831	68.378875
836	68.8749375
840	69.2883125
844	69.44675
846	69.557
850	69.908375
857	71.334625
861	71.5275
866	72.126875
871	72.3749375
873	72.533375
879	73.0431875
882	73.2774375
892	75.6545
896	75.957625
900	76.13675
906	76.7085625
911	76.984125
913	77.0736875
919	77.5973125
923	77.7764375
926	77.9624375
932	78.513625
939	79.843375
943	79.9949375
951	80.7596875
958	82.813
962	82.9714375
968	83.54325
974	84.0048125
978	85.238125
982	85.3965625
988	85.9615
991	86.126875
995	86.2853125
1004	87.718375
1008	87.8699375
1013	88.304
1016	88.469375
1020	88.5933125
1026	89.97125
1029	90.1434375
1032	90.398375
1036	90.74975
1040	91.1493125
1075	94.5255625
1079	94.7046875
1087	95.2764375
1090	95.4486875
1094	95.5864375
1101	96.2409375
1108	97.7154375
1112	97.867
1117	98.4388125
1120	98.59725
1122	98.72125
1127	99.1759375
1133	100.478125
1137	100.6503125
1141	100.788125
1147	101.394375
1150	101.5735
1154	102.104
1162	102.455375
1166	102.6138125
1173	104.1709375
1177	104.3225
1186	105.156125
1193	105.6039375
1195	105.700375
1205	106.341125
1215	108.0015
1219	108.3873125
1221	108.476875
1228	108.97975
1235	111.1225625
1239	111.6875
1244	111.976875
1248	112.156
1254	112.7346875
1262	114.2229375
1266	114.5743125
1273	115.883375
1277	116.0555625
1281	116.193375
1288	116.8478125
1291	117.0131875
1295	117.185375
1301	117.605625
1309	118.1498125
1346	121.8705625
1348	122.084125
1357	123.489625
1359	123.613625
1364	124.082125
1369	124.4335
1373	124.626375
1382	126.093875
1386	126.2660625
1388	126.3969375
1392	126.9275
1395	127.092875
1399	127.4166875
1402	127.575125
1406	127.706
1413	129.03575
1417	129.15975
1423	129.8004375
1430	130.37225
1434	130.675375
1439	130.971625
1448	131.5709375
1452	131.77075
1456	131.8946875
1460	132.321875
1467	132.8936875
1471	133.176125
1477	135.2708125
1487	136.283625
1490	136.5523125
1494	136.93125
1496	137.0896875
1502	137.5374375
1512	139.17725
1517	139.735375
1525	140.941125
1529	141.1064375
1531	141.2235625
1538	141.747125
1541	141.95375
1543	142.0364375
1547	142.587625
1550	142.821875
1554	143.2076875
1556	143.290375
1590	146.776875
1594	146.9284375
1601	147.3693125
1611	149.02275
1614	149.201875
1618	149.4568125
1623	150.641875
1627	150.9105625
1633	151.358375
1637	151.496125
1643	152.1506875
1652	152.8946875
1655	153.0669375
1659	153.321875
1663	153.7215
1668	154.968625
1676	155.6163125
1679	155.7954375
1686	156.456875
1690	156.8013125
1693	157.014875
1700	157.6280625
1707	159.006
1711	159.5709375
1717	159.83275
1721	160.005
1726	160.5630625
1730	160.762875
1734	160.88
1738	161.4105
1743	161.803125
1746	161.975375
1749	162.16825
1753	164.07
1757	164.249125
1766	165.36525
1769	165.558125
1773	165.709625
1778	166.2125625
1781	166.3848125
1785	166.5225625
1794	168.141625
1798	168.2931875
1802	168.6651875
1805	168.8305625
1809	169.0234375
1821	170.81475
1825	170.993875
1829	171.1385
1835	171.7309375
1838	171.923875
1842	172.0685
1847	172.4749375
1851	172.7780625
1855	173.101875
1858	173.253375
1861	173.4945
1875	175.968
1877	176.092
1887	176.739625
1892	178.0280625
1896	178.413875
1898	178.5103125
1905	178.944375
1912	180.29475
1916	180.4463125
1925	181.2316875
1931	183.3125625
1935	183.4365625
1940	184.04975
1946	184.5045
1950	184.64225
1959	186.261375
1963	186.4198125
1967	186.9365625
1970	187.1019375
1974	187.2948125
1983	188.7623125
1987	188.9414375
1991	189.065375
1998	189.7405
2001	189.905875
2005	190.043625
2010	190.62925
2015	190.9048125
2021	191.2010625
2027	191.8005
2033	193.185375
2037	193.50225
2040	193.667625
2043	193.8605
2052	194.556375
2055	194.7355
2059	194.87325
2064	195.4175
