141	0.164625
145	0.288625
153	0.9706875
157	1.2738125
161	1.425375
167	1.9903125
175	4.3949375
180	4.7876875
184	4.9254375
189	5.59375
194	5.99325
196	6.110375
201	6.5168125
204	6.730375
214	8.2805625
216	8.4045625
220	8.914375
223	9.086625
233	10.6436875
237	10.809
240	10.995
248	11.697625
251	11.869875
259	12.365875
264	12.607
267	12.944625
278	13.80575
282	14.164
292	15.7625
296	15.9829375
307	17.1128125
310	17.2850625
314	17.4228125
320	17.98775
328	18.78
332	19.0555625
339	19.7513125
349	21.2739375
353	21.4530625
357	21.5839375
367	22.431375
370	22.603625
374	22.8240625
380	23.30625
384	23.6025
416	26.909875
420	27.033875
425	27.4955
433	28.2395625
436	28.4049375
440	28.5358125
448	29.44525
452	29.686375
454	29.7759375
460	30.3753125
467	30.926375
470	31.098625
474	31.3190625
480	31.7530625
491	34.18525
494	34.3988125
499	34.71575
503	34.95
509	35.4253125
511	35.514875
519	36.1763125
523	36.4105625
528	36.9410625
531	37.1684375
538	38.505125
542	38.6566875
550	39.4145625
557	41.47475
561	41.6814375
567	42.577125
571	42.701125
579	43.8654375
583	44.0445625
587	44.15475
594	44.6920625
600	45.257
604	45.422375
608	45.8150625
611	46.02175
616	46.26975
624	48.447125
628	48.571125
633	49.0189375
637	49.2531875
644	49.866375
655	50.93425
662	51.4578125
665	51.6989375
671	52.93225
675	53.1045
679	53.221625
684	53.7659375
688	53.9795
692	54.1035
700	54.6821875
704	54.9233125
707	55.0955
716	55.8876875
749	59.18125
753	59.3879375
758	59.780625
761	59.952875
765	60.090625
773	60.9174375
777	61.17925
779	61.296375
784	61.7441875
787	61.964625
791	62.08175
798	63.48725
803	63.9350625
807	64.3415
812	64.934
815	65.10625
824	65.76075
830	66.0914375
834	66.3945
838	68.3169375
840	68.5305
847	69.1780625
850	69.377875
855	69.9083125
860	70.2458125
864	70.383625
870	71.699625
872	71.8305
876	72.354125
879	72.5539375
887	74.0076875
891	74.179875
893	74.2625625
901	74.868875
908	75.633625
911	75.805875
913	75.8954375
917	76.4190625
920	76.5981875
925	78.107125
929	78.2586875
935	78.94075
938	79.106125
942	79.367875
946	79.7536875
953	80.3875625
957	80.697625
965	81.6070625
969	81.8550625
975	82.4406875
978	82.612875
982	82.8333125
988	83.288
1020	86.492
1024	86.616
1030	87.153375
1035	87.552875
1039	87.690625
1047	88.3864375
1050	88.5518125
1054	88.71025
1060	90.1709375
1064	90.377625
1068	90.735875
1071	90.8943125
1075	91.1216875
1081	91.67975
1087	93.0439375
1091	93.2230625
1095	93.347
1101	93.8775
1106	94.166875
1113	94.8145
1119	95.11075
1125	96.5783125
1129	96.7643125
1143	98.066375
1147	98.376375
1156	99.237625
1158	99.3271875
1170	100.1676875
1175	100.4088125
1177	100.498375
1189	101.3525625
1200	103.640125
1203	103.922625
1207	104.170625
1215	104.7906875
1219	104.962875
1225	105.3969375
1228	105.555375
1230	105.6449375
1237	106.271875
1246	107.6704375
1251	108.2698125
1284	111.549625
1288	111.7011875
1296	112.397125
1299	112.569375
1303	112.707125
1314	113.781875
1318	114.085
1321	114.2985625
1326	114.69125
1329	114.856625
1333	115.1115
1339	115.5455
1343	115.7453125
1347	116.00025
1353	116.59275
1356	116.77875
1360	116.895875
1365	117.4333125
1371	118.6734375
1376	118.942125
1380	119.079875
1385	119.624125
1390	120.0444375
1393	120.202875
1398	120.5886875
1402	120.7885
1406	120.905625
1411	121.4775
1423	122.2835625
1426	122.4764375
1429	122.7106875
1436	124.764
1438	124.9845
1442	125.3909375
1445	125.639
1449	125.8939375
1453	126.3073125
1458	127.6646875
1460	127.7886875
1464	128.202
1470	129.5455625
1474	129.710875
1476	129.828
1484	130.5514375
1490	131.1645625
1495	131.4125625
1499	131.8396875
1506	132.3081875
1509	132.52175
1517	133.2795
1519	133.3690625
1553	136.7315625
1559	137.1725
1563	137.3585
1570	138.06125
1574	138.2955
1580	138.8053125
1589	140.0936875
1593	140.300375
1599	140.7825625
1604	141.195875
1609	141.6919375
1613	141.9261875
1618	142.3601875
1623	142.849375
1627	144.7786875
1631	144.9026875
1639	145.591625
1643	145.89475
1648	146.170375
1653	147.3830625
1657	147.5553125
1661	147.7
1667	148.2098125
1674	148.7058125
1677	148.8435625
1685	149.5945625
1689	149.7736875
1695	150.2215
1701	151.716625
1709	152.48825
1712	152.7225
1718	153.321875
1721	153.4940625
1725	153.6318125
1731	154.2863125
1735	154.679
1739	154.94075
1744	155.181875
1746	155.2714375
1753	155.926
1758	156.3945
1761	156.5805
1765	156.7251875
1773	158.8749375
1777	159.0471875
1783	160.4458125
1787	160.5905
1792	161.8995625
1796	162.0373125
1801	163.3395
1805	163.5116875
1809	163.6288125
1816	165.034375
1820	165.344375
1823	165.516625
1826	165.702625
1830	165.964375
1837	168.0796875
1841	168.286375
1847	168.7616875
1853	169.2645625
1856	169.5676875
1860	169.726125
1871	171.3865
1875	171.5449375
1883	172.3028125
1890	173.59125
1894	173.7634375
1898	173.9631875
1912	175.2721875
1918	175.740625
1921	176.04375
1925	176.19525
1932	178.3588125
1936	178.5103125
1944	179.5300625
1948	179.7298125
1954	180.5634375
1958	180.735625
1964	181.5693125
1968	181.7415625
1972	181.879375
1977	182.5200625
1982	182.85075
1986	183.1745625
1989	183.3675
1993	183.484625
1998	184.028875
2007	185.6273125
2011	185.8064375
2015	185.9373125
2021	186.619375
2024	186.791625
2028	186.929375
2035	187.5976875
2039	187.9490625
2042	188.114375
2046	188.514
2051	188.824
2061	191.111625
2065	191.373375
2070	192.0899375
2074	192.2414375
2080	193.1646875
2084	193.3369375
2088	193.4540625
2095	194.12925
2098	194.294625
2102	194.522
2108	194.9973125
2113	195.2384375
2117	195.6173125
2120	195.7964375
2124	195.93425
2129	196.471625
2132	196.6300625
2134	196.71275
2141	197.3396875
2149	198.717625
2156	199.17925
2159	199.42725
2164	199.9164375
2171	200.64675
2174	200.9154375
2177	201.1634375
2180	201.4665625
2184	201.8799375
2189	202.4035625
2192	202.555125
