141	0.164625
145	0.288625
151	0.93625
159	1.6871875
163	1.9420625
168	2.3554375
174	2.796375
178	2.9755
184	3.5541875
188	3.822875
194	4.2638125
200	5.4626875
204	5.6555625
207	5.8415625
211	6.11025
218	6.813
222	7.1988125
229	7.7913125
232	7.9910625
235	8.2184375
245	9.816875
249	9.940875
255	10.5058125
263	11.305
269	11.5668125
277	12.1248125
281	12.3521875
287	12.7999375
292	13.1374375
296	13.2545625
302	13.7919375
307	14.3086875
311	14.4740625
315	14.729
320	15.17
325	15.6591875
328	15.8245
332	15.976
337	16.52025
344	18.67
346	18.8284375
353	19.4553125
356	19.655125
363	20.3303125
367	20.4956875
371	20.8815
373	20.9641875
382	22.5213125
386	22.672875
395	23.444375
402	24.760375
406	25.008375
411	25.2564375
415	25.532
417	25.60775
423	27.006375
427	27.192375
430	27.3853125
435	27.72975
437	27.8193125
471	31.21625
475	31.34025
483	32.1600625
492	33.1659375
496	33.4759375
498	33.572375
508	34.2061875
517	34.9570625
522	35.2876875
526	35.432375
532	35.99725
537	37.244375
541	37.4235
545	37.5613125
556	38.31225
560	38.5878125
567	39.1734375
569	39.2836875
576	41.4471875
580	41.6951875
586	42.198125
589	42.494375
593	42.962875
597	43.197125
609	44.12025
613	44.313125
615	44.43025
624	45.2500625
634	46.99325
636	47.1035
643	47.751125
650	49.067125
654	49.2324375
656	49.4115625
662	49.921375
666	50.1831875
669	50.39675
673	50.7068125
677	50.98925
682	51.2854375
686	51.4645625
692	52.057
695	52.3394375
703	54.4065
707	54.585625
717	55.7430625
725	57.224375
729	57.4035
733	57.534375
737	57.9684375
740	58.1406875
745	58.4369375
751	58.995
754	59.2154375
760	59.6288125
764	59.7735
769	60.3453125
802	63.714625
806	63.8661875
810	64.272625
814	64.520625
818	64.85825
822	65.161375
832	66.8424375
834	66.938875
841	68.392625
843	68.516625
848	69.122875
851	69.295125
858	69.963375
862	70.2251875
866	70.3629375
872	71.734
874	71.864875
881	72.5263125
885	72.739875
889	72.87075
894	74.0764375
898	74.24175
900	74.3864375
907	74.9995625
912	75.4749375
917	75.7574375
923	76.0536875
928	76.51525
936	77.1008125
940	77.3901875
946	79.409
955	80.2425625
958	80.44925
962	80.6214375
970	81.689375
974	81.8409375
980	82.8468125
984	83.019
988	83.149875
992	83.556375
996	83.7699375
1000	84.1764375
1004	84.31425
1014	85.947125
1018	86.071125
1025	86.725625
1032	88.8064375
1036	88.9855625
1041	89.371375
1073	92.67875
1077	92.9268125
1085	93.6639375
1090	93.9601875
1099	94.649125
1103	94.959125
1115	96.833125
1119	97.026
1122	97.212
1126	97.4738125
1128	97.563375
1135	98.142
1138	98.307375
1143	98.996375
1147	99.2375
1154	100.6568125
1158	100.7808125
1166	101.6144375
1170	101.9175625
1175	102.2206875
1181	102.813125
1186	103.1093125
1188	103.20575
1195	103.936
1200	104.54225
1206	104.8109375
1210	104.9900625
1216	105.561875
1220	105.8236875
1227	106.402375
1235	108.5865625
1237	108.800125
1246	109.66125
1249	109.826625
1253	109.9988125
1258	110.5568125
1264	111.05975
1274	111.941625
1278	112.05875
1284	112.665
1287	112.8579375
1291	112.9956875
1297	113.5950625
1300	113.7673125
1304	113.92575
1311	115.3933125
1315	115.5655625
1319	115.703375
1324	116.2683125
1330	116.6471875
1333	116.8263125
1338	117.2879375
1341	117.5015
1343	117.5910625
1378	121.1603125
1382	121.2843125
1390	122.076625
1394	122.3590625
1397	122.53125
1403	122.9859375
1405	123.0755
1412	124.5293125
1420	125.9485625
1427	126.65125
1434	128.0085
1438	128.4080625
1446	128.917875
1448	129.0074375
1453	130.1511875
1456	130.3371875
1460	130.481875
1465	131.01925
1471	132.259375
1476	132.6381875
1478	132.72775
1489	133.9195625
1495	135.1735
1497	135.2975
1501	135.71775
1509	137.130125
1513	137.2954375
1515	137.4125625
1526	139.031625
1530	139.3485
1533	139.52075
1538	139.817
1547	140.42325
1552	140.67125
1556	140.809
1561	141.3533125
1567	141.8700625
1573	143.9026875
1582	144.7706875
1589	145.4044375
1593	145.6455625
1600	146.2380625
1607	146.837375
1611	147.009625
1618	148.4703125
1622	148.621875
1631	149.4003125
1638	150.709375
1642	150.96425
1646	151.1365
1651	151.5911875
1655	151.983875
1658	152.156125
1663	152.5901875
1668	152.9208125
1672	153.0310625
1679	153.658
1683	153.9129375
1688	154.243625
1691	154.4640625
1695	154.5949375
1729	157.9643125
1733	158.18475
1742	159.142375
1745	159.314625
1749	159.452375
1757	160.23775
1767	161.098875
1775	161.69825
1779	161.8980625
1783	162.0289375
1794	163.2896875
1804	164.143875
1815	164.8948125
1821	167.072125
1824	167.333875
1828	167.5888125
1832	167.926375
1835	168.098625
1839	168.2639375
1845	169.5316875
1849	169.6625625
1857	170.4204375
1861	170.7235625
1863	170.813125
1870	172.24625
1875	172.7905625
1885	174.017
1889	174.395875
1895	175.31225
1899	175.4844375
1901	175.642875
1910	176.4006875
1915	176.6969375
1922	177.33075
1928	177.64075
1936	178.4330625
1945	180.824
1949	181.0789375
1957	181.7058125
1960	181.8711875
1963	182.0571875
1967	182.3671875
1977	183.338625
1985	184.7716875
1987	184.8956875
1993	185.426125
1996	185.598375
2003	186.9969375
2005	187.1209375
2010	187.6514375
2013	187.8305625
2019	189.284375
2023	189.4496875
2025	189.53925
2030	190.0904375
2033	190.29025
2041	191.123875
2046	191.420125
2050	191.5648125
2059	192.3501875
2065	192.7704375
2071	194.9201875
2073	195.0441875
2078	195.5609375
2088	196.1120625
2092	196.3049375
2094	196.4220625
2103	197.1455
2110	197.7034375
2113	197.9031875
2117	198.2889375
2124	198.9503125
2129	199.3361875
2133	199.4601875
2137	199.97
2140	200.14225
2144	200.3075625
2153	201.155
2162	201.961
2167	202.202125
2169	202.333
2176	202.9668125
2179	203.2148125
2181	203.2905625
2186	204.5583125
2190	204.765
2194	204.8751875
2198	205.254125
2207	205.9361875
2212	206.1841875
2220	206.886875
2223	207.0866875
2227	207.252
2232	207.7480625
2237	208.0855625
2241	208.3405
2246	208.7814375
2252	210.9449375
2254	211.1585
2258	211.7165625
2261	211.8819375
2268	212.543375
2273	212.88775
2277	213.0875625
2283	213.7765
2289	214.265625
2293	214.389625
