141	0.164625
145	0.3230625
158	1.4460625
162	1.6940625
168	2.1418125
172	2.307125
179	2.95475
187	4.5738125
191	4.7666875
194	4.9595625
200	5.531375
205	5.765625
207	5.8620625
214	7.9980625
218	8.2185
224	8.7971875
226	8.88675
230	9.4103125
234	9.610125
238	9.72725
242	10.1958125
248	10.7745
252	10.94675
260	12.4349375
264	12.6278125
274	13.7851875
281	15.8385
285	16.07275
291	16.4585625
295	16.60325
299	17.1061875
305	17.6711875
309	17.8709375
313	18.105125
320	18.683875
326	19.228125
332	21.3503125
337	21.763625
340	21.94275
343	22.239
347	22.47325
355	23.0933125
359	23.2310625
363	23.858
366	24.0164375
368	24.106
375	24.7535625
411	28.1643125
415	28.315875
424	29.239
433	30.038125
437	30.3068125
445	31.677875
447	31.80875
454	32.4839375
457	32.6561875
461	32.7939375
470	33.5724375
477	34.199375
479	34.36475
484	34.7643125
489	35.2948125
493	35.51525
497	35.63925
504	37.099875
506	37.23075
522	38.60175
530	40.1795625
534	40.338
536	40.4275625
543	41.0338125
556	43.63825
558	43.85875
562	44.285875
566	44.47875
568	44.5683125
575	45.34675
579	45.643
585	46.0701875
590	46.4284375
593	46.635125
595	46.745375
602	47.537625
607	47.785625
610	47.9991875
612	48.157625
620	49.43225
624	49.5906875
633	50.369125
640	52.45
643	52.6635625
647	52.9598125
650	53.235375
655	53.6625
660	54.0138125
668	54.7165
672	54.95075
678	55.433
681	55.674125
715	58.926375
719	59.05725
726	59.6428125
729	59.86325
733	60.0010625
739	60.6279375
743	60.9861875
751	61.54425
754	61.73025
757	62.0403125
762	62.315875
768	63.1288125
776	63.9831875
779	64.2311875
786	65.6643125
789	65.864125
793	66.112125
799	66.546125
803	66.807875
809	67.1936875
813	67.352125
823	69.812
826	70.066875
829	70.2666875
834	70.6800625
838	70.9694375
840	71.052125
847	71.6515
852	71.9133125
861	72.7469375
865	72.919125
871	73.34625
882	74.4968125
888	76.09525
891	76.3019375
896	76.52925
901	76.942625
905	77.238875
909	77.659125
917	79.064625
921	79.416
928	81.4761875
931	81.7310625
934	81.944625
939	82.413125
943	82.5578125
950	83.12275
957	84.5420625
960	84.7831875
965	85.237875
969	85.3825625
974	85.8924375
978	86.09225
982	86.209375
988	86.7260625
1022	90.129875
1026	90.3848125
1039	91.8521875
1042	92.0244375
1046	92.1621875
1051	92.6720625
1055	92.947625
1063	93.6434375
1072	95.1385
1074	95.269375
1078	95.689625
1081	95.861875
1086	96.3785625
1093	97.7426875
1095	97.8666875
1100	98.42475
1103	98.70725
1113	100.4916875
1115	100.6156875
1122	101.228875
1125	101.401125
1132	102.854875
1136	103.0133125
1138	103.102875
1145	103.6334375
1150	103.9159375
1157	104.4464375
1161	104.591125
1165	105.0045
1170	105.431625
1177	107.6365
1181	107.829375
1189	108.890375
1192	109.062625
1197	109.3933125
1202	109.9031875
1205	110.1443125
1209	110.52325
1211	110.6196875
1220	111.5221875
1231	112.996625
1235	113.196375
1245	114.35375
1278	117.612875
1282	117.7713125
1293	118.963125
1298	119.1698125
1304	119.5005
1309	119.8311875
1314	120.04475
1318	120.3134375
1326	120.988625
1331	121.236625
1338	121.6775625
1343	122.2288125
1351	124.42675
1353	124.64725
1361	125.150125
1367	126.3696875
1369	126.5005625
1374	126.8519375
1383	127.98875
1385	128.11275
1391	129.02225
1395	129.1875625
1397	129.277125
1404	130.0005625
1407	130.1728125
1413	130.7515
1418	131.04775
1422	131.22
1428	131.7091875
1431	131.8745625
1435	132.0123125
1441	132.6048125
1446	133.8174375
1451	134.19625
1456	134.5820625
1461	135.0229375
1466	135.2640625
1477	136.318125
1479	136.4076875
1484	137.034625
1489	137.2550625
1491	137.344625
1498	137.9646875
1533	141.5545625
1537	141.8025625
1541	142.140125
1544	142.312375
1548	142.5328125
1557	143.3319375
1561	143.600625
1566	143.9106875
1574	144.5169375
1578	144.7718125
1586	145.32975
1590	145.570875
1601	146.3286875
1605	146.5835625
1615	148.850375
1618	149.132875
1622	149.4084375
1627	149.75975
1630	149.952625
1638	150.5450625
1640	150.62775
1650	151.4130625
1654	151.6335
1658	152.0399375
1663	152.494625
1666	152.7013125
1672	153.149125
1675	153.3558125
1677	153.4729375
1687	155.1609375
1691	155.3125
1700	156.0909375
1707	158.1718125
1711	158.2958125
1716	158.8331875
1722	159.4394375
1727	159.715
1732	160.0870625
1735	160.2730625
1741	160.776
1746	161.01025
1753	163.0635625
1757	163.1875625
1762	163.6215625
1765	163.7938125
1769	163.9866875
1779	165.1509375
1787	165.653875
1796	166.5633125
1802	167.4728125
1806	167.638125
1808	167.75525
1812	168.292625
1815	168.47175
1823	170.028875
1827	170.152875
1832	170.8763125
1837	171.2345625
1841	171.3654375
1846	171.916625
1850	172.21975
1854	172.495375
1859	172.957
1865	173.418625
1868	173.590875
1872	173.7630625
1876	174.0593125
1882	174.596625
1885	174.768875
1889	174.9893125
1895	175.4439375
1900	175.712625
1904	175.8710625
1909	176.415375
1915	176.7185
1921	178.8269375
1925	178.9509375
1934	179.688125
1937	179.860375
1941	180.0256875
1947	180.618125
1951	180.8179375
1955	180.9695
1962	181.6101875
1965	181.7755625
1969	181.9270625
1976	182.595375
1981	182.9466875
1984	183.1946875
1988	183.318625
1993	183.862875
1998	184.414
2002	184.7033125
2008	186.915125
2013	187.2389375
2020	187.9209375
2024	188.2860625
2028	188.699375
2034	189.1815625
2038	189.4226875
2042	189.8084375
2048	191.276
2052	191.4481875
2056	191.5790625
2061	192.178375
2066	192.61925
2074	193.37025
2080	194.6586875
2088	195.285625
2093	195.7954375
2096	196.002125
