141	0.164625
145	0.412625
154	1.0740625
162	1.6251875
166	1.8800625
171	2.3003125
174	2.445
176	2.562125
184	3.278625
193	4.181125
198	4.504875
202	4.622
208	5.1869375
217	6.7853125
220	6.9575
222	7.1159375
227	7.56375
232	7.7773125
234	7.93575
239	8.755625
241	8.879625
251	9.8371875
255	10.0025
257	10.119625
266	11.01525
273	11.66975
277	11.924625
287	14.20525
292	14.5496875
295	14.756375
297	14.8459375
303	15.54175
309	16.07225
319	17.643125
323	18.0289375
329	18.5111875
340	20.3300625
344	20.4885
356	21.7906875
363	23.844
371	24.4365
374	24.677625
379	25.0014375
385	25.593875
389	25.8694375
398	26.517
401	26.6685
403	26.7580625
440	30.2031875
444	30.35475
451	31.00925
454	31.1676875
458	31.4294375
462	31.8359375
468	32.4285
472	32.731625
474	32.8211875
485	33.8890625
494	35.473625
497	35.707875
503	36.3348125
506	36.49325
508	36.5828125
518	38.4499375
520	38.5808125
528	39.572875
531	39.73825
543	41.7294375
547	41.89475
550	42.0669375
557	42.7765625
560	42.928125
562	43.0245625
569	43.7961875
574	44.078625
583	44.808875
592	47.082625
595	47.2893125
604	48.143625
611	48.8050625
621	50.4655
633	52.4359375
635	52.5599375
643	53.2695625
646	53.4761875
648	53.56575
655	54.37875
663	54.9574375
667	55.1848125
700	58.402625
704	58.5955
713	59.8149375
716	59.9871875
720	60.2145625
729	61.006875
733	61.26175
738	61.76475
742	62.005875
748	63.3631875
753	63.7008125
755	63.8248125
766	64.7961875
773	66.952875
775	67.173375
782	67.883
785	68.062125
787	68.17925
793	69.6399375
795	69.7639375
800	70.21175
803	70.418375
805	70.5768125
811	71.823875
815	71.9823125
817	72.071875
824	72.8296875
827	73.0156875
829	73.1259375
836	73.7804375
842	75.1101875
845	75.2961875
849	75.4615625
857	77.0049375
862	77.4183125
878	80.4155
882	80.6841875
886	80.8495625
890	81.2629375
901	82.84075
906	83.4470625
913	84.7630625
917	84.9490625
921	85.1901875
926	85.5346875
930	85.81025
940	86.6714375
943	86.829875
945	86.9194375
953	87.7530625
961	88.276625
963	88.4350625
999	91.8870625
1003	92.0110625
1011	92.741375
1016	93.2374375
1020	93.5199375
1025	93.960875
1027	94.0504375
1034	94.71875
1038	94.911625
1040	95.021875
1046	95.74525
1049	95.9381875
1053	96.0553125
1058	96.5995625
1067	97.2126875
1070	97.5020625
1076	97.8051875
1085	99.33475
1089	99.541375
1093	99.7411875
1101	100.395625
1105	100.6711875
1116	103.117125
1128	104.89475
1132	105.321875
1145	107.14075
1149	107.2991875
1157	108.0570625
1164	110.1585625
1169	110.441
1172	110.67525
1176	110.8405625
1187	111.5708125
1195	112.1839375
1197	112.3010625
1203	112.9004375
1207	113.0864375
1209	113.176
1216	115.4635625
1218	115.622
1224	116.2420625
1227	116.4143125
1239	117.5649375
1243	117.937
1246	118.178125
1250	118.3159375
1257	119.728375
1262	120.11425
1266	120.48625
1271	120.9546875
1276	121.244
1309	124.6064375
1313	124.7373125
1325	126.0600625
1334	126.7145625
1338	126.9556875
1345	127.4310625
1349	127.706625
1353	128.092375
1365	129.890625
1369	130.0490625
1378	130.8826875
1385	131.34425
1387	131.4338125
1398	132.687625
1401	132.8874375
1406	133.33525
1414	134.0173125
1417	134.1964375
1419	134.3135625
1428	135.3745625
1431	135.574375
1438	137.7379375
1442	138.0755625
1445	138.2409375
1449	138.3786875
1454	138.9780625
1461	139.6669375
1466	140.011375
1470	140.355875
1473	140.714125
1480	141.4375
1485	141.8508125
1489	142.1401875
1495	143.5181875
1499	143.676625
1501	143.7661875
1512	144.85475
1520	145.38525
1525	145.715875
1529	145.833
1535	146.370375
1540	146.894
1544	147.183375
1549	147.493375
1555	148.0858125
1561	148.5405
1565	148.719625
1571	149.2983125
1575	149.573875
1581	150.0355
1617	153.494375
1620	153.7079375
1623	154.0110625
1627	154.4313125
1632	154.7895625
1639	155.49225
1642	155.6920625
1651	157.221625
1655	157.5660625
1662	159.62625
1665	159.8260625
1670	160.1705
1672	160.301375
1679	161.65175
1688	163.1330625
1694	163.842625
1702	164.4901875
1705	164.6624375
1710	164.944875
1719	165.5373125
1722	165.75775
1726	165.874875
1732	166.3089375
1735	166.4811875
1739	166.6189375
1747	168.7755625
1751	168.8995625
1759	169.4783125
1765	169.9605
1770	170.201625
1772	170.2911875
1779	170.9043125
1785	172.3925625
1789	172.5716875
1793	172.695625
1798	173.2191875
1807	174.0390625
1811	174.24575
1819	174.8450625
1823	175.162
1831	177.3738125
1839	177.9663125
1842	178.18675
1846	178.3245625
1852	178.9376875
1856	179.220125
1861	179.5990625
1873	181.4524375
1875	181.5764375
1883	182.561625
1886	182.733875
1897	183.808625
1902	184.146125
1906	184.3735
1915	185.2966875
1921	186.53
1923	186.654
1930	187.3429375
1938	187.79075
1941	188.0111875
1945	188.2109375
1954	189.444125
1957	189.6095
1961	189.7679375
1970	191.3801875
1974	191.5455
1977	191.74525
1982	192.172375
1987	192.7096875
1994	193.2676875
1999	193.5983125
2003	193.7291875
2011	194.4525625
2017	196.623
2020	196.8296875
2030	198.5315
2032	198.6555
2041	200.2056875
2043	200.3228125
2051	201.790375
2054	202.0039375
2062	203.5335
2066	203.6575
2073	204.3258125
2079	205.1319375
2083	205.4901875
2091	206.04825
2094	206.227375
2097	206.5374375
2102	206.813
2112	208.4251875
2116	208.5974375
2120	208.852375
2130	209.7135
2133	209.88575
2137	210.0579375
2144	210.7675625
2148	211.05
2152	211.325625
2162	212.18675
2165	212.3383125
2167	212.43475
2175	213.268375
2183	213.7850625
2185	213.9504375
2193	216.2035625
2197	216.362
2204	217.3748125
2208	217.526375
2216	218.5185625
2220	218.6976875
2224	218.8975
2228	219.2901875
2233	219.634625
2237	219.9515
2240	220.192625
2244	220.3441875
2250	222.514625
2257	223.169125
2263	223.589375
2272	224.367875
2275	224.5263125
2279	224.65025
2284	225.284125
2288	225.6355
2292	226.0075
2302	226.965125
2309	227.6609375
2313	228.67375
2316	228.901125
2324	229.61075
2332	231.11275
2334	231.243625
2342	231.8154375
2347	233.117625
2351	233.2829375
2353	233.441375
2360	233.9993125
2365	234.474625
2373	236.734625
2378	237.216875
2381	237.389125
2385	237.526875
2390	238.09875
2396	238.6568125
2399	238.87725
2403	238.994375
2409	239.6764375
2414	239.87625
2423	240.799375
2432	241.626125
2435	241.908625
2444	243.5001875
2448	243.6724375
2452	243.7895625
2458	244.3958125
2461	244.5680625
2465	244.7954375
2472	245.42925
2476	245.732375
2479	245.8976875
2483	246.2628125
2488	246.54525
2492	246.88975
2496	247.055125
2502	247.6683125
2508	248.123
2512	248.2745625
2517	248.7224375
2521	248.942875
2530	249.7006875
2535	250.2105625
2542	250.7893125
2545	251.064875
2549	252.8425625
2555	253.0975
2559	253.39375
2562	253.7589375
2567	254.296375
2570	254.4479375
2572	254.5375
2577	254.9784375
2582	255.3573125
2586	255.4881875
2593	256.92125
2596	257.2036875
2599	257.3690625
2603	257.54125
2609	258.1268125
2612	258.3335
2621	260.5934375
2625	260.800125
2631	261.4753125
2636	261.888625
2638	261.9850625
2642	262.543125
2646	262.78425
2651	263.1838125
2658	264.637625
2670	266.546125
2675	267.0973125
2679	267.262625
2687	268.7853125
2690	268.9713125
2700	269.8393125
2706	270.349125
2712	270.8038125
