141	0.164625
145	0.288625
154	0.9913125
160	1.390875
163	1.57
167	1.7421875
171	2.0866875
177	2.679125
180	2.851375
184	2.989125
192	4.5255625
197	4.8218125
201	5.0146875
208	5.800125
214	6.316875
218	6.6406875
222	7.0265
228	7.5776875
230	7.6948125
235	8.07375
239	8.2321875
241	8.314875
248	8.9143125
258	10.5746875
262	10.857125
265	11.0638125
270	11.5805625
274	11.8148125
281	12.365875
287	12.9033125
291	13.2133125
299	13.7161875
308	16.0313125
315	16.4860625
318	16.7340625
322	17.16125
326	17.3059375
331	17.8984375
340	18.7183125
343	18.987
346	19.235
351	19.7379375
355	19.9170625
361	20.3510625
367	20.8195
374	22.1493125
378	22.30775
387	23.0861875
393	25.1670625
397	25.3255
408	26.0695625
414	26.3520625
419	26.7930625
422	27.082375
425	27.2753125
429	27.4130625
434	27.9021875
437	28.0675625
441	28.2190625
447	29.597
453	29.8795
457	30.058625
463	30.6304375
468	31.0575625
472	31.319375
478	31.960125
512	35.4535
516	35.632625
521	36.046
526	36.5075625
530	36.852
534	37.031125
539	37.4789375
543	37.6443125
547	37.76825
553	38.4365
558	38.82225
562	39.001375
567	39.3940625
571	39.7591875
575	39.8969375
581	42.026
583	42.15
587	42.6115625
592	43.1558125
595	43.3349375
601	44.75425
603	44.8645
610	45.574125
613	45.7394375
619	47.13125
623	47.2896875
625	47.37925
630	47.964875
635	48.206
637	48.3024375
644	48.970625
652	50.389875
656	50.5965625
668	51.7126875
673	52.339625
678	52.7185625
683	52.9596875
687	53.0768125
696	54.8130625
700	54.9921875
704	55.1093125
713	56.2460625
716	56.439
720	56.5836875
728	57.35525
732	57.6996875
736	58.0855
741	58.4781875
747	58.9260625
751	59.0775625
786	62.4538125
790	62.61225
796	63.149625
802	63.6525625
805	63.811
810	64.2450625
814	64.3621875
822	65.1683125
825	65.313
827	65.430125
836	66.2636875
839	66.4359375
849	68.82675
851	69.0403125
858	69.9635625
860	70.0875625
869	71.1485625
873	71.313875
875	71.4034375
881	72.0235
885	72.25775
889	72.6435625
891	72.7538125
904	74.683
908	74.8345625
916	75.592375
923	77.6525625
927	77.873
934	78.672125
937	78.8788125
942	79.250875
948	79.864
951	80.1258125
955	80.401375
960	80.869875
967	81.427875
972	81.7310625
982	84.0736875
984	84.28725
991	85.0795
994	85.2930625
1000	85.8441875
1007	87.31175
1009	87.442625
1014	87.8973125
1017	88.0695625
1022	89.358
1026	89.5301875
1028	89.6404375
1033	90.0744375
1036	90.2466875
1040	90.3981875
1046	91.011375
1051	91.493625
1055	91.6589375
1060	92.2514375
1096	95.5380625
1100	95.6965
1105	96.158125
1115	96.9503125
1120	97.212125
1126	97.7839375
1130	98.0181875
1136	100.1679375
1138	100.3884375
1147	101.2978125
1151	101.5595625
1155	101.6766875
1167	103.6954375
1169	103.8194375
1175	104.4325625
1178	104.6048125
1183	105.162875
1187	105.404
1192	106.72
1196	106.8784375
1198	106.9955625
1208	108.1530625
1216	108.7593125
1219	108.97975
1223	109.096875
1229	110.4748125
1233	110.5988125
1241	111.4806875
1245	111.75625
1251	113.0929375
1255	113.3065
1264	114.195125
1268	114.615375
1273	115.0631875
1277	115.297375
1281	115.5523125
1286	116.02075
1289	116.2205
1321	119.5003125
1325	119.748375
1331	120.4510625
1335	120.650875
1339	120.78175
1347	121.5671875
1353	122.0770625
1357	122.4215625
1362	122.8555625
1367	123.179375
1373	123.647875
1376	123.8131875
1380	123.9440625
1391	125.68025
1395	125.8525
1403	126.341625
1406	126.513875
1411	126.810125
1417	127.11325
1420	127.3199375
1429	127.9743125
1434	128.277375
1436	128.3669375
1443	128.9800625
1450	131.1091875
1453	131.32275
1457	131.6603125
1461	131.8256875
1468	132.3493125
1471	132.5146875
1475	132.735125
1481	133.2241875
1485	133.4239375
1489	133.56175
1496	134.085375
1499	134.25075
1503	134.3885
1512	135.2634375
1515	135.42875
1519	135.545875
1524	136.1176875
1531	137.351
1536	137.9021875
1544	139.1079375
1548	139.2939375
1551	139.500625
1556	140.02425
1561	140.313625
1575	141.526125
1613	145.246875
1617	145.370875
1622	145.9081875
1627	146.4593125
1631	146.728
1635	146.8726875
1640	147.3135625
1644	147.513375
1648	147.6305
1656	149.3323125
1658	149.4425625
1664	150.0695625
1669	150.579375
1672	150.7998125
1676	150.9445
1683	151.8539375
1685	151.9641875
1697	153.4385625
1701	153.597
1703	153.727875
1708	154.1894375
1711	154.3616875
1715	154.520125
1722	155.1195
1729	155.66375
1733	155.8290625
1739	156.3664375
1745	156.6626875
1748	157.0071875
1755	157.620375
1763	158.3299375
1766	158.5021875
1772	160.4108125
1776	160.5348125
1783	161.265125
1789	161.7473125
1794	161.9884375
1798	162.1261875
1806	162.9460625
1809	163.1045
1812	163.30425
1824	164.358375
1832	165.83975
1836	166.0533125
1841	166.2875625
1845	166.446
1854	167.3829375
1859	167.8514375
1865	168.3681875
1877	171.0070625
1879	171.220625
1886	171.9646875
1889	172.2126875
1893	172.336625
1899	173.7145625
1901	173.8248125
1906	174.2450625
1909	174.458625
1915	175.8365625
1917	175.9674375
1923	176.6219375
1930	177.2764375
1934	177.4555625
1936	177.5726875
1942	178.13075
1945	178.296125
1949	178.41325
1956	179.6948125
1960	179.85325
1972	180.90725
1975	181.072625
1979	181.2379375
1988	182.0715625
1992	182.347125
2000	182.77425
2003	183.015375
2009	183.669875
2017	185.1511875
2021	185.5300625
2024	185.7091875
2028	185.8263125
2035	188.1208125
2039	188.3136875
2046	189.099125
2052	189.6503125
2058	189.9465625
2062	190.3393125
2065	190.53225
2069	190.773375
2075	191.1040625
2079	191.503625
2083	192.0134375
2086	192.17875
2089	192.406125
2093	192.791875
