141	0.164625
145	0.350625
153	1.1360625
162	1.8318125
170	2.562125
173	2.782625
180	3.437125
183	3.6644375
185	3.822875
191	4.3258125
202	6.075875
207	6.3238125
210	6.5235625
219	7.3846875
227	8.21825
231	8.411125
234	8.562625
245	9.52025
250	9.9886875
253	10.154
257	10.3055
266	11.2561875
271	11.476625
273	11.59375
280	13.7641875
284	13.9984375
289	14.218875
299	15.1489375
303	15.3004375
311	16.12025
314	16.3889375
317	16.6231875
322	16.8229375
328	17.4775
331	17.6496875
344	18.9793125
349	19.35125
353	19.482125
363	21.108125
367	21.31475
375	22.1070625
382	24.1948125
386	24.3739375
398	25.524375
404	26.0754375
408	26.2131875
413	26.750625
418	27.1364375
423	27.542875
429	27.97
436	30.1404375
445	30.8638125
449	31.18075
457	31.6354375
462	31.8834375
466	32.0005625
470	32.4896875
473	32.70325
475	32.820375
509	36.238
513	36.3964375
524	37.3885
527	37.5814375
531	37.7191875
539	38.2978125
543	38.5389375
545	38.6285
554	39.57925
558	39.834125
563	40.302625
565	40.412875
576	41.2120625
587	43.5960625
591	43.7545
597	44.3331875
600	44.4985625
605	44.8085625
612	45.3734375
617	45.7868125
621	46.2070625
626	46.5308125
628	46.6135
632	46.964875
642	48.4048125
646	48.7493125
653	50.8370625
656	51.050625
662	51.4570625
664	51.53975
671	53.6343125
673	53.7583125
684	54.612625
694	55.3635625
705	57.0653125
708	57.272
721	58.2915625
727	59.648875
731	59.8210625
734	59.99325
744	60.9095625
752	61.70175
756	62.0255625
760	62.363125
765	62.7420625
773	63.3138125
809	66.7865
813	66.9105
822	67.633875
826	67.937
829	68.129875
838	69.2390625
847	70.1278125
851	70.3
859	71.7193125
864	72.0913125
874	73.868875
879	74.24775
886	75.8530625
891	76.2801875
909	79.4288125
916	80.0005625
920	80.200375
926	80.758375
936	82.260375
940	82.4188125
950	83.3419375
957	85.4228125
959	85.6433125
967	86.3046875
972	86.559625
975	86.793875
979	87.165875
985	87.7376875
990	87.930625
994	88.350875
1001	88.915875
1003	89.0054375
1011	89.632375
1019	91.9681875
1023	92.1748125
1036	93.6560625
1040	93.807625
1051	95.0959375
1055	95.2268125
1066	96.653
1070	96.82525
1074	96.9699375
1083	98.003375
1087	98.32025
1094	98.940375
1098	99.0575
1103	99.6086875
1136	103.0814375
1140	103.233
1147	103.9770625
1151	104.2733125
1156	104.5489375
1160	104.7211875
1165	105.169
1171	105.46525
1183	106.6295
1186	106.808625
1190	106.9670625
1197	107.5526875
1202	107.8006875
1207	109.040875
1210	109.282
1215	109.557625
1219	109.7023125
1224	110.322375
1230	110.5841875
1242	111.8725
1247	112.4030625
1250	112.6441875
1252	112.73375
1263	115.214125
1266	115.462125
1270	115.882375
1276	116.4748125
1280	116.5919375
1291	117.6666875
1295	117.9698125
1297	118.0455625
1302	118.589875
1309	119.857625
1313	120.0160625
1321	120.7739375
1328	122.834125
1337	123.867625
1341	124.0123125
1348	124.6185625
1352	124.894125
1356	125.19725
1360	125.3556875
1368	126.0308125
1378	127.016
1391	129.6135
1395	129.7375
1400	130.2473125
1408	130.7640625
1412	131.09475
1417	131.4116875
1424	131.8456875
1458	135.352875
1462	135.5113125
1479	136.896125
1483	137.1579375
1485	137.316375
1495	138.839
1497	138.963
1502	139.4865625
1505	139.6656875
1512	141.0436875
1516	141.209
1518	141.3536875
1530	142.4765625
1534	142.738375
1538	143.0208125
1546	143.5650625
1549	143.77175
1556	145.8595
1558	145.9835
1567	146.7413125
1574	147.4509375
1577	147.6851875
1581	148.064125
1583	148.1605625
1594	149.2421875
1600	150.4893125
1604	150.6959375
1612	151.5295625
1622	152.9488125
1626	153.1210625
1630	153.2381875
1638	154.2509375
1647	154.8710625
1653	155.477375
1656	155.628875
1661	155.9940625
1667	156.559
1670	156.7588125
1702	159.8939375
1706	160.0455
1716	160.8721875
1724	161.6920625
1728	161.96075
1735	162.51875
1739	162.7185
1745	164.0483125
1751	164.482375
1757	165.0059375
1760	165.226375
1770	166.7765625
1781	168.375
1788	168.9605625
1792	169.3256875
1806	172.0265625
1810	172.185
1816	172.722375
1825	173.6454375
1829	173.78325
1835	175.168125
1839	175.3196875
1844	175.8088125
1850	176.415125
1853	176.5805
1857	176.71825
1865	177.5105
1872	178.1029375
1876	178.3303125
1885	179.873625
1889	180.05275
1893	180.2731875
1903	181.1481875
1909	181.6235
1914	181.864625
1916	181.9541875
1921	182.402
1925	182.877375
1928	183.04275
1940	185.7575
1944	186.0261875
1948	186.356875
1952	186.6738125
1958	187.2249375
1961	187.42475
1967	188.7545
1971	188.9266875
1975	189.0645
1982	189.911875
1987	190.270125
1991	190.401
1998	190.986625
2002	191.2690625
2007	193.3775
2009	193.598
2018	194.362625
2021	194.534875
2025	194.686375
2030	195.1893125
2036	195.6715625
2042	196.271
2054	197.4076875
2057	197.579875
2065	198.2274375
2069	198.434125
2074	198.9095
2081	199.3710625
2086	199.6121875
2090	199.75
2100	201.5206875
2108	202.1200625
2111	202.285375
2115	202.4025
2123	203.3119375
2129	203.5944375
2132	203.911375
2137	204.2903125
2141	204.4418125
2147	205.0963125
2155	205.6611875
2159	205.833375
2165	206.4189375
2175	207.976
2179	208.14825
2183	208.265375
2188	208.7063125
2193	209.0851875
2197	209.229875
2202	209.6225625
2206	209.960125
2209	210.153
2217	210.8901875
2221	212.936625
2225	213.060625
2230	213.61875
2234	214.094125
2237	214.2595
2249	215.2653125
2257	215.782
2261	215.9335625
2266	216.4640625
2273	217.097875
2280	218.599875
2284	218.779
2288	218.8891875
2294	219.5919375
2299	219.9363125
2303	220.081
2313	220.976625
2321	221.5415
2325	221.658625
2331	222.2925
2334	222.457875
2338	222.6231875
2346	225.041625
2350	225.24825
2358	226.075
2364	226.3436875
2372	227.0464375
2376	227.204875
2382	228.5621875
2386	228.8308125
2390	228.982375
2396	229.5335
2399	229.7539375
2403	229.89175
2410	231.3041875
2414	231.51775
2420	232.082625
2424	232.2479375
