141	0.164625
145	0.288625
152	0.9499375
160	1.5836875
165	2.052125
169	2.1968125
174	2.7549375
178	3.2303125
181	3.3956875
193	4.380875
196	4.5255625
198	4.6426875
208	5.2834375
221	7.1368125
225	7.309
229	7.4468125
235	8.0875
242	8.5215
249	9.2035625
252	9.492875
260	11.69775
263	11.98025
267	12.1938125
271	12.6209375
280	13.199625
282	13.2891875
290	14.177875
298	15.6936875
302	15.84525
311	16.6236875
318	18.7045
321	18.987
325	19.2143125
332	19.855125
335	20.0273125
340	20.523375
344	20.8885
351	21.46725
354	21.6670625
358	22.1424375
365	22.7625
371	24.85025
373	25.0638125
378	25.587375
381	25.7665
388	27.1583125
390	27.2754375
397	27.840375
403	29.2114375
407	29.369875
409	29.4594375
418	30.107
423	30.5410625
426	30.74775
428	30.8373125
433	32.1533125
438	32.415125
442	32.6975625
446	32.86975
452	33.30375
485	36.8040625
489	36.9969375
503	38.2644375
511	38.9189375
515	39.187625
519	39.353
532	42.040125
536	42.212375
547	43.114875
550	43.28025
555	43.5558125
560	44.1483125
563	44.4308125
569	45.002625
572	45.24375
574	45.3333125
587	46.587125
594	47.8893125
598	48.0615625
608	49.2051875
615	51.265375
619	51.4720625
624	51.8785
629	52.0920625
634	52.622625
638	53.6354375
642	53.8145625
646	53.95925
650	54.358875
657	55.0064375
662	55.2544375
670	56.026
674	56.1775625
680	56.770125
687	58.80275
691	58.9543125
703	59.9669375
706	60.1391875
710	60.311375
715	60.8486875
720	61.4619375
723	61.7375
727	61.87525
733	62.4195
737	62.6881875
743	63.1015
751	63.804125
756	64.203625
760	64.32075
796	67.9243125
800	68.075875
805	68.606375
814	69.247
818	69.364125
824	69.970375
828	70.1701875
832	70.3630625
841	71.052
844	71.217375
848	71.479125
852	71.885625
858	73.2429375
862	73.449625
868	74.014625
872	74.1593125
882	75.0618125
885	75.2409375
890	75.757625
896	76.315625
901	76.7014375
905	76.8391875
912	77.39725
922	79.6365625
924	79.795
938	81.0695
947	81.848
950	82.08225
954	82.5025
963	83.77025
967	83.9218125
975	84.6796875
982	86.739875
984	86.87075
992	87.6148125
996	87.9730625
1000	90.0884375
1004	90.246875
1014	91.1700625
1017	91.3423125
1022	91.6454375
1027	92.162125
1030	92.410125
1037	93.126625
1042	93.6019375
1074	96.7301875
1078	96.88175
1086	97.6533125
1089	97.8255625
1093	97.9633125
1100	98.6315625
1105	99.0449375
1109	99.3549375
1115	100.664
1117	100.77425
1122	101.2978125
1125	101.4769375
1131	102.0556875
1139	102.696375
1142	102.86175
1146	102.9995
1153	104.3499375
1155	104.4601875
1164	105.238625
1167	105.410875
1171	105.94825
1174	106.127375
1178	106.2720625
1184	107.588
1188	107.76025
1192	107.891125
1197	108.4146875
1205	109.2690625
1208	109.4413125
1212	109.59975
1218	110.3645
1225	110.94325
1227	111.0328125
1232	111.563375
1235	111.7425
1241	112.3280625
1254	114.780875
1258	114.904875
1271	116.0485625
1274	116.3448125
1278	116.7650625
1283	117.15775
1289	117.598625
1293	117.8190625
1304	119.410625
1309	119.975625
1343	123.1934375
1347	123.351875
1358	124.2199375
1361	124.440375
1365	124.6401875
1371	125.0190625
1375	125.2946875
1385	126.9344375
1389	127.1066875
1393	127.4029375
1399	128.13325
1405	128.6016875
1408	128.7808125
1414	129.352625
1418	129.6419375
1428	130.4893125
1431	130.7786875
1441	132.9766875
1448	133.59675
1452	133.7551875
1463	134.83675
1468	135.0571875
1472	135.2086875
1478	135.8425
1490	137.7578125
1494	137.909375
1503	138.680875
1510	140.768625
1514	140.9270625
1518	141.347375
1523	141.8365625
1527	142.0639375
1533	143.414375
1537	143.586625
1541	143.70375
1547	144.379
1552	144.8819375
1560	145.6260625
1564	145.777625
1570	146.20475
1606	149.574
1610	149.704875
1617	150.3661875
1625	150.9999375
1631	151.489125
1646	152.777375
1649	152.949625
1653	153.087375
1660	154.492875
1666	154.8029375
1673	156.3256875
1679	156.9939375
1687	158.4959375
1691	158.81975
1698	160.314875
1702	160.5284375
1706	160.94175
1712	163.0501875
1714	163.2706875
1718	163.6426875
1721	163.8149375
1725	164.26275
1728	164.51075
1732	164.655375
1738	165.199625
1741	165.365
1745	165.5303125
1751	166.7911875
1753	166.9151875
1759	167.487
1762	167.6799375
1766	167.84525
1771	168.320625
1778	169.74
1782	169.91225
1786	170.029375
1792	170.697625
1795	170.931875
1799	171.131625
1808	172.0271875
1813	172.371625
1817	172.6609375
1822	173.1983125
1825	173.3705625
1829	173.5083125
1834	174.0456875
1844	176.5123125
1848	176.836125
1854	177.2150625
1858	177.4561875
1862	177.7593125
1871	179.4749375
1875	179.6678125
1878	179.8538125
1883	181.1766875
1893	182.8301875
1897	182.988625
1902	183.546625
1910	184.1735
1913	184.34575
1917	184.4835
1925	186.79175
1929	186.97775
1939	187.7424375
1945	188.34875
1949	188.6311875
1953	188.9068125
1965	190.0159375
1968	190.1813125
1972	190.33975
1976	190.76
1985	192.4411875
1989	192.6203125
1993	192.74425
1999	193.39875
2002	193.571
2006	193.798375
2015	194.5975
2019	194.8455
2027	195.4861875
2029	195.57575
2037	196.4781875
2045	197.9250625
2050	198.4831875
2057	199.427125
2061	199.79225
2066	200.6259375
2070	200.79125
2072	200.908375
2079	201.3905625
2084	201.8659375
2090	202.31375
2094	202.4790625
2103	204.5805625
2107	204.732125
2112	205.1799375
2115	205.510625
2119	205.6759375
2124	206.1099375
2128	206.3096875
2132	206.4268125
2141	207.21225
2144	207.3706875
2148	207.52225
2154	208.0940625
2158	208.3971875
2161	208.555625
2164	208.789875
2173	209.4305
2176	209.5889375
2180	209.7060625
2185	210.271
2191	211.56625
2195	211.7729375
2199	211.9175625
2205	212.3446875
2213	212.99225
2217	213.24025
2226	214.1565625
2228	214.2736875
2235	214.838625
2238	215.059125
2247	215.9891875
2254	216.45075
2259	216.6711875
2261	216.767625
