141	0.164625
145	0.3230625
151	1.0395625
155	1.4253125
161	1.9695
164	2.1899375
168	2.4173125
180	3.4989375
183	3.6643125
187	3.8365
192	4.4083125
199	5.751875
206	6.2203125
209	6.41325
213	6.5371875
220	7.102125
223	7.3845625
226	7.6256875
230	7.7428125
239	8.45925
244	9.8096875
254	10.5674375
257	10.801625
262	11.19425
266	11.5111875
274	13.7780625
278	13.9020625
284	14.5634375
288	14.956125
291	15.149
299	15.893
303	16.0928125
312	17.91175
316	18.31825
320	18.4905
328	19.91675
332	20.0683125
341	20.8398125
347	22.9275625
349	23.086
356	23.712875
359	23.9126875
367	25.4560625
369	25.5663125
374	26.0279375
385	27.778
389	27.9433125
391	28.026
397	28.653
404	29.2868125
407	29.5279375
411	29.672625
416	30.1135625
419	30.2858125
423	30.4235625
429	30.9885
437	32.4559375
441	32.6075
446	33.08975
450	33.392875
453	33.5581875
461	34.1161875
465	34.4330625
467	34.51575
474	35.1564375
478	35.3906875
483	35.735125
487	36.114
491	36.2655625
525	39.6418125
529	39.7795625
537	40.45475
541	40.7371875
551	41.391625
556	41.798
561	42.0529375
565	42.197625
573	43.010625
579	43.61
590	46.028375
598	46.6828125
600	46.7930625
606	47.2133125
609	47.3855625
613	47.606
622	48.2605625
629	48.8668125
633	49.018375
640	50.30675
644	50.485875
648	50.603
653	51.2850625
656	51.4710625
660	51.61575
667	52.23575
672	52.5595625
676	52.7318125
685	53.634375
691	54.261375
697	54.8125
701	54.98475
705	55.2948125
707	55.4119375
715	56.1835
721	56.782875
727	58.684625
731	59.02225
735	59.1738125
747	60.303625
751	60.537875
758	61.192375
762	61.3370625
770	62.1086875
777	63.410875
782	64.0240625
789	66.104875
794	66.6078125
797	66.7800625
801	66.9178125
806	67.4896875
811	67.7170625
816	68.068375
819	68.4059375
856	71.7959375
860	71.9199375
865	72.45725
870	72.9876875
879	73.82125
883	74.0899375
885	74.248375
891	74.8270625
895	75.0199375
897	75.1370625
904	75.764
907	75.9224375
911	76.046375
916	76.58375
927	78.313125
929	78.444
937	79.277625
941	79.4911875
945	79.6083125
957	81.6270625
962	81.8750625
972	83.4735
974	83.590625
980	84.0314375
986	85.395625
990	85.5678125
993	85.74
997	85.9949375
1009	86.9869375
1017	87.4966875
1020	87.655125
1024	87.77225
1031	89.9013125
1035	90.2595625
1039	90.3835625
1044	90.93475
1047	91.100125
1051	91.2654375
1058	92.6296875
1062	92.974125
1069	94.2625625
1074	94.7035
1078	94.9170625
1088	95.6955625
1093	96.2398125
1097	96.439625
1101	96.5498125
1108	97.17675
1142	100.5599375
1146	100.828625
1150	101.3866875
1156	101.9446875
1161	102.2753125
1165	102.4061875
1173	103.8668125
1175	103.9770625
1181	104.583375
1184	104.8038125
1188	104.941625
1198	106.7054375
1202	106.8845625
1204	106.974125
1209	107.6424375
1212	107.84225
1217	108.3314375
1220	108.551875
1224	108.662125
1230	110.0194375
1234	110.1503125
1245	111.231875
1252	111.7693125
1260	112.286
1262	112.3755625
1268	112.9474375
1271	113.1885625
1273	113.27125
1280	114.752625
1284	114.924875
1288	115.0695625
1295	115.544875
1302	116.103
1305	116.2614375
1309	116.3923125
1320	118.6109375
1328	119.375625
1331	119.5754375
1333	119.665
1340	120.2713125
1349	122.15225
1353	122.5380625
1356	122.71025
1364	124.05375
1368	124.2053125
1376	124.963125
1409	128.22225
1411	128.449625
1416	128.9456875
1419	129.1110625
1423	129.366
1427	129.779375
1434	130.427
1438	130.72325
1443	130.964375
1446	131.1228125
1450	131.50175
1453	131.84625
1460	132.4249375
1464	132.7349375
1468	133.0105625
1472	133.3068125
1480	135.38075
1484	135.5323125
1491	136.152375
1499	136.910125
1503	137.1099375
1507	137.2615
1513	137.798875
1521	138.5153125
1526	138.8666875
1529	139.0044375
1533	139.431625
1536	139.6245625
1540	139.7623125
1545	140.3065625
1553	141.684625
1557	142.036
1564	144.1168125
1566	144.330375
1572	144.86775
1577	145.343125
1580	145.54975
1582	145.6393125
1587	146.2525
1590	146.5074375
1594	146.886375
1596	146.9759375
1610	149.4080625
1614	149.6560625
1622	150.42075
1625	150.6411875
1629	150.841
1635	151.2474375
1639	151.44725
1643	151.564375
1647	152.0673125
1653	152.54275
1656	152.7425625
1661	153.031875
1665	153.314375
1670	153.7621875
1676	154.38225
1679	154.5545
1683	154.7129375
1692	155.5534375
1696	155.698125
1702	156.2975625
1708	156.6006875
1740	159.8185
1746	161.1275625
1749	161.3066875
1753	161.561625
1758	162.7466875
1762	163.0429375
1766	163.2151875
1772	163.656125
1779	165.1443125
1784	165.530125
1794	166.5841875
1799	167.0940625
1805	168.0173125
1809	168.1895
1811	168.2790625
1816	168.8990625
1821	169.160875
1825	169.395125
1837	170.5800625
1840	170.773
1842	170.890125
1846	171.296625
1854	173.4395
1858	173.6944375
1871	174.6934375
1874	174.8588125
1878	174.969
1884	175.5339375
1892	176.347
1896	176.539875
1898	176.657
1902	177.070375
1910	177.690375
1916	178.1381875
1920	178.358625
1926	178.8408125
1931	179.0750625
1935	179.4884375
1939	179.633125
1944	180.1705625
1954	181.707
1958	181.948125
1962	182.1135
1967	182.6164375
1971	182.96775
1974	183.1881875
1980	183.6084375
1985	184.1251875
1991	186.2474375
1995	186.405875
2000	186.9845625
2006	187.246375
2010	187.570125
2013	187.7905625
2017	187.9076875
2022	188.49325
2035	191.1871875
2039	191.4351875
2043	191.690125
2056	192.6890625
2059	192.8544375
2063	192.964625
2068	193.6054375
2072	193.80525
2076	194.0601875
2080	194.315125
2092	195.3071875
2095	195.5483125
2099	195.693
2104	196.140875
2109	196.4370625
2114	196.9261875
2119	197.44975
2122	197.622
2126	197.7804375
