141	0.164625
145	0.288625
153	0.908625
159	1.43225
167	2.155625
170	2.3485625
174	2.6310625
178	2.96175
181	3.1133125
183	3.2304375
188	3.7265
199	5.4835
204	5.7865625
208	6.172375
211	6.344625
215	6.482375
221	7.0954375
230	7.91525
233	8.1356875
237	8.28725
242	8.72125
246	9.0036875
250	9.3688125
255	9.6995
264	11.1669375
268	11.3805
273	11.89725
279	13.93675
281	14.1503125
284	14.3983125
293	15.266375
297	15.6659375
300	15.8381875
304	16.093125
310	16.389375
314	16.637375
322	17.4365625
325	17.5743125
332	18.9246875
336	19.07625
342	19.6343125
349	21.6945
356	22.2525625
362	22.76925
364	22.95525
369	23.210125
377	23.775125
382	24.167875
389	25.4149375
393	25.587125
395	25.7800625
399	26.0763125
404	26.537875
408	26.8065625
412	27.07525
418	27.6401875
425	29.9484375
432	30.6305625
436	30.8096875
441	31.3539375
448	32.7250625
451	32.8973125
455	33.1659375
460	33.558625
463	33.7790625
467	34.01325
473	34.38525
507	37.7201875
511	38.0715625
520	38.925875
525	39.1945625
529	39.3599375
543	40.4070625
551	41.102875
553	41.1924375
558	41.76425
562	42.0605
567	42.35675
574	42.963
586	44.5406875
590	44.9678125
595	45.4225625
599	45.7394375
604	46.0356875
609	46.242375
615	46.552375
622	48.75725
628	49.3635625
636	50.03875
643	51.3478125
649	52.1745625
652	52.339875
656	52.5603125
667	53.2423125
671	53.5179375
678	54.110375
682	55.1231875
686	55.2954375
690	55.4125625
699	56.094625
702	56.39775
711	57.1625625
719	57.9824375
724	58.3406875
735	59.3948125
742	59.9528125
747	60.3110625
749	60.4213125
755	61.0758125
793	64.762125
797	65.017
804	65.678375
807	65.9539375
810	66.1330625
816	66.6084375
824	68.048375
828	68.4066875
835	69.7158125
839	69.9086875
843	70.12225
847	70.3358125
856	71.252125
862	71.7756875
867	72.1821875
872	72.4233125
876	72.6850625
883	73.0570625
893	73.9870625
897	74.186875
902	74.62775
913	76.894625
915	77.004875
931	78.4448125
935	78.9133125
940	79.1544375
943	79.3266875
956	80.3944375
961	80.8698125
966	81.2831875
969	81.5174375
975	81.8205625
981	82.2959375
992	83.1984375
997	83.598
1002	83.846
1006	83.9906875
1012	84.54875
1023	86.974
1026	87.222
1030	87.6766875
1035	88.1383125
1038	88.3174375
1042	88.489625
1050	89.8813125
1053	90.1913125
1061	92.2239375
1068	92.8095
1071	93.050625
1103	96.082375
1107	96.2615
1113	96.8746875
1117	97.2054375
1122	97.6188125
1126	97.990875
1135	98.6798125
1142	100.161125
1146	100.3746875
1150	100.7535625
1153	100.9189375
1158	101.2565
1162	101.5114375
1164	101.607875
1171	102.1865625
1178	104.40525
1180	104.62575
1186	105.211375
1189	105.4525
1193	105.8314375
1195	105.927875
1211	107.8914375
1215	108.2359375
1222	109.5519375
1226	109.710375
1228	109.7999375
1237	110.5439375
1240	110.812625
1244	111.1915625
1246	111.3086875
1260	114.2506875
1264	114.3746875
1272	115.346125
1275	115.5459375
1280	116.131625
1283	116.3245625
1287	116.4485
1295	117.282125
1299	117.6265625
1303	118.026125
1311	118.7495625
1315	118.89425
1323	119.7485625
1326	119.9139375
1330	120.134375
1337	121.4159375
1341	121.5813125
1349	122.311625
1352	122.4769375
1356	122.7386875
1364	123.3655625
1368	123.63425
1372	123.7789375
1377	124.3095
1383	124.771125
1416	128.0164375
1419	128.23
1423	128.5193125
1433	129.2633125
1436	129.4355
1445	130.4965
1447	130.613625
1456	131.6125625
1459	131.812375
1466	134.1895
1468	134.29975
1474	135.0093125
1483	136.8214375
1485	136.9316875
1496	138.047625
1503	138.75725
1506	138.9639375
1508	139.0810625
1514	140.4315
1518	140.5968125
1520	140.686375
1526	141.313375
1535	142.0643125
1540	142.339875
1542	142.4363125
1553	144.089875
1557	144.2414375
1563	144.744375
1567	145.06125
1570	145.2679375
1579	145.8604375
1582	146.1084375
1588	146.57
1592	146.7078125
1598	147.4036875
1602	147.67925
1606	148.1133125
1618	150.49725
1623	150.896875
1627	151.1173125
1636	152.0886875
1640	152.2885
1644	152.39875
1650	153.0394375
1661	154.5275625
1665	154.9065
1673	156.11225
1677	156.29825
1681	156.54625
1686	156.883875
1690	157.166375
1695	157.6210625
1707	158.6819375
1715	159.274375
1718	159.5430625
1752	162.8849375
1756	163.0365
1765	163.814875
1770	164.3178125
1774	164.4900625
1780	165.075625
1785	165.2960625
1789	165.4820625
1800	166.4190625
1805	166.915125
1808	167.09425
1812	167.2595625
1816	167.71425
1820	167.955375
1826	168.534125
1830	168.6994375
1835	169.2644375
1838	169.436625
1844	169.9395625
1848	170.0635625
1853	170.6009375
1860	171.2966875
1863	171.5378125
1867	171.6893125
1873	172.2749375
1878	172.8123125
1884	174.8725
1888	175.16875
1894	175.8025625
1900	176.07125
1905	176.4845625
1910	176.8220625
1914	176.925375
1921	177.5591875
1925	177.8003125
1931	178.2274375
1934	178.447875
1938	178.57875
1944	179.9498125
1948	180.101375
1958	180.721375
1968	181.816875
1971	181.989125
1976	182.3749375
1984	183.9045
1988	184.0766875
1990	184.159375
1995	184.6209375
1998	184.7931875
2007	185.468375
2012	185.764625
2017	186.15725
2019	186.274375
2032	187.445625
2038	187.741875
2046	189.9743125
2050	190.181
2057	190.704625
2061	190.9319375
2065	191.2281875
2073	191.9996875
2077	192.1995
2081	192.364875
2087	193.0745
2091	193.315625
2095	193.605
2102	194.2180625
2107	194.7485625
2111	194.900125
2119	195.64425
2129	197.125625
2133	197.3805625
2140	198.0350625
2144	198.3175
2152	199.8470625
2156	200.0193125
2159	200.281125
2168	201.0045625
2172	201.14925
2177	201.721125
2184	202.2653125
2192	202.782
2194	202.8784375
2202	205.17975
2206	205.3381875
2214	206.199375
2217	206.36475
2221	206.5851875
2227	207.067375
2231	207.363625
2235	207.63925
2240	208.087125
2246	208.6934375
2251	208.9896875
2261	210.3331875
2265	210.54675
2269	210.960125
2276	211.5525625
2280	211.8625625
2283	212.0003125
2290	212.620375
2298	213.2610625
2300	213.34375
2307	214.0120625
2314	214.707875
2317	214.887
2327	217.381125
2330	217.629125
2332	217.7118125
2339	219.1656875
2342	219.324125
2346	219.682375
2350	220.0819375
2358	220.75025
2362	220.8949375
2369	223.1205
2373	223.2789375
2381	224.229625
2385	224.3949375
2392	225.3939375
2396	225.5661875
2400	225.6833125
2408	226.6754375
2413	227.019875
2417	227.3091875
2422	227.8535
2425	228.018875
2429	228.156625
2434	228.71475
