141	0.164625
145	0.288625
151	0.9225
159	1.714875
162	1.887125
166	2.1145
170	2.527875
174	2.8171875
179	3.203
182	3.389
184	3.5474375
189	3.99525
194	4.2088125
196	4.36725
200	4.7116875
207	5.2973125
211	5.4901875
213	5.6073125
218	6.07575
221	6.316875
225	6.434
230	6.937
237	8.480375
241	8.604375
249	9.183
255	9.472375
260	9.9133125
264	10.188875
274	11.7253125
278	12.13175
282	12.2833125
288	12.9309375
295	15.01175
297	15.13575
308	16.203625
316	17.0716875
319	17.3059375
323	17.69175
325	17.7813125
331	18.3806875
344	20.3098125
348	20.5165
363	21.639375
370	23.6926875
373	23.8924375
376	24.099125
378	24.23
383	24.691625
388	24.9740625
391	25.1806875
429	28.7705
433	28.8945
438	29.3905625
444	29.65925
447	29.8590625
452	30.272375
458	30.8786875
462	31.0785
466	31.209375
476	32.084375
482	32.6561875
488	34.12375
492	34.3373125
502	35.267375
505	35.4603125
509	35.6531875
514	36.094125
519	36.4455
524	38.2231875
527	38.423
532	38.8914375
542	39.766375
546	39.904125
554	40.558625
561	41.164875
565	41.288875
572	42.5221875
577	43.0871875
583	43.5005625
586	43.6865625
590	43.9965625
600	46.235875
602	46.456375
611	47.5380625
614	47.737875
618	48.1856875
627	48.95725
634	49.522125
641	50.1765625
646	50.5416875
648	50.700125
659	51.6508125
662	51.8850625
668	52.381125
676	54.5998125
680	54.75825
691	55.901875
694	56.06725
698	56.205
706	56.790625
712	57.0593125
715	57.259125
725	58.0514375
728	58.258125
734	59.6085625
744	60.4835625
748	60.621375
759	61.5445625
764	61.7995
768	61.9441875
774	62.633125
783	63.3358125
787	63.6251875
792	63.96275
826	67.215
830	67.3665625
843	68.372375
851	69.771
855	69.895
867	70.8525625
875	72.251125
879	72.423375
883	72.5405
894	73.6979375
899	74.0285625
903	74.2835
908	74.7245
917	75.5375
921	75.8681875
925	76.192
927	76.2884375
932	76.8603125
937	77.087625
941	77.2598125
953	79.9606875
956	80.2018125
968	81.063
972	81.3179375
985	83.178125
989	83.302125
995	83.85325
1002	85.941
1005	86.1545625
1008	86.4576875
1012	86.8435
1019	87.51175
1023	87.6564375
1032	88.4349375
1035	88.5865
1037	88.6829375
1044	89.420125
1053	91.583625
1055	91.8316875
1060	92.334625
1069	93.113125
1073	93.3610625
1080	94.38075
1083	94.546125
1087	94.683875
1094	95.3315
1103	96.2201875
1107	96.488875
1110	96.723125
1114	96.8333125
1119	97.3500625
1127	98.8865
1133	99.2585625
1138	99.6581875
1142	99.858
1147	100.3126875
1153	100.753625
1190	104.22625
1194	104.4329375
1202	105.16325
1211	105.9830625
1215	106.2655
1222	106.816625
1227	107.064625
1231	107.2024375
1240	108.3460625
1251	110.77825
1253	110.9918125
1263	111.983875
1270	113.4445
1272	113.575375
1282	114.4985625
1290	116.0488125
1292	116.1590625
1301	117.1510625
1312	118.72875
1317	119.1351875
1320	119.3005625
1325	119.645
1331	120.244375
1334	120.5130625
1339	120.9678125
1341	121.06425
1351	121.87025
1359	123.3585
1363	123.5100625
1373	124.2816875
1380	126.3694375
1385	126.638125
1391	127.216875
1394	127.4166875
1396	127.50625
1401	128.0229375
1406	128.2640625
1408	128.3605
1413	128.8014375
1420	129.4765625
1424	129.8279375
1457	132.9630625
1461	133.0870625
1469	133.879375
1473	134.1618125
1476	134.32025
1484	135.07125
1488	135.2228125
1499	136.2355
1502	136.4353125
1508	137.2551875
1512	137.4549375
1516	137.599625
1526	138.5089375
1529	138.6811875
1533	138.8189375
1543	139.873
1550	140.472375
1554	140.596375
1559	141.1336875
1568	143.3936875
1570	143.5176875
1582	144.5373125
1594	145.5981875
1597	145.7704375
1601	145.9081875
1606	146.40425
1614	147.9406875
1616	148.0646875
1629	149.39425
1634	149.724875
1638	149.8764375
1645	151.29575
1649	151.4541875
1651	151.54375
1661	152.6668125
1671	153.528
1675	153.7484375
1679	153.9
1685	154.4786875
1691	155.1606875
1696	155.49825
1700	155.815125
1703	156.05625
1707	156.2078125
1740	159.5771875
1744	159.7838125
1752	160.541625
1757	161.0376875
1761	161.306375
1765	161.478625
1774	163.056375
1777	163.2975
1781	163.834875
1785	164.00025
1792	164.6133125
1795	164.80625
1799	164.944
1805	166.3358125
1809	166.49425
1813	166.9145
1816	167.079875
1820	167.2520625
1825	167.748125
1833	169.1605
1837	169.33275
1841	169.449875
1849	170.2696875
1860	171.5855625
1863	171.7578125
1867	171.91625
1871	172.371
1877	172.9841875
1882	173.280375
1887	173.50775
1893	173.7764375
1899	175.712625
1901	175.836625
1908	176.491125
1917	177.2833125
1920	177.5313125
1926	177.9998125
1928	178.089375
1934	178.6060625
1937	178.7783125
1948	180.31475
1952	180.666125
1959	182.7263125
1962	182.926125
1967	183.187875
1977	184.1248125
1985	184.696625
1990	184.958375
1994	185.2133125
2003	185.8953125
2010	186.536125
2016	188.548125
2026	189.140625
2034	190.553
2038	190.677
2043	191.214375
2055	193.1435
2057	193.2675
2064	193.922
2073	194.6935
2079	195.162
2083	195.4444375
2088	195.89225
2096	197.304625
2100	197.442375
2106	198.8341875
2110	198.9581875
2116	199.6126875
2119	199.7780625
2123	199.95025
2128	200.4118125
2134	201.76225
2138	201.941375
2142	202.086
2146	202.50625
2149	202.6785
2153	202.871375
2165	205.455125
2168	205.6686875
2174	205.9649375
2182	206.709
2186	206.8536875
2191	207.2670625
2194	207.418625
2196	207.5150625
2201	207.956
2209	209.4855625
2213	209.7405
2217	209.905875
2221	210.4295
2225	210.6293125
2229	210.7464375
2235	211.25625
2238	211.435375
2247	212.103625
2251	212.40675
2254	212.55825
2257	212.785625
2266	213.55025
2273	214.122125
2277	214.23925
2283	216.333875
2287	216.513
2293	217.0779375
2300	217.822
2304	217.95975
2310	219.3170625
2312	219.4479375
2318	219.999125
2325	220.7018125
2327	220.791375
2335	222.169375
2337	222.33475
2348	223.3405625
2355	224.0294375
2357	224.119
2370	225.9585625
2372	226.0825625
2384	227.6326875
2386	227.7566875
2395	228.941625
2399	229.1000625
2402	229.299875
2409	229.8510625
2414	230.1955
2418	230.498625
2423	230.77425
2427	230.9120625
2433	231.5528125
2439	231.8628125
