141	0.164625
145	0.412625
154	1.067125
157	1.2875625
161	1.425375
167	2.011
177	2.830875
179	2.9204375
185	3.52675
188	3.7471875
192	4.112375
196	4.2915
198	4.3879375
203	5.0286875
206	5.2078125
210	5.6074375
218	7.8674375
222	7.9914375
231	8.887
246	10.2510625
251	10.7126875
253	10.8298125
260	11.36025
270	12.20075
280	13.6889375
284	13.923125
292	14.4880625
299	16.5689375
305	16.8720625
308	17.1131875
311	17.4714375
319	18.3669375
325	19.0765625
329	19.297
333	19.421
341	20.916125
345	21.09525
349	21.212375
358	22.02525
362	22.2939375
367	22.6521875
375	23.3135625
379	23.451375
384	24.0851875
387	24.243625
391	24.4434375
397	24.8774375
406	27.08225
413	27.729875
417	28.01925
424	28.618625
427	28.7701875
431	29.259375
434	29.445375
440	30.01725
445	30.3479375
478	33.682875
482	33.930875
491	34.668
496	34.957375
501	35.3225625
505	35.4603125
510	36.032125
514	36.280125
516	36.4385625
524	37.0516875
527	37.2239375
531	37.3616875
537	37.8645625
541	38.4984375
545	38.6775625
547	38.8429375
552	39.4010625
555	39.594
559	39.7593125
565	40.3655625
574	42.7358125
576	42.949375
584	43.73475
587	43.900125
592	44.1825625
597	44.79575
600	45.036875
604	45.4158125
617	47.13125
620	47.324125
630	48.3093125
637	50.362625
640	50.5555
643	50.7828125
654	51.6714375
660	52.1330625
664	52.27775
671	52.9666875
681	53.7245
686	54.075875
688	54.193
696	54.86125
702	55.508875
713	57.9341875
715	58.0650625
723	58.6781875
732	59.429125
736	59.739125
746	60.5451875
750	60.745
758	62.1091875
762	62.2814375
766	62.426125
773	63.0875
778	63.6524375
781	63.9004375
785	64.010625
794	64.93375
802	65.68475
806	65.93275
811	66.24275
818	66.9523125
852	70.4595
856	70.5835
863	71.244875
868	71.8304375
871	72.002625
875	72.1748125
881	73.49075
885	73.61475
891	74.2485625
900	75.6954375
904	75.867625
908	76.0191875
913	76.60475
918	76.963
922	77.1628125
928	77.651875
932	77.9343125
940	78.6714375
943	78.8436875
947	78.9814375
952	79.5256875
961	81.7168125
964	81.930375
971	82.5641875
977	83.1429375
981	83.4254375
984	83.5908125
989	83.93525
994	84.1695
1008	85.326875
1012	85.506
1024	87.166375
1028	87.510875
1035	89.598625
1039	89.7570625
1051	90.887
1054	91.05925
1058	91.286625
1067	92.09275
1070	92.2925625
1072	92.382125
1079	93.02975
1088	94.538625
1093	95.0001875
1096	95.1793125
1100	95.448
1138	99.203125
1142	99.38225
1150	99.9058125
1153	100.0780625
1157	100.2158125
1165	100.76
1172	101.297375
1177	101.55225
1179	101.6418125
1190	102.689
1196	103.288375
1202	103.708625
1204	103.7981875
1214	104.7075
1221	105.3550625
1224	105.5273125
1230	106.168
1241	108.6001875
1244	108.9446875
1253	109.8334375
1256	109.9988125
1260	110.1503125
1264	110.570625
1270	111.2251875
1273	111.4663125
1277	111.8728125
1281	112.010625
1289	113.450625
1292	113.684875
1299	115.772625
1303	115.896625
1309	116.5029375
1312	116.73025
1317	117.0058125
1321	117.157375
1327	117.6465
1333	118.2045625
1336	118.487
1343	119.1620625
1347	119.361875
1351	119.4996875
1361	120.3884375
1367	121.0911875
1401	124.3365625
1405	124.495
1415	125.190875
1421	125.79025
1425	126.079625
1427	126.155375
1438	127.009625
1446	127.712375
1449	127.8708125
1451	127.960375
1461	128.794
1468	130.985125
1470	131.095375
1477	131.749875
1484	132.363
1488	132.549
1490	132.6385625
1500	133.6719375
1503	133.8510625
1513	134.8361875
1517	135.0015625
1521	135.4080625
1525	135.5665
1530	136.11075
1538	137.39925
1542	137.52325
1548	138.08125
1555	140.1620625
1565	141.147125
1573	141.8705
1577	142.07025
1581	142.27
1595	143.6135
1603	144.3093125
1605	144.40575
1644	148.023125
1648	148.271125
1657	148.925625
1661	149.2011875
1670	149.979625
1677	150.4411875
1680	150.6340625
1685	151.0475
1689	151.1508125
1701	152.96275
1703	153.073
1710	153.7964375
1715	154.01
1718	154.40275
1725	155.071
1732	156.3455625
1734	156.4558125
1740	157.1860625
1743	157.3514375
1749	157.9990625
1758	159.5836875
1762	159.742125
1764	159.8316875
1770	160.376
1773	160.5758125
1779	161.0511875
1784	161.4920625
1790	161.9811875
1800	164.337625
1804	164.4960625
1810	165.1711875
1813	165.4260625
1817	165.8325625
1821	165.991
1829	167.4791875
1833	167.713375
1841	168.2783125
1848	170.3591875
1852	170.4831875
1858	171.241
1861	171.495875
1865	171.75075
1872	172.370875
1876	172.5155625
1884	173.1906875
1892	175.3955
1896	175.5470625
1904	176.2980625
1907	176.4634375
1911	176.621875
1920	177.462375
1924	177.7035
1926	177.7930625
1931	178.296
1935	178.6749375
1939	178.8540625
1941	178.9711875
1950	179.791
1958	180.659125
1963	180.9209375
1969	181.24475
1974	181.6581875
1980	182.099125
1987	182.7949375
1994	184.2694375
1998	184.3934375
2003	184.9514375
2006	185.1305625
2015	185.840125
2019	186.1915
2027	186.784
2031	187.025125
2033	187.1146875
2041	187.851875
2045	188.04475
2047	188.1274375
2055	190.3805
2060	190.7249375
2063	190.945375
2067	191.365625
2077	192.9434375
2081	193.177625
2089	193.7425625
2096	195.8234375
2099	196.0163125
2102	196.223
2104	196.3125625
2111	197.0290625
2116	197.2495
2118	197.3390625
2125	198.0005
2129	198.193375
2132	198.393125
2143	200.19125
2147	200.37725
2150	200.570125
2158	201.1350625
2161	201.410625
2166	201.658625
2169	201.83775
2177	204.1321875
2179	204.2561875
2185	204.8141875
2195	206.426375
2197	206.536625
2203	207.163625
2211	208.555375
2215	208.7138125
2217	208.803375
2227	209.7058125
2234	210.188125
2239	210.42925
2241	210.5256875
2250	211.2559375
2256	212.578875
2260	212.7304375
2266	213.1438125
2277	214.2185
2280	214.383875
2284	214.57675
2292	215.224375
2299	215.7548125
2303	216.0924375
2306	216.264625
2309	216.554
2323	217.9525625
2327	218.1868125
2334	220.5019375
2339	220.91525
2346	221.6455
2350	221.9693125
2354	222.355125
2356	222.4446875
2367	223.629625
2371	223.795
2379	224.6010625
2386	225.8825625
2390	226.0548125
2394	226.192625
2401	226.9229375
2406	227.239875
2411	227.522375
