141	0.164625
145	0.3093125
151	0.702
159	1.198
162	1.363375
166	1.5218125
175	2.355375
179	2.624
184	3.0373125
187	3.19575
189	3.2853125
193	3.8778125
198	4.31875
202	4.511625
207	4.97325
212	5.3520625
217	5.848125
223	7.1985625
227	7.40525
231	7.522375
239	8.142375
245	8.67975
249	8.920875
257	9.6166875
265	11.65625
269	11.8146875
275	12.414125
278	12.65525
283	12.9308125
287	13.082375
291	13.5853125
294	13.8195625
301	15.128625
303	15.252625
311	15.8795625
316	16.2101875
320	16.348
327	17.0369375
334	19.1246875
338	19.27625
344	19.8825
347	20.1098125
352	20.385375
356	20.5369375
364	21.26725
371	22.018125
376	22.500375
379	22.6725625
383	22.8240625
388	23.368375
392	23.5819375
398	24.071
406	24.697875
411	26.7443125
415	26.895875
422	27.488375
426	27.7019375
430	27.83975
440	28.6458125
446	29.245125
456	30.0305625
458	30.120125
462	30.6299375
465	30.8021875
471	31.119125
479	31.6771875
484	32.180125
488	32.379875
491	32.724375
496	33.206625
500	33.4339375
504	33.5510625
511	34.1780625
515	34.4191875
521	34.681
525	35.10125
557	38.08475
560	38.319
565	38.6428125
567	38.73925
578	40.502875
580	40.5993125
588	41.5500625
591	41.763625
601	43.4791875
605	43.6445
608	43.8166875
617	44.6158125
626	46.0626875
630	46.1935625
636	46.7446875
643	48.8324375
648	49.1286875
651	49.349125
655	49.6729375
657	49.831375
666	50.6925625
674	52.9869375
678	53.34525
682	53.634625
691	54.3855
694	54.564625
698	54.7850625
703	55.2535
707	55.4533125
714	56.0389375
722	56.7485625
727	57.0241875
731	57.2515625
736	57.713125
740	58.023125
742	58.14025
755	60.813625
761	61.289
772	62.2535625
779	62.8529375
784	63.073375
786	63.1629375
792	63.7899375
805	65.07825
808	65.2366875
820	66.83525
824	66.9868125
832	67.61375
839	69.694625
844	70.0390625
847	70.2595
851	70.4041875
857	70.976
867	71.795875
900	74.9999375
904	75.1515
915	76.19175
920	76.52925
924	76.660125
931	77.3490625
938	77.9140625
940	77.99675
946	78.644375
952	79.126625
965	80.5114375
969	80.7525625
980	82.495625
984	82.6609375
986	82.7505
993	83.4325
999	83.873375
1003	84.12825
1015	85.1754375
1026	86.381125
1029	86.553375
1033	86.691125
1037	87.0425
1045	89.323125
1047	89.433375
1056	90.4944375
1063	91.1489375
1066	91.3900625
1070	91.7965625
1074	91.955
1079	92.492375
1082	92.6990625
1084	92.7955
1091	94.0839375
1094	94.28375
1104	95.2965
1107	95.4549375
1111	95.6546875
1115	96.0129375
1122	96.6743125
1129	98.7345
1133	99.0100625
1138	99.2511875
1144	99.8161875
1146	99.90575
1155	101.5593125
1159	101.945125
1161	102.0346875
1167	103.53675
1171	103.715875
1175	103.9363125
1187	104.9834375
1192	105.5139375
1195	105.734375
1236	109.3999375
1239	109.6479375
1243	110.088875
1253	110.9225625
1257	111.0396875
1263	111.69425
1274	112.71375
1278	112.954875
1283	113.485375
1286	113.705875
1295	115.1320625
1299	115.283625
1307	115.9036875
1314	117.9845625
1316	118.0948125
1325	118.9490625
1329	119.15575
1331	119.272875
1340	120.030625
1345	120.574875
1351	121.1053125
1355	121.25
1360	121.821875
1368	123.9371875
1372	124.0611875
1384	125.184125
1391	126.6240625
1395	126.7825
1401	127.3543125
1407	128.2224375
1411	128.380875
1418	129.462625
1422	129.6348125
1426	129.7656875
1430	130.31
1434	130.6406875
1438	130.9575625
1443	131.4398125
1452	133.0726875
1456	133.244875
1460	133.362
1472	134.65725
1475	134.822625
1479	134.9810625
1488	136.145375
1492	136.4691875
1498	136.9306875
1536	140.4515625
1540	140.6375625
1554	141.7741875
1557	141.9395625
1561	142.0773125
1569	142.6629375
1573	142.931625
1577	143.0763125
1581	143.572375
1584	143.7721875
1588	144.151125
1594	145.6806875
1598	146.073375
1606	146.6935
1610	146.95525
1616	147.286
1626	148.1885625
1631	148.4435
1637	148.6984375
1642	149.86975
1646	150.0833125
1650	150.48975
1658	151.109875
1662	151.227
1667	151.792
1672	152.0538125
1678	152.3500625
1686	154.56875
1689	154.7823125
1698	155.6985625
1703	156.043
1705	156.1256875
1711	156.5321875
1717	157.84125
1722	158.40625
1730	160.425125
1734	160.562875
1739	161.1209375
1744	162.4025
1748	162.5265
1753	163.0776875
1759	164.435
1763	164.6003125
1765	164.7174375
1775	165.3305625
1779	165.78525
1782	165.964375
1817	169.526625
1821	169.650625
1827	170.2224375
1832	170.491125
1836	170.739125
1841	171.035375
1849	171.593375
1856	172.1306875
1860	172.4683125
1863	172.675
1871	173.4190625
1875	173.570625
1881	174.0321875
1892	176.4091875
1897	176.960375
1900	177.2635
1904	177.415
1912	178.248625
1915	178.414
1919	178.55175
1927	179.840125
1931	179.9916875
1939	180.618625
1946	181.934625
1950	182.106875
1954	182.2515625
1960	182.8234375
1965	183.099
1972	183.8154375
1976	184.1116875
1985	186.5163125
1989	186.6403125
1997	187.212125
2003	187.6943125
2011	188.211
2013	188.3005625
2019	189.5683125
2023	189.7474375
2027	189.857625
2032	190.415625
2036	190.78075
2040	191.0631875
2044	191.40075
2048	191.6211875
2052	191.7383125
2062	192.565
2068	194.6526875
2072	194.9006875
2081	195.5620625
2087	195.823875
2096	196.616125
2100	196.7815
2108	197.5600625
2113	197.82875
2115	197.9183125
2121	198.490125
2124	198.6416875
2128	198.986125
2132	199.3788125
2138	200.69475
2141	200.922125
2145	201.2941875
2153	202.0726875
2157	202.2586875
2159	202.34825
2166	203.0165
2169	203.2025
2173	203.31275
2177	203.90525
2182	204.1670625
2186	204.552875
2188	204.6424375
2200	206.2821875
2204	206.4613125
2208	206.5921875
2215	207.329375
2220	207.729
