141	0.164625
145	0.3161875
158	1.7285
163	2.1625
166	2.3760625
168	2.465625
179	3.2028125
187	3.898625
191	4.2844375
199	4.9664375
209	7.5295625
211	7.7500625
222	8.804125
229	9.5895
233	9.7755
235	9.9339375
239	10.2853125
245	10.905375
252	11.5460625
258	11.993875
261	12.2143125
265	12.3451875
271	12.8688125
275	13.1030625
283	13.68175
287	13.860875
298	15.0045
304	15.431625
306	15.5211875
314	16.285875
318	16.533875
321	16.69925
325	16.837
334	18.9729375
338	19.241625
346	19.8065
349	20.04075
353	20.44725
357	20.5919375
365	21.9699375
369	22.1215
376	22.7621875
383	24.8499375
386	25.0428125
389	25.270125
393	25.442375
399	26.0279375
402	26.2759375
408	26.7995625
414	27.336875
419	29.1145625
421	29.273
427	29.824125
433	30.4648125
436	30.678375
446	31.40175
450	31.691125
454	31.8909375
461	32.4626875
468	33.1378125
501	36.3143125
505	36.4865625
512	36.996375
517	37.59575
520	37.761125
524	37.9264375
533	38.753125
537	39.063125
539	39.1595625
544	39.814125
549	40.110375
556	40.758
560	41.0404375
568	41.5089375
574	42.83875
578	42.969625
585	43.5965625
589	43.8583125
596	44.354375
599	44.5128125
603	44.6299375
609	45.332625
614	45.580625
618	45.75975
623	46.2558125
627	46.5106875
633	46.8069375
641	47.25475
650	49.48025
653	49.7626875
662	50.6720625
667	51.22325
671	51.3679375
676	51.9121875
682	53.2213125
686	53.5658125
693	55.6535625
697	55.7775625
704	56.383875
712	57.86525
716	58.0236875
720	58.3681875
728	59.8839375
732	60.028625
739	60.5729375
747	61.2136875
753	61.695875
763	64.252125
765	64.4656875
771	65.0650625
775	65.2235
777	65.354375
781	65.8849375
784	66.0571875
788	66.505
791	66.753
795	66.883875
801	67.5039375
806	67.8070625
810	67.9793125
816	68.4685
819	68.6269375
821	68.7165
826	69.081625
859	72.36825
863	72.61625
871	73.3534375
879	74.0560625
883	74.38675
895	75.6061875
899	75.8404375
907	76.501875
910	76.7085625
916	77.0048125
921	77.4939375
925	77.7213125
933	78.3206875
940	80.5049375
944	80.725375
948	80.9871875
959	82.179
961	82.2685625
968	82.87475
972	83.2054375
976	83.5705625
978	83.729
986	85.0035625
990	85.162
997	85.8026875
1003	87.1118125
1007	87.2840625
1011	87.4149375
1027	89.1923125
1030	89.3576875
1034	89.6194375
1038	90.0328125
1042	90.5495
1047	91.9068125
1050	92.0928125
1054	92.2995
1060	93.574125
1063	93.7876875
1072	94.724625
1082	97.212
1084	97.4255625
1088	97.873375
1094	98.5623125
1097	98.7689375
1099	98.851625
1108	99.80225
1118	101.400625
1120	101.510875
1130	102.5305
1133	102.7303125
1143	104.51475
1147	104.6800625
1149	104.769625
1158	105.6033125
1163	106.085625
1166	106.257875
1170	106.395625
1176	107.9045625
1180	108.0354375
1188	108.896625
1192	109.19975
1201	109.964375
1208	110.46725
1217	111.1424375
1222	111.3835625
1226	111.5006875
1263	115.1386875
1267	115.3591875
1278	116.2479375
1281	116.4201875
1285	116.5579375
1294	117.488
1299	117.7980625
1303	118.1011875
1310	118.6385
1312	118.7280625
1319	119.4376875
1325	119.86475
1327	119.9474375
1334	121.3460625
1338	121.5389375
1345	122.2416875
1348	122.4345625
1352	122.5516875
1361	123.3301875
1365	123.612625
1374	125.8933125
1383	126.933625
1387	127.1265
1389	127.2160625
1400	128.1668125
1405	128.580125
1409	128.7455
1413	129.1313125
1415	129.214
1426	131.03975
1430	131.1981875
1437	131.9284375
1443	133.2444375
1447	133.416625
1451	133.6990625
1457	134.2295625
1462	134.6221875
1468	135.187125
1473	135.545375
1477	135.7658125
1512	139.1006875
1516	139.2798125
1523	139.90675
1528	140.4510625
1531	140.6164375
1535	140.7541875
1543	141.3466875
1547	141.615375
1551	141.7738125
1559	142.469625
1565	142.9450625
1569	143.0828125
1577	143.8544375
1580	144.047375
1584	144.2471875
1591	145.52175
1593	145.652625
1597	146.128
1600	146.30025
1605	147.512875
1607	147.636875
1612	148.1811875
1615	148.3671875
1619	148.4843125
1626	149.855375
1628	149.965625
1637	150.7441875
1642	151.2126875
1645	151.3849375
1654	153.079875
1658	153.2451875
1660	153.33475
1667	153.9271875
1670	154.127
1678	156.2285625
1682	156.449
1686	156.74525
1692	157.193125
1695	157.37225
1700	157.7166875
1708	159.108375
1711	159.3701875
1718	160.6861875
1722	160.9204375
1726	161.134
1733	161.7678125
1739	162.250125
1742	162.4499375
1745	162.6290625
1749	162.8701875
1754	163.4006875
1757	163.6005
1792	167.018125
1796	167.266125
1806	168.1685625
1815	169.1813125
1819	169.574
1823	169.95975
1830	171.392875
1832	171.52375
1848	172.7706875
1855	173.3631875
1860	173.5905
1862	173.6800625
1873	174.7960625
1880	176.1671875
1882	176.2774375
1886	176.7665625
1889	176.980125
1898	177.648375
1905	178.0616875
1909	178.1788125
1914	178.74375
1920	180.039
1924	180.2043125
1926	180.36275
1941	181.45125
1947	182.0230625
1952	182.3744375
1959	184.4828125
1963	184.6894375
1976	186.5703125
1980	186.721875
1987	187.3694375
1993	188.6854375
1996	188.9265625
2000	189.3055
2002	189.4019375
2007	189.8704375
2015	190.5179375
2019	190.90375
2028	193.31525
2030	193.4255
2040	194.3830625
2046	195.6576875
2048	195.7816875
2057	196.512
2064	197.8693125
2068	198.034625
2070	198.15175
2080	199.0541875
2083	199.2264375
2088	200.4459375
2096	201.07975
2102	201.3070625
2109	201.8581875
2113	202.016625
2118	202.6159375
2123	202.9879375
2128	203.2290625
2130	203.318625
2136	203.8905
2144	206.1091875
2148	206.2469375
2154	206.9014375
2157	207.059875
2159	207.1494375
2170	208.30675
2174	208.5960625
2188	210.7593125
2192	210.9315625
2196	211.1865
2202	211.6825625
2208	211.9856875
2213	212.426625
2219	212.8675625
2222	213.0535625
