141	0.164625
145	0.3161875
158	1.452875
165	2.135
169	2.252125
182	3.671375
186	3.96075
192	4.4085625
196	4.6635
206	5.779625
209	5.9380625
211	6.027625
219	6.806125
225	8.1359375
229	8.3288125
232	8.5216875
237	8.8799375
241	9.1279375
244	9.286375
246	9.3759375
253	9.9339375
258	10.19575
262	10.4230625
271	11.022375
274	11.1808125
278	11.291
283	11.8696875
293	14.136625
297	14.31575
301	14.6878125
304	14.901375
313	16.38275
317	16.5343125
327	17.5264375
334	18.8355625
338	19.0146875
342	19.173125
351	19.9654375
354	20.1376875
358	20.2685625
365	20.950625
368	21.15725
370	21.2468125
377	21.928875
384	22.8245625
387	23.09325
391	23.4928125
393	23.5755
400	25.6288125
404	25.78725
408	26.2075
414	26.8826875
418	27.227125
422	27.6266875
429	28.1571875
435	28.5911875
439	28.735875
446	30.410125
451	30.6099375
460	31.181625
466	31.6225
470	31.877375
476	32.407875
479	32.63525
485	33.0279375
489	33.172625
495	33.9098125
532	37.2446875
536	37.4445
548	38.4571875
558	39.3526875
565	39.9933125
567	40.082875
576	40.9440625
585	41.95675
590	42.2391875
592	42.32875
598	42.8591875
607	43.8650625
611	44.0441875
614	44.2233125
623	45.0844375
629	47.192875
633	47.38575
641	48.1298125
650	48.9634375
657	49.5765
660	49.7900625
669	50.582375
682	52.5528125
684	52.6768125
693	53.3934375
700	55.0056875
704	55.164125
706	55.2536875
712	55.832375
724	58.5746875
728	58.795125
735	59.401375
747	60.3728125
754	61.66125
758	61.9299375
766	62.4190625
773	64.431
777	64.796125
780	64.9615
785	65.3059375
790	65.5676875
798	66.3599375
802	66.6079375
809	67.8343125
813	68.0065625
817	68.15125
828	68.8745625
833	69.136375
838	69.6806875
841	69.8805
881	73.718375
885	73.8768125
897	75.213375
901	75.50275
915	76.818625
918	77.1010625
923	77.55575
926	77.7555625
935	80.0293125
937	80.2498125
944	81.02825
951	81.607
954	81.7516875
956	81.84125
964	82.5715
973	83.4808125
976	83.6875
982	84.100875
992	84.94825
995	85.1480625
999	85.2789375
1006	85.9540625
1017	87.58
1021	87.786625
1030	88.5375
1038	90.556375
1042	90.7079375
1053	91.7964375
1056	91.9686875
1060	92.3269375
1067	92.947
1070	93.2639375
1074	93.6910625
1081	94.36625
1084	94.6280625
1088	95.0551875
1097	95.944
1107	98.1695625
1111	98.321125
1118	98.865375
1121	99.0306875
1125	99.1960625
1130	99.630125
1133	99.802375
1137	99.940125
1150	101.36625
1154	101.669375
1156	101.7658125
1166	102.4065625
1172	102.9645625
1175	103.1436875
1181	104.4183125
1185	104.5905625
1188	104.9350625
1192	105.3001875
1198	105.878875
1202	106.1268125
1206	106.4299375
1237	109.4065625
1241	109.565
1250	110.4055
1256	111.0875625
1259	111.2598125
1263	111.41825
1271	112.1623125
1278	112.7823125
1282	113.06475
1289	113.6020625
1294	113.9603125
1296	114.0705625
1306	114.89725
1311	116.1375
1313	116.24775
1322	116.9573125
1331	118.5558125
1333	118.65225
1343	119.4858125
1350	120.836125
1354	121.0083125
1357	121.1598125
1365	121.8280625
1375	122.74425
1378	122.9371875
1382	123.1025
1388	123.5710625
1391	123.7433125
1395	123.90175
1402	125.9619375
1405	126.2444375
1409	126.4924375
1418	127.2985
1424	127.739375
1428	127.96675
1434	128.40075
1442	129.723625
1446	130.0680625
1453	132.12825
1457	132.3349375
1463	132.7551875
1472	133.547375
1475	133.8091875
1479	134.0640625
1484	134.6014375
1488	134.821875
1492	134.9734375
1502	136.6131875
1506	137.005875
1510	137.2814375
1515	137.756875
1519	137.9015625
1553	141.1469375
1557	141.2985
1567	142.235375
1571	142.4351875
1575	142.5523125
1581	143.124125
1591	143.9990625
1597	144.446875
1601	144.584625
1606	145.128875
1612	146.5275
1616	146.706625
1620	146.8444375
1633	147.9743125
1637	148.243
1641	148.3876875
1646	148.9388125
1653	149.4968125
1659	149.896375
1662	150.0616875
1666	150.2615
1673	152.2528125
1675	152.466375
1683	153.49975
1688	153.78225
1695	154.4160625
1699	154.7811875
1703	155.0705
1706	155.311625
1718	156.4551875
1723	156.785875
1730	157.3576875
1735	157.702125
1739	158.012125
1741	158.087875
1751	158.9215
1754	159.162625
1756	159.2453125
1765	160.588875
1770	161.147
1778	163.165875
1783	163.4483125
1786	163.66875
1790	163.9925625
1792	164.1028125
1802	165.3704375
1805	165.5358125
1809	165.708
1814	166.19025
1822	166.8723125
1824	166.96875
1860	170.620625
1864	170.744625
1871	171.4266875
1882	172.425625
1885	172.597875
1889	172.735625
1897	173.3211875
1901	173.589875
1906	173.8999375
1914	174.4510625
1918	174.7955
1923	175.09175
1932	177.448125
1936	177.647875
1945	178.5503125
1951	179.83875
1955	179.96275
1961	180.5000625
1969	182.0985
1973	182.277625
1977	182.4980625
1986	183.29725
1992	183.8966875
1999	184.4754375
2002	184.695875
2006	184.82675
2013	186.246
2017	186.4181875
2021	186.618
2027	187.8513125
2031	188.2165
2037	189.6151875
2041	189.897625
2047	190.565875
2054	191.0274375
2057	191.22725
2062	191.6336875
2066	191.78525
2071	193.8248125
2074	194.0315
2078	194.3208125
2083	194.768625
2086	195.002875
2092	195.5815625
2098	196.091375
2107	196.8146875
2111	197.0420625
2117	197.4966875
2125	198.1580625
2127	198.247625
2135	199.0055
2140	199.2673125
2144	199.5290625
2152	200.23175
2161	201.8508125
2165	202.0436875
2174	202.9048125
2179	203.34575
2183	203.5455625
2187	203.7729375
2194	204.31025
2203	205.13
2208	205.4124375
2212	205.6880625
2217	206.1496875
2224	206.762875
2230	208.1270625
2234	208.2993125
2238	208.4164375
2243	208.9813125
2251	209.56
2257	209.7873125
2262	210.186875
2268	210.5795625
2271	210.7724375
2278	211.2478125
