141	0.164625
145	0.4195625
152	0.853625
156	1.2394375
163	1.9284375
168	2.162625
170	2.2521875
178	2.9618125
184	3.4509375
189	3.7471875
196	4.236375
199	4.518875
203	4.904625
209	7.1784375
212	7.3506875
218	7.90875
226	9.22475
228	9.390125
233	9.8241875
243	11.594875
247	11.7533125
249	11.842875
258	12.462875
275	14.04725
279	14.3916875
282	14.612125
286	14.743
292	15.25975
295	15.425125
299	15.562875
303	15.91425
312	17.5195625
318	17.9329375
326	18.8975
331	19.3384375
343	20.6886875
347	20.854
349	20.971125
357	21.722125
362	22.004625
370	22.686625
373	22.8795625
377	23.0173125
390	24.23675
397	24.9119375
400	25.0773125
404	25.2150625
436	28.5293125
440	28.6533125
449	29.349125
453	29.5626875
461	30.2723125
471	31.2850625
475	31.5468125
482	32.0910625
485	32.2770625
487	32.3873125
498	33.5723125
501	33.8616875
512	35.508375
514	35.6668125
521	36.1076875
526	36.707125
529	36.9758125
535	37.3960625
541	38.7878125
543	38.8980625
549	39.38725
552	39.69725
556	39.835
562	40.4136875
566	40.641
570	40.758125
579	41.633125
585	43.0869375
589	43.25225
591	43.369375
596	43.7345
602	44.2856875
605	44.4855
612	45.0986875
618	45.663625
622	45.787625
629	47.9649375
640	49.6735
643	49.8939375
651	50.68625
655	50.879125
661	51.375125
665	51.5886875
668	51.795375
673	52.3465
676	52.587625
687	54.2480625
691	54.4065
700	55.178125
707	57.259
712	57.55525
715	57.7895
719	57.92725
727	58.7195625
730	58.9675625
765	62.261125
769	62.385125
776	63.3015
779	63.4944375
783	63.6115625
790	64.2729375
794	64.5760625
797	64.727625
799	64.8171875
805	65.3751875
810	65.65075
812	65.767875
818	67.0425
822	67.27675
829	67.9243125
832	68.1103125
838	68.523625
841	68.73025
851	69.66725
856	70.2528125
860	70.5490625
862	70.63175
872	71.7065
879	72.402375
881	72.62975
888	73.256625
892	73.4495
894	73.55975
898	73.9249375
904	74.5036875
908	74.6690625
912	75.0755625
916	75.234
921	75.77825
932	77.4110625
936	77.67975
944	78.341125
951	78.850875
957	80.166875
961	80.339125
965	80.5940625
974	81.5861875
983	83.832375
985	84.0459375
992	84.77625
995	85.017375
997	85.1069375
1005	86.6916875
1014	87.3875
1017	87.5735
1020	87.7733125
1056	91.1013125
1060	91.2321875
1073	92.47925
1077	92.7135
1090	93.9675
1098	94.608125
1105	95.22125
1107	95.338375
1115	96.1306875
1125	97.8393125
1129	97.9633125
1142	99.127625
1146	99.3343125
1156	100.2919375
1164	100.960125
1171	101.5800625
1173	101.669625
1178	102.1588125
1183	104.1639375
1185	104.3775
1190	105.1698125
1192	105.2938125
1198	106.0585625
1202	106.223875
1204	106.3065625
1218	107.2641875
1227	108.924625
1231	109.0761875
1237	109.565375
1241	109.8823125
1245	109.9994375
1255	111.00525
1259	111.3015
1261	111.3841875
1273	113.402875
1277	113.59575
1282	113.9746875
1285	114.1469375
1290	114.4431875
1294	114.7463125
1296	114.8220625
1302	115.3594375
1339	118.894125
1343	119.018125
1352	119.8793125
1361	120.6921875
1365	120.9884375
1369	121.21575
1375	121.512
1379	121.84275
1383	122.0425625
1392	122.7521875
1398	123.2275625
1402	123.3446875
1410	124.219625
1418	126.272875
1426	127.2374375
1431	127.6576875
1435	128.0779375
1439	128.381125
1441	128.5395625
1449	129.8210625
1453	130.0208125
1470	131.60525
1477	133.6654375
1480	133.8928125
1485	134.368125
1491	134.877875
1495	135.10525
1501	135.4773125
1504	135.6633125
1510	136.2006875
1515	136.572625
1520	138.3503125
1524	138.501875
1530	138.984125
1538	139.790125
1540	139.8796875
1552	140.9061875
1561	141.6776875
1566	141.9188125
1568	142.0359375
1575	142.6973125
1578	142.8901875
1582	143.0073125
1590	144.29575
1607	146.4248125
1649	150.462375
1653	150.6415
1658	151.130625
1661	151.302875
1665	151.5578125
1669	151.93675
1676	152.52925
1680	152.7979375
1687	153.49375
1690	153.7004375
1697	154.3824375
1702	154.6235625
1706	154.7544375
1712	155.243625
1716	155.5123125
1726	157.965125
1734	158.6265
1738	158.8469375
1745	159.529
1748	159.70125
1752	159.832125
1758	160.486625
1768	162.22975
1772	162.35375
1780	163.0495625
1787	163.5593125
1790	163.6970625
1798	164.4066875
1802	164.813125
1808	165.3435625
1811	165.543375
1816	165.998125
1821	166.2736875
1826	166.7421875
1828	166.8524375
1833	167.4243125
1838	167.8445625
1844	168.2924375
1848	168.450875
1854	170.7521875
1856	170.9726875
1868	171.9303125
1872	172.1163125
1874	172.2334375
1886	173.108375
1892	173.4528125
1896	173.8593125
1901	174.252
1905	174.42425
1909	174.95475
1914	175.2096875
1917	175.4025625
1920	175.884875
1924	176.07775
1927	176.284375
1934	176.9113125
1937	177.0973125
1941	177.2144375
1947	177.7724375
1951	178.06175
1957	180.2045625
1961	180.3285625
1971	181.355125
1975	181.5549375
1979	181.65825
1989	182.505625
1996	183.125625
2001	183.5389375
2007	184.8480625
2011	185.05475
2015	185.4336875
2020	185.8195
2023	186.0399375
2027	186.184625
2038	187.0939375
2043	187.596875
2048	187.9895625
2052	188.1066875
2059	188.72675
2063	189.023
2072	191.20025
2075	191.44825
2079	191.861625
2091	192.9570625
2095	193.1361875
2102	194.4728125
2106	194.7345625
2115	195.69225
2121	197.773125
2125	197.972875
2130	198.66875
2134	198.85475
2140	199.6470625
2144	199.8261875
2148	199.950125
2154	200.50125
2159	200.7974375
2171	202.6575625
2175	202.809125
2183	203.51875
2189	204.007875
2193	204.2903125
2197	204.5659375
2202	205.0481875
2211	205.9093125
2216	206.19175
2226	208.3345625
2230	208.7065625
2237	209.6505
2241	210.029375
2248	211.028375
2252	211.1868125
2254	211.3039375
2260	211.8206875
2263	211.9929375
2269	213.343375
2273	213.4949375
2284	214.673
2288	215.0175
2294	217.0776875
2296	217.2981875
2307	218.297125
2314	218.8550625
2321	219.3993125
2325	219.5233125
2331	220.0400625
2335	220.2811875
2341	220.8805625
2345	221.1699375
2347	221.328375
2355	221.7830625
2361	223.8915
2365	224.0981875
2371	224.5735
2375	224.876625
2384	225.531125
2390	225.9789375
2399	226.785
2404	227.0191875
2410	227.6116875
2413	227.7908125
2417	228.004375
2422	228.3833125
2425	228.5555625
2429	228.720875
2434	229.251375
2439	229.5545625
