141	0.164625
145	0.3713125
151	0.8535
155	1.1359375
162	1.590625
167	1.852375
170	2.0108125
178	2.7618125
182	2.9409375
187	3.375
196	4.89075
200	5.01475
205	5.559
211	5.8276875
217	6.372
222	6.6061875
226	6.888625
231	7.426
235	7.646375
241	9.596375
245	9.720375
251	10.3404375
255	10.72625
262	11.2221875
267	11.4495
269	11.5390625
274	12.0489375
277	12.2763125
281	12.4140625
286	12.93075
293	13.5508125
297	13.7436875
299	13.8539375
308	14.6599375
313	14.8941875
317	15.176625
321	15.60375
330	16.3133125
333	16.4855
337	16.68525
347	18.24225
351	18.497125
356	19.0345
360	19.2549375
364	19.413375
370	19.957625
380	20.763625
387	23.04425
389	23.16825
402	24.3945
412	25.9446875
414	26.0686875
428	27.1571875
437	28.583375
441	28.7486875
443	28.8658125
453	29.823375
460	30.429625
464	30.7603125
468	31.091
473	31.456125
483	32.2415625
487	32.455125
491	32.579125
496	33.1165625
506	35.2663125
510	35.3903125
520	36.2515
527	36.89225
530	37.1265
532	37.2160625
541	38.793875
545	38.917875
551	39.475875
558	41.5566875
562	41.6806875
571	42.4935625
575	42.8586875
578	43.0791875
580	43.16875
614	46.5175
618	46.6415
625	47.358
629	47.6198125
631	47.71625
640	48.65325
644	48.83925
646	48.956375
651	49.4938125
654	49.7280625
658	49.8589375
666	52.0431875
678	53.138625
686	53.6621875
688	53.820625
697	54.640375
700	54.8815
708	56.27325
712	56.4316875
722	57.2033125
729	59.2841875
736	60.0420625
739	60.2625
744	61.4338125
748	61.7024375
756	62.3569375
760	62.80475
763	62.99075
773	65.37475
775	65.59525
786	66.7113125
793	68.0893125
795	68.2133125
802	68.798875
809	70.18375
813	70.3490625
815	70.438625
826	71.3205
832	71.8440625
836	72.1334375
841	72.4434375
850	73.1943125
853	73.35275
857	73.469875
862	74.0141875
872	75.647125
876	75.819375
880	75.95025
887	76.7356875
890	76.94925
898	77.6036875
902	77.934375
936	81.2485625
940	81.407
949	82.17175
953	82.412875
967	83.50825
971	83.7080625
975	83.845875
983	84.5141875
987	84.78975
998	87.3046875
1001	87.5045
1006	87.9729375
1010	88.2623125
1014	88.3863125
1021	88.9788125
1024	89.1441875
1028	89.3301875
1037	90.2326875
1049	91.906875
1053	92.251375
1060	94.33225
1062	94.45625
1073	95.351875
1081	96.020125
1085	96.206125
1088	96.4128125
1097	97.184375
1101	97.5908125
1108	97.9628125
1116	98.734375
1120	98.8790625
1125	99.4165
1138	101.9864375
1142	102.2344375
1151	102.9715625
1154	103.13
1158	103.3298125
1163	103.7845
1167	104.073875
1171	104.2323125
1181	105.3759375
1184	105.5481875
1188	105.7135
1195	106.4644375
1202	107.842375
1208	108.2419375
1214	108.744875
1227	109.6404375
1230	109.84025
1234	109.978
1242	110.653125
1246	110.9355625
1251	111.3006875
1285	114.6218125
1287	114.8423125
1297	115.96525
1300	116.1375
1304	116.3028125
1312	116.922875
1318	117.391375
1322	117.667
1327	118.142375
1339	119.093125
1348	119.9129375
1351	120.0851875
1355	120.2505
1360	121.387375
1364	121.649125
1367	121.89025
1371	122.0349375
1379	122.8961875
1382	123.0684375
1387	123.344
1397	125.783
1399	125.907
1410	126.8645625
1418	127.581
1421	127.81525
1425	127.946125
1434	129.56525
1436	129.68925
1443	130.15075
1450	131.501125
1454	131.6733125
1456	131.7835625
1463	132.42425
1471	133.51275
1475	133.8571875
1481	134.3945625
1485	134.546125
1490	135.090375
1498	137.1505625
1500	137.364125
1504	137.812
1507	138.053125
1511	138.4320625
1513	138.5491875
1518	139.0108125
1521	139.1968125
1523	139.3070625
1532	140.6850625
1536	141.0501875
1539	141.2224375
1544	141.5186875
1577	144.7778125
1581	144.9018125
1590	145.8663125
1594	146.1694375
1597	146.327875
1608	147.3956875
1612	147.5679375
1623	148.4428125
1626	148.608125
1628	148.6908125
1634	149.3315625
1638	149.7794375
1642	150.0136875
1645	150.22725
1653	150.936875
1657	151.1435625
1664	153.334625
1667	153.5895
1670	153.872
1675	155.070875
1678	155.305125
1685	155.6703125
1689	155.9734375
1692	156.2145625
1696	156.3316875
1701	156.9035625
1704	157.0689375
1708	157.1998125
1715	158.55025
1719	158.667375
1725	159.2254375
1731	160.5414375
1736	160.796375
1741	161.216625
1747	161.809125
1752	162.057125
1756	162.2569375
1761	162.6840625
1771	165.1299375
1773	165.288375
1779	166.2323125
1781	166.3631875
1791	167.6240625
1795	167.789375
1797	167.9065
1804	168.6919375
1807	168.9055
1816	169.642625
1821	169.8493125
1828	170.517625
1835	171.117
1839	171.2548125
1873	174.638
1877	174.762
1882	175.292375
1887	175.8435
1891	176.084625
1893	176.1741875
1900	176.8906875
1909	177.682875
1912	177.855125
1918	178.34425
1929	180.0596875
1939	180.7693125
1945	181.217125
1949	181.3686875
1957	182.278125
1961	182.51925
1967	182.9808125
1973	185.068625
1976	185.2753125
1980	185.5784375
1984	185.723125
1990	186.3500625
1997	186.983875
2002	187.2525625
2006	187.4179375
2016	188.3480625
2022	188.603
2025	188.8028125
2034	190.2978125
2038	190.47
2042	190.6698125
2047	191.1245
2052	191.517125
2058	192.1854375
2062	192.4679375
2064	192.5850625
2071	194.7830625
2080	195.52025
2088	196.1058125
2092	196.243625
2096	196.663875
2102	197.352875
2109	197.835125
2111	197.945375
2117	198.5034375
2120	198.772125
2127	200.1776875
2131	200.4119375
2138	201.1284375
2145	201.7485
2152	202.3960625
2155	202.561375
2158	202.8783125
2163	203.264125
2167	203.4294375
2173	203.9736875
2182	204.7451875
2189	206.901875
2193	207.163625
2197	207.50125
2200	207.6941875
2204	207.894
2209	208.3418125
2213	208.6794375
2220	209.933375
2224	210.0849375
2229	210.587875
2237	211.8004375
2241	211.9244375
2250	213.3230625
2254	213.4953125
2258	213.6124375
2264	214.30825
2267	214.4805
2271	214.7354375
2279	215.314125
2284	215.7619375
2289	216.120125
2293	216.430125
2296	216.678125
2300	216.79525
2305	217.3395
2311	219.6133125
2316	220.012875
2320	220.150625
2325	220.5985
2329	220.887875
2331	220.9705625
2338	221.680125
2347	222.424125
2354	223.051
2362	223.84325
2365	224.0981875
2369	225.338375
2373	225.5450625
2381	226.2615625
2384	226.4545
2388	226.59225
2393	227.081375
2399	227.6531875
2402	227.8598125
2408	228.26625
2411	228.45225
2417	230.5745
2424	231.0085
2428	231.27025
2434	232.517375
2438	232.641375
2447	233.3371875
2456	234.3016875
2460	234.5979375
2463	234.756375
2470	235.7070625
2474	235.8793125
2480	236.4304375
2487	237.153875
2491	237.38125
2494	237.5328125
2500	238.03575
2504	238.201125
