141	0.164625
145	0.288625
154	0.9913125
160	1.4253125
165	1.694
169	1.8386875
180	2.527625
188	3.29925
192	3.416375
200	4.146625
205	4.57375
209	4.814875
213	4.9664375
219	5.5244375
229	8.004875
233	8.128875
239	8.7075625
244	8.9004375
248	9.3138125
254	9.8166875
258	9.96825
270	10.843125
273	11.0015625
275	11.091125
281	11.76625
286	12.0418125
290	12.193375
297	12.8340625
304	13.47475
314	15.1145625
318	15.2316875
327	15.9688125
334	18.0496875
336	18.2701875
343	18.835125
346	19.01425
353	19.7306875
359	20.2129375
363	20.59875
366	20.7709375
370	21.101625
372	21.2600625
379	22.5415625
383	22.927375
385	23.051375
393	25.2355
397	25.3939375
409	26.5030625
413	26.7441875
419	27.2885
423	27.4883125
427	27.6811875
437	28.569875
441	28.873
474	32.1941875
478	32.3181875
485	33.103625
494	33.9028125
498	34.178375
505	34.722625
510	34.96375
514	35.2186875
523	36.1901875
529	38.2021875
531	38.41575
538	39.311375
543	39.6214375
549	40.200125
552	40.3585625
556	40.4894375
564	41.2885625
569	41.736375
573	42.1773125
578	42.6458125
581	42.7973125
583	42.9144375
593	43.8445625
596	44.0236875
601	44.4370625
612	46.056125
614	46.166375
626	47.682
633	49.7353125
637	49.9144375
644	50.4104375
647	50.562
649	50.6515625
657	51.753875
660	52.0294375
664	52.4359375
668	52.580625
673	53.1180625
676	53.3591875
680	53.531375
687	54.027375
690	54.1858125
692	54.275375
701	56.556
705	56.735125
710	57.1898125
715	57.5411875
718	57.7065625
722	57.865
730	58.6641875
734	58.864
738	59.0155625
746	59.615
751	60.166125
756	60.6139375
764	61.254625
768	61.378625
775	62.0881875
778	62.3293125
784	62.6255625
816	65.7469375
820	65.8709375
826	66.4151875
835	67.221125
839	67.5035625
843	67.7584375
851	68.48875
854	68.73675
856	68.8263125
866	71.1689375
868	71.3825
872	72.0576875
875	72.33325
881	72.9394375
884	73.208125
888	73.6076875
892	73.75925
897	74.296625
900	74.5101875
902	74.592875
908	75.8124375
910	75.908875
920	76.9148125
930	77.91375
938	79.8981875
942	80.2564375
945	80.47
947	80.5595625
953	81.86175
957	82.089125
963	82.5024375
966	82.757375
968	82.8538125
973	83.35675
977	83.6736875
979	83.7908125
987	84.6933125
992	84.9550625
996	85.334
1004	86.02975
1011	86.636
1018	88.8478125
1022	89.0269375
1028	89.5160625
1036	90.21875
1039	90.453
1043	90.583875
1049	91.1695
1054	91.6035625
1058	91.741375
1062	92.1754375
1068	92.513
1072	92.885
1075	93.112375
1113	96.8813125
1117	97.0053125
1125	97.8665
1134	98.9068125
1137	99.0721875
1141	99.2099375
1148	99.8644375
1153	100.2364375
1157	100.5120625
1167	101.6144375
1176	103.7573125
1180	103.8813125
1187	104.53575
1190	104.7630625
1194	105.148875
1196	105.2384375
1208	107.2226875
1212	107.3466875
1218	107.9046875
1225	109.21375
1229	109.3859375
1233	109.6476875
1242	110.426125
1245	110.5915
1249	110.7499375
1258	111.934875
1261	112.2035625
1265	112.603125
1269	112.885625
1278	113.65025
1281	113.8225
1285	113.96025
1295	116.296
1297	116.5165
1303	117.1020625
1310	118.507625
1315	118.989875
1323	120.4919375
1327	120.7055
1331	121.1119375
1335	121.4701875
1340	121.911125
1347	122.6345
1351	122.77225
1357	124.2329375
1361	124.4603125
1370	125.2319375
1374	125.5419375
1376	125.700375
1381	126.0930625
1387	126.6786875
1390	126.906
1423	130.385625
1427	130.509625
1436	131.2054375
1441	131.5291875
1445	131.6531875
1451	132.280125
1455	132.535
1463	133.9266875
1465	134.0506875
1477	135.1598125
1480	135.3320625
1490	136.4550625
1496	136.72375
1502	137.343875
1506	137.50925
1513	138.16375
1520	140.244625
1522	140.465125
1529	141.0300625
1532	141.2023125
1540	141.8499375
1549	142.47
1552	142.6835625
1554	142.78
1561	143.3380625
1564	143.5171875
1576	144.47475
1583	145.859625
1587	146.0180625
1597	146.7896875
1603	148.8705625
1607	149.029
1618	149.9934375
1625	150.4963125
1636	152.3565625
1640	152.570125
1643	152.9490625
1647	153.272875
1651	153.39
1661	154.4165625
1669	155.78075
1673	155.9529375
1678	156.407625
1681	156.573
1686	156.9174375
1691	157.1999375
1725	160.5210625
1729	160.7415
1733	161.168625
1736	161.340875
1740	161.4993125
1748	162.28475
1752	162.587875
1755	162.760125
1760	163.2768125
1764	163.476625
1770	164.75125
1774	165.0888125
1778	165.3230625
1785	165.874125
1789	166.0945625
1792	166.315
1796	166.445875
1806	167.307
1809	167.4654375
1811	167.548125
1818	168.22325
1826	170.2765
1829	170.4900625
1833	170.75875
1838	171.22725
1844	171.702625
1855	172.9770625
1863	174.2655
1867	174.382625
1873	174.9406875
1880	177.0215625
1884	177.1593125
1889	177.703625
1895	178.06875
1900	178.3511875
1907	178.8885625
1912	179.0883125
1916	179.5085625
1923	181.56875
1927	181.7065
1936	182.423
1940	182.726125
1949	183.483875
1951	183.5803125
1961	185.17875
1965	185.357875
1969	185.4956875
1978	186.2465625
1982	186.584125
1991	187.335
1995	187.4796875
2000	188.0239375
2010	190.297625
2014	190.53875
2018	190.9659375
2021	191.1313125
2025	191.28975
2034	192.908875
2038	193.15
2044	193.66675
2047	193.839
2051	194.0043125
2056	195.1411875
2060	195.3134375
2064	195.51325
2069	195.8715
2077	196.6638125
2080	196.8360625
2084	196.9738125
2089	197.47675
2096	198.9649375
2100	199.2818125
2103	199.4471875
2106	199.647
2110	199.9088125
2113	200.1430625
2117	200.342875
2125	202.4788125
2130	202.88525
2136	203.464
2140	203.6981875
2144	203.8221875
2150	205.1656875
2152	205.324125
2156	205.68925
2161	206.1715
2165	206.3988125
2169	206.6055
2175	207.9628125
2179	208.1419375
2181	208.300375
2192	209.2441875
2202	210.146625
2207	210.47725
2211	210.621875
2217	211.97225
2221	212.1238125
2226	212.62675
2230	212.929875
2232	213.0194375
2238	213.6119375
2241	213.81175
2247	215.2793125
2251	215.4515
2255	215.71325
2261	216.236875
2265	216.5675625
2268	216.93275
2275	217.5940625
2279	217.9385
2283	218.103875
2290	220.28125
2294	220.460375
2298	220.8324375
2302	221.1355625
2311	222.6995
2315	222.906125
2323	223.7604375
2327	224.0635625
2334	225.448375
2338	225.620625
2342	225.73775
2351	226.8539375
2354	227.0330625
2362	227.94925
2365	228.0939375
2367	228.1835
2376	229.0033125
2382	229.4924375
2394	230.7806875
2399	232.138
2402	232.379125
2406	232.751125
2413	233.2609375
2419	234.5769375
2421	234.735375
2428	235.3899375
2434	235.8721875
2447	237.07075
2454	237.5323125
2459	237.759625
2465	238.228125
2469	238.4003125
2475	238.9514375
2481	241.0391875
2485	241.2871875
2490	241.81775
2497	242.4584375
2502	242.8718125
2505	243.0509375
2509	243.209375
2517	243.9879375
2521	244.2910625
2524	244.49775
2530	245.772375
2534	245.9515
2538	246.0961875
2542	246.4475625
2548	247.04
2551	247.205375
2555	247.3706875
2562	247.983875
2566	248.23875
2572	248.6451875
