141	0.164625
145	0.3230625
154	1.108375
159	1.542375
167	2.189875
171	2.5756875
178	3.1613125
182	3.3266875
188	3.877875
194	4.2085625
198	4.5736875
203	4.94575
208	5.428
212	6.578625
214	6.688875
220	7.198625
225	7.6533125
228	7.880625
232	8.0115
238	8.79
242	8.976
244	9.0655625
251	9.844
256	10.1265
262	10.712125
266	10.9670625
270	11.2770625
279	13.413
287	14.1570625
291	14.5979375
294	14.7908125
303	16.2653125
307	16.5064375
316	17.3883125
323	18.67675
327	18.849
331	19.041875
343	19.94425
348	20.150875
351	20.3713125
357	21.0534375
364	21.5288125
370	23.465
377	24.064375
381	24.408875
385	24.526
393	25.3665
398	25.683375
401	26.0623125
407	26.5996875
410	26.81325
412	26.9716875
417	27.364375
454	30.9955
458	31.216
470	32.4423125
477	33.0968125
484	33.709875
486	33.8683125
498	35.535625
500	35.645875
507	36.314125
510	36.5139375
516	37.0995
520	37.3613125
526	38.6290625
530	38.794375
532	38.9390625
538	39.497125
541	39.669375
547	40.3239375
554	41.0541875
562	41.6535625
568	42.039375
578	44.5405625
580	44.7610625
588	45.43625
591	45.5946875
593	45.691125
600	47.1931875
604	47.3654375
616	48.5296875
623	49.818125
627	50.073
631	50.2314375
640	51.2234375
648	52.0019375
652	52.1673125
656	52.5875625
668	54.5304375
672	54.7026875
676	54.9025
682	55.3503125
689	56.03925
692	56.2735
730	59.8288125
734	59.980375
743	60.7656875
747	61.0688125
750	61.2479375
755	61.702625
763	62.4879375
767	62.7221875
770	62.894375
775	63.3904375
779	63.6385
786	64.3550625
791	64.74775
795	64.9819375
799	65.1335
804	65.61575
811	67.7930625
813	68.006625
821	69.0194375
823	69.1434375
828	69.86
832	70.0184375
834	70.176875
842	70.9829375
850	71.5754375
855	72.0508125
860	72.39525
864	72.6776875
874	74.20025
878	74.3518125
887	75.3714375
892	75.964
896	76.16375
900	76.280875
906	76.8389375
915	77.6105625
924	78.196125
929	78.568125
934	78.80925
938	78.9539375
948	81.2483125
955	81.9648125
959	82.3781875
961	82.46775
969	83.3565
974	83.6803125
977	84.0661875
991	86.133
996	86.691125
1004	87.896875
1008	88.1035625
1015	88.7855625
1018	89.1714375
1057	92.988625
1061	93.112625
1070	93.8566875
1079	94.6695625
1083	94.952
1089	95.24825
1093	95.4066875
1099	95.9233125
1105	96.192
1110	96.619125
1116	97.997125
1120	98.169375
1124	98.39675
1131	99.0099375
1135	99.278625
1138	99.430125
1150	100.38075
1153	100.5391875
1155	100.62875
1165	101.2694375
1171	102.7231875
1173	102.819625
1179	103.6050625
1181	103.7290625
1192	105.0243125
1196	105.18275
1198	105.2723125
1208	106.30575
1213	106.726
1221	107.497625
1225	107.86275
1229	108.1520625
1231	108.2691875
1238	110.4051875
1240	110.61875
1246	111.2594375
1252	111.70725
1254	111.7968125
1265	112.8990625
1271	113.422625
1275	113.60175
1277	113.6913125
1287	114.524875
1294	115.27575
1298	115.5375625
1306	116.185125
1310	116.3986875
1314	116.5295625
1349	119.919625
1353	120.0711875
1363	120.8358125
1368	121.331875
1372	121.6074375
1375	121.77275
1384	122.7098125
1386	122.799375
1391	123.4125625
1396	123.695
1404	124.370125
1408	124.6181875
1415	125.231375
1421	126.5473125
1425	126.9055625
1429	127.064
1436	127.746
1439	127.91825
1443	128.1731875
1447	128.552125
1455	129.978375
1459	130.2195
1465	130.694875
1470	130.936
1474	131.1909375
1484	131.9694375
1487	132.1416875
1499	133.3679375
1503	133.6021875
1513	136.1790625
1517	136.330625
1522	136.8749375
1528	137.4398125
1533	137.6809375
1535	137.7705
1540	138.2183125
1546	138.8315
1549	139.010625
1560	140.1129375
1564	140.3885
1569	140.8225625
1575	141.2634375
1580	141.5045625
1584	141.6354375
1619	145.0254375
1626	145.4594375
1630	145.59725
1639	146.3825625
1645	146.6375
1649	146.8993125
1651	146.988875
1659	147.74675
1664	148.993875
1667	149.1660625
1673	149.669
1678	149.917
1682	150.0823125
1687	150.58525
1693	151.9563125
1696	152.1423125
1704	152.7623125
1708	152.9965625
1717	153.630375
1724	154.236625
1728	154.3881875
1733	154.8635625
1737	155.146
1745	156.59975
1749	156.8064375
1752	156.978625
1757	157.4746875
1761	157.6400625
1765	158.1774375
1768	158.3496875
1772	158.4874375
1777	159.114375
1783	159.7
1789	160.2098125
1793	160.43025
1801	160.9331875
1811	163.3171875
1814	163.5996875
1818	163.8476875
1826	164.515875
1830	164.9430625
1837	165.556125
1843	166.699875
1847	166.8514375
1855	167.6093125
1862	169.6695
1867	169.96575
1870	170.2
1874	170.475625
1879	170.9234375
1885	171.6193125
1891	172.0878125
1902	174.4786875
1906	174.637125
1917	175.787625
1920	175.953
1924	176.1183125
1933	176.8966875
1937	177.17225
1944	177.6063125
1950	178.2539375
1953	178.5019375
1960	179.942
1964	180.066
1970	180.7205
1973	180.885875
1977	181.023625
1985	182.4705
1989	182.6220625
1994	183.13875
2000	184.33075
2004	184.503
2008	184.620125
2015	185.3089375
2018	185.4743125
2022	185.63275
2027	186.16325
2031	186.47325
2038	186.9761875
2044	188.374875
2048	188.554
2052	188.684875
2057	189.263625
2063	189.5254375
2069	190.028375
2074	190.2695
2076	190.3590625
2081	190.806875
2085	191.3029375
2088	191.5165
2096	192.191625
2103	194.685875
2107	194.809875
2113	195.368
2116	195.5609375
2120	195.781375
2131	196.683875
2135	196.9731875
2140	197.427875
2149	198.254625
2154	198.502625
2158	198.6128125
2165	200.0458125
2169	200.2386875
2174	200.63825
2182	202.9326875
2184	203.14625
2191	203.793875
2194	204.0074375
2203	204.7033125
2207	205.0133125
2215	205.6885
2219	205.9365
2228	206.721875
2231	206.9354375
2235	207.32125
2241	209.5881875
2243	209.80175
2254	211.606875
2256	211.730875
2262	212.3509375
2265	212.5231875
2271	213.749625
2275	213.9218125
2278	214.094
2288	215.024
2295	215.6785
2304	216.3536875
2309	216.6843125
2313	216.8014375
2321	217.81425
2333	219.509125
2343	220.267
2347	220.4116875
2355	221.1833125
2370	222.4370625
2374	222.712625
2377	222.946875
2381	223.3189375
2389	223.883875
2392	224.056125
2396	224.193875
