141	0.164625
145	0.3161875
151	1.0395625
155	1.43225
161	1.9971875
166	2.2383125
169	2.4380625
173	2.8651875
176	3.0374375
180	3.195875
188	3.9881875
192	4.1810625
194	4.26375
199	4.801125
202	5.0215625
207	5.4005
215	7.4675
219	7.72925
225	8.314875
228	8.5835625
232	8.9900625
236	9.238125
244	10.6781875
247	10.850375
250	11.084625
254	11.332625
260	11.85625
263	12.021625
267	12.1800625
279	14.0195625
283	14.1435625
289	14.6946875
296	16.7824375
299	16.98225
304	17.2715625
311	17.8846875
315	18.2498125
321	19.56575
326	19.882625
335	22.1288125
345	23.53425
354	24.6916875
358	24.9465625
368	25.9800625
373	26.331375
377	26.6551875
380	26.8411875
384	26.9514375
398	29.0940625
402	29.307625
405	29.6935
409	30.0104375
413	30.224
424	31.216125
432	31.8981875
435	32.098
439	32.4838125
446	33.152125
448	33.2348125
482	36.56975
486	36.69375
494	37.47225
497	37.6445
501	37.78225
507	38.4505625
512	38.8570625
516	39.132625
518	39.2153125
528	41.03425
532	41.227125
539	41.8678125
542	42.0400625
546	42.1778125
553	42.797875
557	43.0596875
567	44.01725
573	44.5201875
577	44.6304375
584	46.738875
589	46.98
593	47.21425
597	47.641375
605	48.36475
615	49.9149375
619	50.0389375
626	50.80375
633	51.3755
640	53.456375
645	53.6975
649	53.9593125
656	54.4966875
668	56.977125
670	57.1355625
680	58.0243125
685	58.341125
688	58.5133125
694	58.98175
705	60.69725
707	60.82125
712	61.468875
715	61.648
722	63.274
726	63.4461875
728	63.528875
737	64.37625
742	64.9068125
745	65.0928125
749	65.230625
756	65.892
761	66.1813125
765	66.332875
771	66.9805
777	67.3800625
783	67.938125
786	68.1585625
790	68.310125
823	71.6795
827	71.8310625
833	72.4373125
836	72.6095625
840	72.7610625
846	73.4638125
850	73.78075
855	74.02875
857	74.1183125
863	74.7590625
871	75.43425
880	76.192
882	76.309125
888	76.874
903	79.9055625
907	80.0915625
915	80.9871875
918	81.13875
920	81.255875
927	81.8139375
930	82.0481875
934	82.4546875
938	82.66825
946	83.563875
949	83.7154375
951	83.805
958	85.1623125
962	85.313875
972	86.1199375
981	87.5599375
985	87.72525
987	87.842375
992	88.2833125
995	88.496875
1001	89.1306875
1010	90.115875
1014	90.4534375
1020	90.9494375
1022	91.039
1028	91.6659375
1041	94.33925
1045	94.477
1051	95.08325
1055	95.3588125
1063	95.806625
1066	96.040875
1070	96.1648125
1076	96.6884375
1079	96.846875
1081	96.97775
1086	97.44625
1089	97.6460625
1123	101.0430625
1127	101.194625
1137	102.186625
1140	102.358875
1144	102.496625
1151	103.17175
1156	103.585125
1160	103.88825
1164	104.1018125
1176	105.0663125
1179	105.2316875
1183	105.459
1195	108.1254375
1202	108.5595
1206	108.7041875
1211	109.3311875
1216	109.8548125
1219	110.0959375
1223	110.2475
1231	111.0190625
1237	112.300625
1245	112.9
1250	113.38225
1253	113.5545
1258	113.8783125
1266	114.5879375
1270	114.9738125
1278	116.4758125
1280	116.5860625
1291	117.6263125
1297	119.707125
1301	119.88625
1313	121.009125
1323	121.8151875
1326	121.9805625
1330	122.145875
1336	122.5455
1341	123.020875
1346	123.303375
1350	123.475625
1356	124.013
1360	124.1576875
1367	124.7156875
1371	125.060125
1378	125.494125
1415	129.3250625
1419	129.4490625
1425	130.020875
1435	130.9094375
1440	131.3503125
1445	131.6740625
1449	131.81875
1459	132.6868125
1462	132.84525
1464	132.9348125
1472	133.5961875
1477	134.126625
1483	134.5744375
1487	134.746625
1493	135.29775
1500	137.3855
1502	137.5095
1512	138.398125
1527	139.78975
1532	140.1893125
1536	140.609625
1541	140.961
1554	142.745375
1558	143.1036875
1565	145.1845
1568	145.3980625
1574	145.8045
1576	145.8871875
1581	146.4315
1584	146.6175
1588	146.858625
1596	149.008375
1600	149.2288125
1614	150.5171875
1618	150.7445
1622	150.875375
1629	151.5573125
1635	152.21875
1639	152.521875
1646	153.0661875
1650	153.1833125
1655	153.72075
1693	157.4621875
1697	157.61375
1709	158.5783125
1712	158.7505625
1716	158.909
1722	160.39725
1726	160.624625
1733	161.203375
1736	161.4445
1740	161.6166875
1750	162.5605
1760	164.220875
1764	164.4
1768	164.586
1781	165.5435625
1784	165.7089375
1788	165.8466875
1793	166.3840625
1799	166.9903125
1804	167.27275
1808	167.445
1814	167.8859375
1821	168.4646875
1825	168.609375
1833	169.14675
1844	171.5651875
1850	171.8683125
1853	172.12325
1856	172.4884375
1864	173.260125
1867	173.4048125
1869	173.50125
1884	175.637
1888	176.0159375
1896	178.0348125
1902	178.3379375
1905	178.5653125
1913	179.31625
1916	179.46775
1918	179.5573125
1926	180.239375
1931	180.4943125
1939	181.286625
1945	181.7344375
1953	183.891125
1957	184.028875
1963	184.635125
1966	184.8005
1970	184.9589375
1976	185.654875
1980	185.951125
1988	187.3428125
1992	187.5288125
1995	187.7010625
1999	188.038625
2002	188.1833125
2005	188.4244375
2012	190.6638125
2015	190.8980625
2019	191.221875
2022	191.359625
2027	191.7660625
2035	192.34475
2037	192.4343125
2043	193.0956875
2047	193.2816875
2050	193.4815
2060	195.0591875
2064	195.2934375
2072	195.8514375
2074	195.941
2080	196.42325
2084	196.602375
2086	196.6988125
2096	199.1861875
2106	200.0886875
2110	200.233375
2119	201.687125
2124	202.1625625
2128	202.4450625
2138	203.974625
2142	204.222625
2146	204.5258125
2150	204.68425
2158	205.21475
2167	206.696
2171	206.82
2177	207.378
2183	209.458875
2186	209.6655625
2190	209.9686875
2194	210.113375
2199	210.657625
2205	211.3328125
2209	211.532625
2213	211.64975
2218	212.194
2223	212.6418125
2229	213.4755
2236	213.9301875
2241	214.6191875
2245	214.83275
2253	215.5148125
2260	215.928125
2264	216.0796875
2270	216.644625
2273	216.81
2278	217.3060625
2283	217.7814375
2287	218.0845625
2290	218.2360625
2293	218.4771875
2299	218.9111875
2306	221.247
2309	221.495
2312	221.6671875
2325	223.7065
2329	223.8649375
2337	224.6435
2341	224.946625
2348	225.5941875
2352	225.8421875
2356	226.097125
2367	227.0823125
2370	227.2545625
2374	227.3923125
2379	228.611875
2383	228.7771875
2385	228.8943125
2392	229.5556875
2399	230.05175
2403	230.348
2407	230.7545
2411	231.0025
