141	0.164625
145	0.288625
152	0.9499375
160	1.5836875
164	1.8385625
173	2.50675
176	2.699625
180	2.9751875
182	3.06475
191	4.02925
195	4.2635
198	4.4356875
203	4.93175
207	5.0695625
214	5.855
221	6.537125
225	6.668
231	8.7901875
235	9.024375
242	9.554875
245	9.727125
249	9.864875
255	11.3738125
257	11.4978125
267	12.324625
274	13.6956875
278	13.867875
280	14.0263125
290	14.7565625
298	15.48675
303	15.8380625
307	16.127375
317	18.4493125
319	18.60775
330	19.3999375
338	20.068125
342	20.43325
346	20.8053125
350	21.0395625
355	21.4598125
358	21.6389375
366	22.48625
373	23.085625
377	23.20275
386	24.70475
390	24.945875
397	25.4350625
404	27.5159375
415	28.4804375
424	29.2038125
427	29.4586875
431	29.8651875
435	30.023625
440	30.561
443	30.7676875
458	32.0146875
495	35.5976875
499	35.7768125
506	36.2590625
509	36.4313125
513	36.5690625
519	37.251125
525	37.761
529	38.05725
533	38.2019375
543	39.180375
555	40.2
561	41.5641875
565	41.7433125
569	42.0395625
577	42.71475
582	43.0591875
588	43.58275
594	44.05125
598	44.2716875
606	44.898625
614	45.9045
617	46.069875
621	46.2283125
629	47.034375
638	49.39775
640	49.52175
647	50.121125
655	51.0235625
658	51.2578125
662	51.643625
664	51.7331875
677	53.4486875
681	53.6415625
694	54.8885
701	56.97625
704	57.1898125
712	58.0096875
716	58.2025625
731	60.3934375
735	60.7999375
739	60.958375
748	63.1770625
752	63.3010625
758	64.093375
761	64.25875
765	64.3965
772	65.0785
778	65.588375
782	65.8501875
784	66.008625
796	66.938625
800	67.2761875
811	68.26125
850	71.8923125
854	72.11275
869	73.380375
877	74.2071875
881	74.5034375
886	74.7790625
890	74.92375
898	75.6608125
901	75.8261875
905	76.094875
909	76.4738125
916	77.0800625
920	77.4314375
923	77.7759375
929	78.3201875
932	78.4855625
938	78.7886875
944	80.6835625
947	80.897125
955	81.613625
959	81.7720625
967	82.4748125
972	82.94325
975	83.0948125
977	83.184375
983	83.77
987	84.011125
992	84.2935625
995	84.50025
1000	85.023875
1004	85.209875
1011	85.8574375
1013	85.947
1025	87.93125
1029	88.05525
1038	88.875125
1046	90.894
1051	91.1764375
1054	91.396875
1058	91.7206875
1062	91.9825
1072	92.9333125
1074	93.022875
1087	93.8701875
1124	97.2394375
1128	97.446125
1133	97.9628125
1136	98.1488125
1140	98.2935
1145	98.7826875
1149	99.0858125
1154	99.5129375
1158	99.7265
1161	99.8849375
1165	100.1949375
1169	100.6151875
1183	103.5848125
1185	103.8053125
1194	104.6320625
1198	104.8180625
1200	104.96275
1208	105.727375
1213	106.2785625
1217	106.6505625
1219	106.740125
1225	107.3876875
1232	108.8759375
1236	109.0481875
1242	109.551125
1249	111.6319375
1253	111.790375
1264	112.5481875
1267	112.768625
1271	112.94775
1280	115.090625
1284	115.2421875
1295	116.179125
1298	116.351375
1302	116.502875
1308	117.0954375
1314	117.5433125
1318	117.708625
1327	118.4181875
1336	119.155375
1340	119.4240625
1344	119.5825
1352	120.237
1358	120.795
1361	120.960375
1365	121.2290625
1374	122.6414375
1378	122.8756875
1385	123.5301875
1389	123.7781875
1398	124.6393125
1429	127.6228125
1433	127.84325
1442	128.6975
1447	129.17975
1451	129.3795625
1455	129.5104375
1463	130.3715625
1467	130.7435625
1472	130.957125
1476	131.349875
1479	131.535875
1483	131.687375
1488	132.231625
1497	133.0515625
1501	133.265125
1505	133.38225
1511	134.029875
1518	136.17275
1521	136.3725625
1526	136.834125
1534	137.6678125
1539	137.9434375
1543	138.088125
1549	138.7288125
1557	139.3556875
1564	139.893125
1567	140.1135625
1571	140.2306875
1576	140.7888125
1580	141.2641875
1583	141.4433125
1593	142.9865625
1597	143.3379375
1604	145.398125
1608	145.597875
1615	146.362625
1619	146.6313125
1624	147.4305625
1628	147.6028125
1632	147.7199375
1637	148.16775
1642	148.69825
1647	149.0495625
1651	149.338875
1659	150.0691875
1663	150.289625
1668	150.6685
1671	150.84075
1676	151.1714375
1680	151.4608125
1718	155.016125
1722	155.140125
1729	155.808375
1737	156.43525
1741	156.7245625
1749	158.2196875
1753	158.4125625
1756	158.571
1760	158.8603125
1764	159.2530625
1770	159.762875
1777	161.8781875
1780	162.098625
1786	162.691125
1790	162.8565
1797	163.46275
1801	163.6763125
1804	163.883
1810	164.3928125
1815	164.744125
1819	164.8956875
1830	166.5354375
1834	166.687
1844	167.4655
1851	169.5463125
1856	169.8425625
1859	170.0768125
1863	170.249
1869	170.73125
1872	170.896625
1876	171.0895
1882	173.17725
1886	173.3356875
1894	174.07975
1897	174.245125
1901	174.4104375
1908	175.698875
1912	175.8504375
1918	176.45675
1921	176.622125
1925	176.7805625
1935	178.57875
1939	178.7509375
1943	178.9506875
1955	180.00475
1958	180.177
1962	180.3974375
1967	180.790125
1971	181.162125
1975	181.479
1983	182.2575625
1986	182.533125
1990	182.794875
1994	183.1324375
1997	183.3046875
2001	183.4424375
2010	185.750625
2014	185.92975
2021	186.405125
2025	186.701375
2035	187.4868125
2041	187.934625
2045	188.072375
2053	189.491625
2057	189.6638125
2061	189.863625
2066	190.29075
2069	190.463
2077	191.296625
2081	191.6135625
2085	191.8960625
2090	192.3438125
2096	193.1016875
2102	193.5839375
2110	195.671625
2112	195.8300625
2123	196.677375
2127	196.90475
2138	197.8003125
2147	198.55125
2153	200.0188125
2156	200.27375
2162	200.8318125
2169	202.20975
2173	202.3681875
2175	202.4853125
2182	203.0846875
2191	204.8209375
2195	205.1309375
2198	205.3031875
2203	205.633875
2208	205.881875
2213	206.4261875
2216	206.5915625
2220	206.7293125
2225	207.2805
2232	207.928125
2238	209.9745
2241	210.1743125
2247	210.449875
2255	211.214625
2259	211.386875
2265	211.931125
2269	212.1585
2277	212.9508125
2281	213.0679375
2289	215.2796875
2293	215.4036875
2298	215.8515
2306	216.5955
2309	216.76775
2313	216.9055
2319	217.5324375
2327	218.1661875
2331	218.4073125
2333	218.49
2337	218.9860625
2340	219.1651875
2348	219.854125
2353	220.1573125
2358	220.6326875
2360	220.7429375
2367	221.4525
2374	221.99675
2380	222.3274375
2388	223.87075
2392	224.1256875
2397	224.9249375
2401	225.1246875
2408	225.8894375
2412	226.0685625
2416	226.206375
2425	226.9228125
2430	227.2259375
2434	227.370625
2439	227.9149375
2448	228.7279375
2453	229.058625
2457	229.2790625
2462	230.4159375
2466	230.5950625
2470	230.732875
2477	231.2495625
2483	231.511375
2488	232.0075
2491	232.2141875
2495	232.358875
2500	232.779125
2506	233.385375
2511	233.709125
2513	233.819375
2517	234.26725
2520	234.5428125
2523	234.742625
2527	234.914875
2533	235.3695625
2538	235.631375
2544	236.148
