141	0.164625
145	0.288625
151	0.93625
159	1.6871875
163	1.9420625
168	2.33475
171	2.5276875
175	2.686125
186	3.8986875
196	5.6900625
199	5.8691875
203	6.0000625
208	6.6270625
211	6.7855
213	6.89575
221	7.626
229	8.976375
234	9.3484375
243	10.2095625
249	10.4645
257	11.139625
261	11.525375
269	12.3175625
272	12.4829375
276	12.64825
284	13.24075
294	15.521375
298	15.6798125
303	16.1965625
306	16.4515
310	16.858
314	17.0026875
319	17.7054375
322	17.8708125
326	18.0568125
335	19.586375
339	19.7379375
348	20.5094375
353	20.9710625
356	21.1570625
360	21.2948125
370	22.7071875
373	22.8931875
376	23.1274375
380	23.2928125
385	23.816375
388	24.0575
393	24.5190625
398	24.8704375
402	24.9875625
410	25.9934375
446	29.3351875
450	29.555625
458	30.210125
465	30.754375
468	30.91975
472	31.1815
478	31.8428125
484	32.1321875
490	32.5730625
494	32.9795625
498	33.1518125
511	34.385
514	34.550375
518	34.8053125
528	36.34175
532	36.5139375
537	36.7895
541	37.0581875
545	37.202875
553	39.428375
555	39.552375
560	39.96575
568	40.661625
571	40.895875
573	40.9923125
578	41.6055
581	41.8190625
587	42.9628125
592	43.5621875
599	45.6499375
601	45.7739375
615	46.96575
623	47.6064375
626	47.813125
628	47.9026875
633	48.5020625
636	48.6811875
647	51.0444375
651	51.1684375
658	51.905625
661	52.077875
665	52.27075
676	53.1731875
680	53.44875
683	53.683
689	54.10325
694	54.5441875
698	54.7715625
705	55.5155625
708	55.6878125
714	56.135625
722	57.5205
732	58.3955
736	58.5470625
741	59.043125
746	59.2635625
748	59.353125
782	62.701875
786	62.825875
793	63.480375
796	63.6801875
807	64.617125
812	65.0855625
817	65.299125
819	65.3886875
832	68.1240625
837	68.45475
843	68.9300625
846	69.205625
856	70.1149375
859	70.3146875
863	70.486875
867	70.845125
870	71.031125
874	71.141375
882	71.913
892	73.4011875
896	73.745625
903	75.8058125
906	76.0400625
911	76.315625
916	76.83925
920	77.080375
928	77.7761875
931	78.0310625
933	78.1481875
943	78.98175
952	80.4699375
956	80.6559375
959	80.862625
963	81.220875
967	81.627375
976	84.0183125
980	84.1423125
986	84.776125
990	85.086125
994	85.5201875
1000	85.9748125
1004	86.2916875
1008	86.457
1014	87.077
1017	87.242375
1021	87.4145625
1027	87.8485625
1063	91.534875
1067	91.7415625
1073	92.1204375
1079	92.761125
1082	92.9265
1086	93.06425
1092	93.629125
1100	94.4145625
1104	94.7314375
1106	94.821
1110	95.30325
1113	95.55125
1116	95.7855
1124	96.577875
1128	97.0808125
1132	97.2736875
1134	97.432125
1142	98.01075
1145	98.183
1157	99.4023125
1163	99.9465625
1171	102.1996875
1173	102.41325
1179	102.93
1182	103.109125
1195	104.4456875
1200	104.6454375
1204	105.0656875
1209	105.4928125
1211	105.6030625
1216	106.002625
1224	107.552875
1228	107.7113125
1237	108.4829375
1244	110.5638125
1246	110.777375
1256	112.0175
1259	112.25175
1269	113.9190625
1273	114.1119375
1276	114.284125
1279	114.518375
1283	114.6630625
1293	115.903125
1296	116.075375
1300	116.20625
1307	116.7229375
1345	120.4229375
1349	120.581375
1359	121.52525
1362	121.7181875
1366	121.918
1371	122.3658125
1375	122.627625
1381	123.1375
1393	125.5973125
1398	126.058875
1402	126.486
1405	126.665125
1408	127.00275
1414	127.3609375
1418	128.366875
1422	128.552875
1427	128.98
1431	129.110875
1436	129.6206875
1440	130.013375
1442	130.1098125
1450	131.5843125
1454	131.8460625
1461	132.3628125
1468	134.4436875
1471	134.65725
1478	135.2910625
1484	135.7595625
1487	135.9386875
1489	136.0558125
1497	136.7791875
1504	137.419875
1508	137.654125
1513	138.184625
1516	138.3844375
1523	138.9975625
1537	141.7260625
1541	141.8983125
1548	142.532125
1552	142.7663125
1563	143.717125
1568	145.0744375
1571	145.246625
1575	145.508375
1580	146.7003125
1584	146.8656875
1592	147.540875
1627	151.1445
1629	151.2409375
1635	151.819625
1641	152.439625
1644	152.6600625
1648	152.811625
1656	154.2171875
1658	154.3274375
1665	155.0233125
1668	155.1955625
1672	155.3333125
1677	156.6148125
1681	156.7870625
1685	156.9041875
1693	157.67575
1696	157.841125
1700	158.0133125
1705	158.5644375
1711	160.032
1715	160.156
1723	160.9483125
1727	161.223875
1735	162.0436875
1740	162.4019375
1742	162.5121875
1749	163.311375
1752	163.483625
1758	164.1174375
1771	165.97075
1775	166.149875
1779	166.28075
1791	167.2313125
1795	167.6033125
1799	167.8995625
1803	168.1820625
1808	168.643625
1812	169.0294375
1816	169.174125
1822	169.7115
1828	170.0215
1837	170.738
1843	172.9566875
1847	173.115125
1851	173.54225
1854	173.7145
1857	174.017625
1861	174.2931875
1867	175.5403125
1871	175.7125
1875	175.829625
1883	176.5943125
1886	176.81475
1890	176.925
1896	177.572625
1900	177.8895625
1904	178.0618125
1913	180.44575
1915	180.6593125
1920	181.1966875
1923	181.3965
1929	182.802125
1931	182.926125
1939	183.559875
1946	184.951625
1948	185.075625
1953	185.66125
1958	185.8954375
1964	186.1916875
1968	186.536125
1973	187.673
1977	187.9210625
1986	188.5893125
1990	188.8373125
2000	189.684625
2005	190.1530625
2010	190.4355
2013	190.6421875
2018	191.13825
2023	191.379375
2026	191.5309375
2030	191.8271875
2035	193.935625
2038	194.169875
2042	194.5005625
2045	194.6314375
2050	195.106875
2054	195.2653125
2060	195.8026875
2063	195.961125
2067	196.1609375
2074	196.718875
2078	196.9944375
2082	197.2906875
2086	197.5180625
2093	198.027875
2097	198.47575
2101	199.4885625
2105	199.7296875
2110	200.205
2114	200.37725
2119	200.928375
2125	201.2590625
2132	201.9755625
2137	202.2649375
2140	202.437125
2149	204.84175
2153	204.9795
2161	205.716625
2166	206.26775
2172	206.5295625
2177	206.9911875
2180	207.163375
2186	207.7559375
2189	207.9970625
2193	208.258875
2197	208.541375
