141	0.164625
145	0.288625
151	0.9086875
155	1.2945
162	1.9903125
167	2.21075
169	2.3071875
176	2.95475
182	3.5265625
185	3.685
189	3.802125
196	4.4910625
199	4.690875
205	6.0965
211	6.379
215	6.5305625
222	7.102375
225	7.26775
229	7.4055
237	7.998
241	8.2735625
244	8.5215625
254	9.3274375
257	9.6168125
261	9.878625
271	12.2763125
273	12.4003125
281	13.2200625
290	14.012375
295	14.2948125
302	14.866625
313	15.7966875
317	15.9826875
320	16.189375
330	17.085
334	17.457
339	17.7394375
346	18.256125
353	19.634125
357	19.758125
363	20.316125
370	22.3969375
373	22.59675
378	23.0651875
384	23.62325
388	23.74725
394	24.388
398	24.62225
406	25.3455625
410	25.49025
419	27.8329375
421	27.9431875
427	28.5908125
435	29.4520625
472	32.9385
476	33.1865625
487	33.9925625
495	34.69525
500	34.9914375
504	35.136125
513	36.390125
515	36.521
524	37.513125
528	37.6784375
530	37.836875
542	38.801375
551	39.676375
555	39.9519375
559	40.2068125
564	40.620125
567	40.8405625
577	41.812
579	41.929125
584	42.41825
593	44.609375
599	44.9125
602	45.139875
604	45.2225625
621	46.7315
627	47.1930625
632	47.51
643	48.5915625
651	50.072875
655	50.210625
663	51.14075
670	53.2009375
672	53.3249375
680	53.9795
687	54.58575
692	54.8681875
699	55.51575
703	55.7844375
707	56.20475
710	56.42525
712	56.5699375
717	57.11425
722	57.355375
724	57.4518125
729	58.003
732	58.230375
764	61.207
768	61.331
775	61.978625
778	62.150875
782	62.4058125
790	63.0120625
794	63.28075
798	63.4943125
810	64.8376875
817	66.2708125
823	66.656625
827	66.966625
837	68.02075
849	69.254
853	69.44
864	70.376875
872	72.623125
875	72.8366875
879	73.0778125
886	73.6840625
890	73.82875
902	74.9585
908	75.4545
913	75.964375
916	76.21925
919	76.4328125
927	77.149375
932	78.1621875
936	78.31375
946	79.085375
953	81.16625
956	81.3660625
966	82.31675
974	82.978125
977	83.1985625
981	83.5705625
986	83.8048125
988	83.90125
999	84.9758125
1004	85.4718125
1008	85.8025
1045	89.3303125
1049	89.5163125
1063	90.66675
1070	91.2316875
1079	91.886125
1083	92.168625
1088	92.6439375
1093	93.02975
1101	93.842625
1104	94.008
1108	94.14575
1116	96.274875
1118	96.398875
1129	97.3703125
1136	98.3141875
1139	98.58975
1143	98.99625
1147	99.1409375
1152	99.678375
1155	99.8919375
1157	99.9815
1165	100.6498125
1175	102.365375
1179	102.7236875
1186	104.8045625
1189	104.9768125
1199	105.8310625
1208	106.8713125
1211	107.1055625
1220	107.8909375
1223	108.0769375
1227	108.24225
1238	109.068875
1246	109.813
1249	110.0196875
1255	112.1625625
1258	112.3485625
1269	113.4921875
1273	113.8504375
1276	114.0915625
1309	117.3989375
1313	117.5298125
1324	118.645875
1327	118.81125
1331	119.011
1341	120.6576875
1345	120.7816875
1351	121.52575
1354	121.6841875
1356	121.780625
1364	122.4558125
1370	123.923375
1374	124.0955625
1378	124.233375
1387	125.0394375
1397	125.935
1400	126.10725
1404	126.245
1412	127.0165625
1417	127.299
1421	127.47125
1427	127.9121875
1434	128.4909375
1438	128.635625
1446	129.173
1457	131.5914375
1459	131.7016875
1472	133.1621875
1479	133.8304375
1485	134.085375
1488	134.2920625
1490	134.4091875
1497	135.036125
1503	136.28325
1508	136.8481875
1516	138.8670625
1521	139.1633125
1524	139.38375
1529	139.686875
1532	139.9004375
1539	140.2931875
1543	140.6514375
1576	143.9588125
1580	144.1516875
1590	145.0541875
1593	145.2264375
1597	145.3641875
1604	145.9635625
1607	146.3080625
1614	146.9143125
1623	147.6583125
1626	147.865
1628	147.9545625
1635	148.547
1641	150.6416875
1643	150.7519375
1651	151.3856875
1659	152.12275
1662	152.288125
1666	152.4465625
1672	153.8590625
1674	153.9899375
1681	154.6306875
1686	155.1129375
1689	155.27825
1700	157.02125
1704	157.1935
1708	157.310625
1715	157.9650625
1723	158.7435625
1726	158.9089375
1730	159.0604375
1737	159.7355625
1741	160.0318125
1747	160.417625
1757	161.0928125
1762	161.354625
1768	161.650875
1776	162.2709375
1778	162.415625
1785	163.12525
1788	163.3250625
1797	165.70225
1801	165.82625
1806	166.41175
1810	166.825125
1816	167.0800625
1822	167.583
1827	167.824125
1829	167.934375
1835	168.7405
1837	168.85075
1845	169.8015
1849	169.9599375
1851	170.0770625
1860	170.8485625
1866	171.310125
1870	171.571875
1875	172.0541875
1879	172.2815
1887	174.4174375
1891	174.589625
1897	175.5198125
1901	175.6438125
1910	176.732375
1914	176.9045625
1920	177.7864375
1924	177.9586875
1928	178.0895625
1934	179.4813125
1939	179.9498125
1945	180.5216875
1950	180.776625
1952	180.8593125
1959	181.51375
1966	182.1545
1972	182.45075
1978	182.8434375
1983	183.19475
1985	183.311875
1992	183.9594375
2000	186.1986875
2003	186.3985
2008	186.8600625
2012	187.2114375
2017	187.555875
2020	187.755625
2024	187.955375
2032	188.623625
2036	188.857875
2040	189.2574375
2045	189.650125
2050	189.9945
2054	190.1943125
2062	192.33025
2066	192.45425
2076	193.274125
2084	193.8596875
2090	194.1215
2096	194.576125
2102	195.044625
2105	195.230625
2109	195.3821875
2117	196.75325
2121	196.9255
2125	197.042625
2133	197.6763125
2140	198.2343125
2146	198.503
2151	198.854375
2154	199.0748125
2158	199.2195
2163	199.7224375
2168	200.190875
2172	200.3906875
2176	200.5078125
2183	201.2174375
2193	203.587625
2197	203.7460625
2203	204.187
2206	204.35925
2210	204.497
2217	205.0756875
2226	205.62675
2231	205.99875
2236	206.2674375
2240	206.5568125
2246	208.7961875
2252	209.4438125
2257	209.7813125
2261	209.8984375
2272	211.6828125
2276	211.8068125
2288	213.0193125
2292	213.232875
2301	214.1078125
2306	214.6383125
2310	214.907
2315	215.1619375
2318	215.3134375
2328	216.0988125
2335	216.594875
2341	216.9324375
2347	217.387125
2353	217.87625
2359	219.9570625
2364	220.1568125
2368	220.4116875
2378	221.15575
2382	221.4244375
2388	222.8506875
2392	223.00225
2399	223.5671875
2405	225.03475
2409	225.289625
2418	226.957
2422	227.2256875
2428	227.6528125
