141	0.164625
145	0.350625
153	1.12225
162	1.8249375
170	2.5483125
173	2.7549375
175	2.8720625
179	3.306125
189	4.17425
192	4.4291875
195	4.587625
204	5.55225
211	6.055125
216	6.38575
220	6.578625
229	7.3226875
232	7.481125
234	7.5775625
242	8.321625
249	9.589375
253	9.7960625
257	9.9889375
264	10.62275
267	10.8431875
271	11.043
276	11.4976875
280	11.7595
292	14.0745
296	14.27425
300	14.5911875
304	15.0114375
310	15.3971875
312	15.48675
318	16.155
321	16.4788125
326	16.9610625
331	17.188375
334	17.4156875
340	17.8359375
342	17.9530625
348	18.4076875
364	20.509
368	20.6674375
375	21.2530625
383	23.2719375
385	23.4579375
390	23.90575
393	24.14
397	24.5189375
399	24.6360625
406	25.2354375
414	27.433375
418	27.6125
424	28.163625
428	28.4943125
436	29.197
443	29.8170625
447	29.9341875
456	30.86425
463	32.1595625
467	32.33175
471	32.448875
476	32.9725
484	33.51675
489	33.992125
494	34.474375
502	34.8739375
504	34.9841875
512	35.686875
517	35.9899375
519	36.1070625
529	36.933875
563	40.248125
567	40.4065625
573	41.0955
577	41.39175
581	41.7981875
585	41.94975
590	42.4940625
597	43.203625
601	43.5274375
605	43.8030625
617	44.9535625
624	45.6424375
629	47.427
633	47.6474375
642	48.370875
645	48.5224375
647	48.618875
655	49.5626875
659	49.7418125
661	49.8589375
667	50.3963125
675	51.1265
678	51.3263125
683	51.7051875
694	52.8280625
699	53.0278125
703	53.4549375
714	54.3781875
716	54.522875
723	55.1635625
726	55.3426875
736	56.885875
740	57.07875
749	57.73325
756	59.814125
758	60.000125
765	60.7648125
768	60.9370625
777	61.5915625
780	61.8258125
784	62.2323125
788	62.377
793	62.9144375
796	63.128
798	63.23825
805	63.851375
811	65.1398125
815	65.3326875
819	65.5049375
826	66.1595
835	66.9379375
838	67.082625
846	67.7990625
851	68.0401875
854	68.246875
898	72.381
901	72.6635
905	72.8770625
909	73.26975
914	73.696875
917	73.9104375
922	74.4203125
926	74.571875
933	75.9498125
937	76.3080625
944	78.36825
947	78.6025
955	79.4430625
959	79.6773125
964	80.0975625
967	80.26975
973	80.7244375
978	81.0138125
982	81.1585
995	82.005875
1001	82.536375
1005	82.7568125
1013	83.3561875
1020	85.5473125
1024	85.8090625
1029	86.1604375
1032	86.3258125
1036	86.5255625
1044	87.979375
1046	88.089625
1056	89.0265
1059	89.19875
1063	89.3709375
1070	90.0185625
1076	91.486125
1080	91.6583125
1083	91.8098125
1092	92.746875
1098	93.263625
1101	93.4634375
1105	93.88375
1113	94.745
1123	95.69575
1127	96.00575
1134	96.5638125
1139	96.8325
1143	97.0460625
1154	97.969125
1160	98.2309375
1166	98.637375
1168	98.76825
1174	99.2849375
1181	100.091
1185	100.283875
1187	100.3665625
1194	101.0279375
1199	101.5515625
1202	101.751375
1240	105.609875
1244	105.747625
1250	106.305625
1261	107.32525
1266	107.6215
1275	108.3105
1279	108.5723125
1281	108.661875
1289	109.4610625
1301	111.9414375
1306	112.1274375
1314	112.8163125
1317	113.1194375
1321	113.415625
1328	114.200875
1332	114.42825
1342	115.1791875
1345	115.385875
1347	115.503
1352	115.92325
1361	117.3425625
1363	117.501
1372	118.1830625
1379	120.24325
1383	120.4016875
1393	121.20775
1396	121.3661875
1398	121.45575
1404	122.0895625
1417	122.93
1420	123.171125
1424	123.5706875
1426	123.66025
1435	124.445625
1438	124.6591875
1449	126.3126875
1452	126.49175
1455	126.6984375
1457	126.856875
1465	127.6698125
1468	127.9109375
1476	128.737625
1478	128.8203125
1485	129.523125
1492	130.143125
1497	130.377375
1499	130.487625
1505	131.031875
1543	134.67
1547	134.8215625
1551	135.1315625
1563	137.0331875
1567	137.191625
1577	137.99775
1585	139.4033125
1589	139.5755
1593	139.7270625
1599	140.24375
1609	141.27025
1613	141.573375
1617	141.9040625
1619	141.993625
1625	142.613625
1630	142.88925
1634	143.116625
1639	143.5644375
1643	143.84
1652	145.286875
1656	145.424625
1662	146.0996875
1668	146.34775
1678	147.181375
1682	147.34675
1687	147.891
1691	148.0908125
1698	148.68325
1708	150.901875
1712	151.1085625
1717	151.50125
1724	152.12125
1727	152.2796875
1730	152.4519375
1738	153.0099375
1743	153.526625
1746	153.7333125
1748	153.8435625
1758	154.7323125
1763	155.0148125
1770	155.6348125
1779	157.0816875
1783	157.3228125
1790	157.8533125
1824	161.071125
1828	161.264
1837	162.1734375
1845	162.883
1853	163.654625
1857	163.792375
1864	166.197
1868	166.321
1877	167.189
1886	168.13975
1890	168.4153125
1901	170.07575
1905	170.2341875
1913	171.12975
1917	171.4190625
1927	173.0174375
1931	173.1965625
1935	173.3343125
1941	173.8716875
1945	174.1403125
1951	174.6363125
1958	175.1736875
1963	175.6696875
1966	175.8694375
1974	176.56525
1976	176.682375
1983	177.3230625
1997	179.9413125
1999	180.154875
2005	180.761125
2008	180.9884375
2015	181.4569375
2018	181.6360625
2024	182.2216875
2031	183.5515
2035	183.744375
2044	184.40575
2050	186.486625
2054	186.6450625
2062	187.492375
2066	187.94025
2070	188.2640625
2075	188.5396875
2079	188.6775
2085	189.338875
2091	189.6695625
2095	190.0829375
2102	190.7166875
2105	190.9578125
2110	191.323
2118	192.8525
2122	193.0385
2129	193.699875
2135	193.996125
2139	194.4990625
2142	194.6781875
2147	194.9193125
2149	195.0295625
2153	195.36025
2156	195.54625
2160	195.6565
2167	197.1654375
2170	197.3859375
2176	197.6890625
2180	198.08175
2186	198.681125
2190	198.8258125
2195	199.397625
2202	200.727375
2206	200.9823125
2210	201.1614375
2214	201.526625
2218	201.8435625
2222	202.0226875
