141	0.164625
145	0.3161875
158	1.7491875
161	1.9214375
165	2.08675
174	2.8445
178	3.1476875
182	3.3130625
190	4.11225
193	4.277625
195	4.3671875
205	5.352375
213	5.910375
216	6.0688125
220	6.206625
225	6.7164375
231	8.0599375
237	8.3630625
243	8.81775
251	9.5893125
254	9.7546875
258	9.8855625
265	10.5469375
269	10.8569375
271	10.9465
278	12.986
283	13.3304375
286	13.537125
288	13.6335625
298	14.412
308	16.072375
312	16.4581875
314	16.54775
319	17.085125
322	17.2435625
337	18.4835625
345	19.8478125
349	19.999375
360	21.149875
367	23.23075
369	23.341
377	23.9471875
384	24.4983125
387	24.6774375
394	25.325
399	25.5936875
404	26.7925625
408	26.957875
410	27.075
417	27.6811875
423	28.253
426	28.432125
433	29.1141875
438	29.3139375
442	29.7273125
448	30.25775
480	33.24125
484	33.36525
491	33.950875
499	34.83275
502	35.0325625
513	35.948875
521	36.67225
528	37.0855625
532	37.2301875
538	38.5185625
540	38.6494375
548	39.524375
553	39.855
557	39.972125
562	40.537125
573	41.990875
576	42.1906875
584	42.9554375
589	43.327375
593	43.527125
600	44.2091875
612	46.103875
616	46.2623125
618	46.3794375
632	47.69525
640	48.453125
644	48.57025
651	50.64425
654	50.8440625
659	51.305625
663	51.6431875
667	51.787875
672	52.4010625
678	52.97975
683	53.31725
687	53.5514375
698	55.129125
702	55.253125
708	55.80425
715	57.892
717	58.1125
723	58.649875
726	58.7945625
728	58.891
735	59.6006875
738	59.821125
742	60.2069375
744	60.2965
780	63.962125
784	64.093
790	64.6716875
793	64.830125
797	64.9679375
805	65.7465
809	66.0151875
815	66.5388125
818	66.752375
829	67.90975
835	69.2326875
839	69.38425
849	70.417625
856	71.0100625
860	71.209875
864	71.327
876	72.3948125
884	72.98725
890	73.5315
901	75.819
912	77.0728125
916	77.3070625
926	78.4575625
932	78.9811875
936	79.3669375
944	80.66225
948	81.00675
955	83.0945
960	83.5078125
963	83.6800625
968	84.01075
973	84.369
975	84.4654375
983	85.38175
990	85.9605
993	86.2085
995	86.31875
1007	87.4830625
1045	91.121125
1049	91.293375
1057	91.7963125
1060	91.996125
1064	92.3819375
1070	93.057125
1078	93.7598125
1085	94.3178125
1090	94.6760625
1092	94.7863125
1098	95.44775
1110	96.6671875
1113	96.8394375
1117	96.9771875
1121	97.356125
1127	98.7065625
1131	98.87875
1133	99.0371875
1144	100.21525
1147	100.380625
1151	100.642375
1155	101.0281875
1162	101.64825
1166	101.9238125
1171	102.26825
1177	102.840125
1180	103.088125
1182	103.219
1189	105.3688125
1191	105.582375
1196	106.112875
1199	106.285125
1203	106.422875
1208	106.9878125
1214	107.3736875
1219	107.5735
1223	108.000625
1229	108.5655
1232	108.86175
1234	108.9513125
1247	110.7495
1251	110.9010625
1261	111.6726875
1268	113.7604375
1271	113.96025
1276	114.4286875
1284	115.2071875
1289	115.5034375
1292	115.7859375
1300	116.709125
1304	116.95025
1312	117.85275
1317	118.155875
1320	118.3694375
1357	122.0970625
1361	122.2555
1366	122.779125
1369	122.951375
1373	123.089125
1385	124.1914375
1389	124.4876875
1393	124.6530625
1403	127.1403125
1407	127.3194375
1418	128.215
1426	128.972875
1430	129.1106875
1435	129.6480625
1438	129.8891875
1442	130.3025625
1447	130.8468125
1450	131.074125
1459	132.5416875
1461	132.700125
1470	133.3821875
1476	134.670625
1480	134.842875
1484	134.96
1495	136.06925
1503	136.6961875
1507	136.97175
1513	137.557375
1517	137.7571875
1521	137.9569375
1529	138.5218125
1535	139.08675
1539	139.3760625
1548	140.120125
1551	140.42325
1554	140.7676875
1565	143.199875
1567	143.3583125
1578	144.1230625
1583	144.6466875
1586	144.8878125
1590	145.26675
1592	145.4251875
1603	146.224375
1637	149.4490625
1641	149.5730625
1648	150.289625
1653	150.71675
1656	150.882125
1660	151.0474375
1672	152.549375
1676	152.6665
1682	153.2383125
1685	153.43125
1689	153.5414375
1697	154.9951875
1701	155.1674375
1705	155.36725
1711	155.7875
1714	155.95975
1718	156.1181875
1728	156.97925
1731	157.220375
1734	157.4270625
1744	159.0530625
1748	159.204625
1754	159.6249375
1757	159.7971875
1762	160.127875
1767	160.3965625
1771	160.8444375
1774	161.064875
1778	161.182
1783	161.72625
1789	163.1869375
1793	163.359125
1797	163.47625
1803	164.03425
1808	165.31575
1812	165.6809375
1816	165.8049375
1822	166.4388125
1828	167.830625
1830	167.954625
1837	168.9260625
1840	169.13275
1846	169.429
1852	169.9595
1855	170.1524375
1863	172.4881875
1867	172.646625
1879	173.6661875
1883	173.824625
1894	175.030375
1898	175.202625
1902	175.31975
1909	175.9673125
1914	176.236
1923	177.055875
1926	177.241875
1930	177.359
1935	177.90325
1942	178.59225
1948	179.8806875
1952	180.0529375
1956	180.2045
1960	180.5696875
1964	180.8590625
1967	181.0933125
1971	181.2930625
1977	181.7133125
1983	183.82175
1987	184.090375
1990	184.3590625
1994	184.7241875
1998	184.868875
2004	185.3925
2010	185.68875
2014	185.8334375
2021	186.694625
2025	187.052875
2032	188.49975
2036	188.74775
2040	189.0509375
2044	189.209375
2050	189.7536875
2055	190.194625
2059	190.552875
2062	190.7526875
2069	192.1995625
2073	192.3304375
2080	192.9986875
2089	193.7633125
2093	194.04575
2097	194.4315625
2099	194.521125
2106	195.161875
2116	196.815375
2120	196.987625
2124	197.10475
2132	197.7385625
2138	198.1725625
2142	198.455
2147	198.730625
2151	198.896
2156	199.433375
2162	199.729625
2168	200.1843125
2172	201.962
2176	202.079125
2186	203.06425
2194	203.835875
2197	204.008125
2201	204.145875
2206	204.6833125
2210	204.952
2216	205.5306875
2221	205.8613125
2225	206.061125
2231	207.446
2235	207.632
2238	207.859375
2242	208.183125
2245	208.3415625
2248	208.6515625
2252	209.0235625
2261	209.9329375
2267	210.311875
2273	210.745875
