141	0.164625
145	0.288625
153	0.908625
159	1.4115625
168	2.1418125
171	2.355375
173	2.465625
179	3.0995
182	3.2855
186	3.478375
197	4.3946875
206	5.317875
213	5.8276875
217	5.9448125
228	6.8129375
235	8.86625
239	9.1005
245	9.617125
251	10.0925
255	10.3680625
259	10.850375
262	11.01575
266	11.1535
273	11.752875
277	11.994
282	12.2213125
287	12.558875
293	12.9308125
298	13.302875
305	14.508625
308	14.742875
315	16.830625
319	17.1061875
324	17.436875
326	17.5264375
334	18.31875
338	18.511625
340	18.6011875
346	19.88275
350	20.075625
354	20.31675
359	20.5785
363	20.99875
369	21.598125
377	22.02525
381	22.204375
387	22.7141875
390	22.9484375
401	23.968
404	24.16775
438	27.4544375
442	27.6404375
451	28.35
458	28.9700625
462	29.231875
474	30.975
481	31.698375
483	31.7879375
491	32.5458125
497	33.8273125
504	34.3165
506	34.4129375
515	35.212125
522	36.7279375
526	36.934625
533	37.5201875
537	37.7475625
544	39.9455625
551	40.7034375
554	40.9583125
558	41.344125
560	41.4336875
569	42.1501875
581	43.83125
584	44.0655
591	45.3815
595	45.5468125
597	45.6639375
606	46.3805
611	46.793875
614	47.0211875
618	47.4345625
628	49.8048125
630	50.018375
635	50.5144375
638	50.672875
642	50.8175625
647	51.2654375
652	51.6513125
656	51.864875
671	53.4425625
674	53.6148125
678	53.83525
683	54.2279375
691	55.0271875
700	56.4465
706	56.6945
710	56.99075
713	57.349
722	58.279
725	58.4719375
729	58.57525
762	62.054875
766	62.24775
775	63.12275
778	63.357
784	63.7565
788	64.011375
797	64.6451875
800	64.838125
810	67.31175
812	67.53225
824	68.7723125
830	69.158125
832	69.27525
838	69.7988125
841	70.012375
844	70.212125
852	71.7485625
855	71.9828125
862	74.0705625
864	74.2910625
876	75.5104375
883	75.91
888	76.5300625
893	76.8745625
896	77.0536875
899	77.26725
901	77.3775
912	79.93375
916	80.24375
926	82.1453125
929	82.414
939	83.8333125
943	84.15025
952	84.873625
956	85.0665
960	85.36275
968	86.2514375
972	86.5476875
977	87.82925
981	87.95325
989	88.649125
1003	89.8684375
1007	90.1646875
1011	90.3369375
1017	90.826125
1020	90.9845625
1024	91.273875
1061	94.843
1065	94.967
1074	95.8695625
1077	96.0418125
1081	96.1933125
1090	96.875375
1094	97.1440625
1100	97.6744375
1103	97.9018125
1110	99.1558125
1114	99.3349375
1118	99.5278125
1127	100.409625
1130	100.5680625
1132	100.657625
1141	101.360375
1147	103.558375
1151	103.7788125
1155	104.0750625
1165	104.9981875
1167	105.08775
1174	105.797375
1177	106.017875
1181	107.0306875
1185	107.2166875
1189	107.3958125
1196	108.02275
1206	108.994125
1208	109.0768125
1215	109.7795
1222	110.3445
1226	110.6545
1231	111.6604375
1234	111.8946875
1241	113.9824375
1243	114.1064375
1253	114.981375
1258	115.54625
1264	115.8080625
1268	116.180125
1272	116.48325
1279	117.248
1283	117.48225
1317	120.6931875
1321	120.851625
1327	121.4648125
1331	121.692125
1335	121.829875
1345	122.8219375
1349	123.0975625
1354	123.38
1358	123.5453125
1368	125.1025
1372	125.52275
1377	125.763875
1381	125.9085625
1390	128.2305625
1392	128.389
1401	129.2295
1407	129.842625
1411	130.02175
1413	130.1664375
1422	130.827875
1429	131.4479375
1433	131.8475
1438	132.1713125
1444	132.6811875
1447	132.9774375
1455	134.4105
1460	134.968625
1468	136.9875
1472	137.1459375
1483	137.90375
1486	138.1241875
1490	138.268875
1497	138.937125
1504	141.2178125
1508	141.3418125
1514	141.8860625
1517	142.141
1524	142.7473125
1528	143.022875
1532	143.491375
1535	143.7669375
1541	144.0149375
1551	144.986375
1555	145.2481875
1560	145.7304375
1563	146.0335625
1567	146.371125
1599	149.56825
1603	149.69225
1614	150.56725
1618	150.8428125
1626	151.6006875
1629	151.917625
1633	152.3378125
1641	153.8674375
1647	154.3359375
1652	154.8801875
1658	155.135125
1661	155.3349375
1666	155.982625
1671	156.2099375
1673	156.3201875
1681	156.84375
1692	157.7669375
1702	160.1095625
1705	160.31625
1709	160.5918125
1716	161.322125
1725	162.7620625
1729	162.9480625
1732	163.147875
1736	163.4303125
1743	164.0710625
1755	165.71075
1759	165.8829375
1763	166.027625
1769	166.5374375
1776	167.0471875
1779	167.2263125
1786	167.8256875
1789	167.991
1793	168.1356875
1798	168.7075
1806	169.2516875
1811	169.46525
1815	169.61675
1823	171.8698125
1828	172.159125
1835	172.7240625
1842	173.4336875
1845	173.640375
1851	175.0115
1855	175.1836875
1857	175.3696875
1864	175.934625
1869	176.4238125
1878	178.608
1881	178.8078125
1886	179.15225
1888	179.2418125
1896	179.9651875
1901	180.5645625
1904	180.7436875
1909	181.1156875
1916	182.5901875
1920	182.7555
1922	182.872625
1927	183.3204375
1935	184.05075
1938	184.305625
1942	184.6914375
1944	184.8223125
1952	185.6145625
1957	185.9176875
1963	188.1156875
1965	188.274125
1970	188.8941875
1978	189.8036875
1981	190.01725
1988	190.9680625
1992	191.1265
1994	191.257375
1998	191.601875
2003	191.836125
2007	192.26325
2014	192.8213125
2020	193.255375
2027	193.847875
2032	194.3508125
2036	194.5781875
2046	195.377375
2051	195.7149375
2059	197.9266875
2063	198.085125
2069	198.6225
2072	198.7809375
2076	198.8980625
2081	199.469875
2090	200.0968125
2093	200.3379375
2095	200.4275
2103	201.0199375
2109	202.480625
2113	202.72175
2120	203.4381875
2129	204.14775
2133	204.4301875
2139	204.7264375
2144	205.1398125
2149	206.373125
2153	206.497125
2158	206.8485
2162	207.1171875
2170	207.7371875
2173	207.937
2177	208.164375
2185	208.853375
2193	211.09275
2196	211.2925625
2201	211.761
2208	212.484375
2216	212.9321875
2220	213.1113125
2225	213.6280625
2232	214.1723125
2236	215.405625
2238	215.5365
2244	216.0463125
2247	216.253
2253	216.7628125
2256	216.9350625
2258	217.0521875
2262	217.438
2267	217.727375
2279	219.0156875
2286	219.663375
2297	221.6820625
2301	221.8543125
2305	221.999
2311	222.4675
2314	222.632875
2318	222.894625
2322	223.301125
2327	223.8453125
2331	224.18975
2335	224.5755625
2342	225.106
2346	225.271375
2356	227.7035625
2360	227.8275625
2371	228.7094375
2377	228.97125
2387	230.101125
2391	230.2595625
2396	230.893375
