141	0.164625
146	0.350625
150	0.6055
160	1.3909375
166	1.8731875
176	2.73425
180	2.9685
186	3.48525
191	4.0295
195	4.26375
201	5.4970625
205	5.9380625
209	6.213625
214	6.668375
223	7.4950625
228	7.9566875
232	8.2184375
237	8.487125
242	8.8660625
245	9.0383125
250	9.369
256	9.66525
264	11.9804375
268	12.138875
274	12.69
278	13.027625
284	13.5788125
287	13.7510625
289	13.840625
296	14.63975
299	14.818875
305	15.29425
314	16.8375625
320	17.113125
324	17.3129375
331	17.94675
334	18.1120625
336	18.201625
343	18.8010625
350	19.366
353	19.545125
361	20.3994375
364	20.544125
375	21.474125
380	21.770375
387	22.418
391	22.7004375
401	24.746875
403	24.967375
409	25.4771875
412	25.635625
414	25.7251875
422	26.3383125
426	26.5243125
428	26.6414375
435	27.2339375
438	27.4199375
442	27.5370625
447	28.0538125
450	28.3569375
454	28.7703125
462	29.4936875
466	29.6451875
471	30.1894375
487	32.1943125
491	32.345875
500	33.117375
507	35.205125
511	35.4806875
516	35.811375
518	35.9009375
525	36.50725
532	37.0651875
536	37.2511875
538	37.34075
546	38.1743125
558	40.124
562	40.3238125
566	40.751
570	40.9783125
575	41.44675
582	42.1564375
587	42.41825
590	42.5835625
593	42.804
626	46.111375
630	46.2698125
638	46.945
642	47.2275
649	47.86825
653	48.109375
660	48.70875
663	48.9085625
670	51.0928125
672	51.354625
683	52.47075
687	52.71875
695	54.12425
699	54.475625
706	55.7640625
710	55.9983125
713	56.1705
721	56.8318125
727	57.4243125
730	57.6791875
734	58.085625
738	58.2371875
743	58.7745625
746	59.0225625
758	61.5305625
760	61.6545625
772	62.6396875
781	63.5146875
785	63.7903125
790	64.2243125
792	64.307
797	64.906375
801	65.0855
803	65.1750625
814	66.215375
820	66.6838125
824	66.8215625
838	68.1030625
841	68.2753125
845	68.4061875
852	69.9150625
854	70.0253125
861	70.7141875
868	71.17575
878	71.8578125
882	72.181625
896	73.41475
899	73.60075
903	73.717875
908	74.2553125
916	75.6264375
920	75.79175
922	75.8813125
928	76.3085
934	76.8734375
940	77.3556875
951	78.485625
954	78.657875
956	78.775
964	79.587875
968	79.7256875
974	80.37325
978	80.6970625
986	81.4135625
1019	84.865625
1023	85.04475
1032	86.0989375
1039	86.746625
1043	87.098
1047	87.284
1056	88.179625
1059	88.35875
1064	88.648125
1068	88.820375
1074	89.3370625
1083	90.22575
1090	91.44525
1092	91.56925
1099	92.2099375
1108	94.1874375
1110	94.3114375
1119	95.04175
1129	96.91575
1133	97.0741875
1135	97.1913125
1141	97.7631875
1149	98.204125
1159	100.5950625
1161	100.8155625
1170	101.6766875
1173	101.8420625
1177	101.9935625
1185	102.641125
1191	102.9305
1199	103.7710625
1201	103.85375
1210	104.7561875
1219	106.28575
1224	106.843875
1232	108.86275
1235	109.0763125
1239	109.3243125
1247	110.0615
1249	110.2199375
1261	111.2325625
1269	112.1764375
1273	112.39
1276	112.5966875
1283	113.2511875
1288	113.705875
1292	113.8436875
1305	115.063125
1312	115.80025
1344	118.776875
1348	118.914625
1355	119.5553125
1358	119.7206875
1362	119.8584375
1369	120.5473125
1374	120.9538125
1378	121.2569375
1382	121.4705
1390	122.2765
1393	122.441875
1397	122.6623125
1405	124.715625
1407	124.839625
1418	125.6455625
1423	126.0864375
1427	126.2793125
1429	126.3964375
1437	127.1405
1445	127.6503125
1450	128.0154375
1454	128.160125
1459	128.6975625
1466	129.33825
1469	129.544875
1471	129.6344375
1480	131.1984375
1484	131.4395625
1492	132.1905625
1499	134.243875
1503	134.4023125
1514	135.160125
1517	135.3805625
1521	135.6423125
1527	136.3175
1532	138.067625
1536	138.315625
1546	139.293875
1550	139.5763125
1558	140.1756875
1562	140.3065625
1569	141.0713125
1577	141.4778125
1579	141.5880625
1586	142.13925
1594	143.5860625
1598	143.7583125
1602	143.903
1608	144.4059375
1612	144.688375
1616	145.088
1652	148.68475
1656	148.8914375
1669	149.979875
1674	150.5793125
1678	150.779125
1682	150.972
1695	152.1294375
1703	152.880375
1711	153.610625
1714	153.8310625
1718	153.9481875
1723	154.4855625
1733	156.6421875
1736	156.9246875
1745	157.5998125
1747	157.689375
1756	158.523
1760	158.7365625
1763	158.94325
1768	159.4875625
1771	159.7080625
1780	161.1480625
1784	161.2720625
1792	161.94725
1799	164.028125
1802	164.221
1811	165.17175
1814	165.426625
1818	165.833125
1822	165.9846875
1827	166.5220625
1830	166.7631875
1833	166.983625
1843	169.2918125
1847	169.4709375
1858	170.6559375
1861	170.8419375
1865	171.04175
1870	171.4895625
1874	171.75825
1882	173.1638125
1886	173.3498125
1889	173.549625
1893	173.839
1897	173.9836875
1903	174.652
1910	175.313375
1917	176.023
1920	176.188375
1924	176.3605625
1930	176.822125
1962	180.0743125
1966	180.2603125
1975	181.23175
1978	181.397125
1982	181.534875
1989	182.16875
1993	182.51325
1998	182.8095
2002	183.002375
2010	183.5879375
2013	183.7670625
2016	184.077125
2021	184.559375
2027	186.0545
2031	186.22675
2035	186.3714375
2043	186.998375
2052	187.956
2056	188.2315625
2059	188.43825
2063	188.7620625
2067	189.1340625
2070	189.2994375
2075	189.630125
2080	191.5043125
2082	191.717875
2087	192.4068125
2090	192.59975
2094	192.7236875
2103	193.40575
2109	193.708875
2113	194.115375
2121	194.9559375
2126	195.396875
2129	195.569125
2134	196.8093125
2138	196.960875
2147	197.7393125
2154	199.820125
2157	200.013
2163	200.302375
2171	201.1085
2175	201.2600625
2180	201.8043125
2188	203.2098125
2193	204.3466875
2198	204.62225
2200	204.7118125
2205	205.2148125
2214	207.4335
2217	207.6401875
2221	207.91575
2223	208.0053125
2232	208.7630625
2241	210.2925625
2245	210.4785625
2248	210.6508125
2252	210.99525
2256	211.3535
2263	211.890875
2266	212.2629375
2276	214.65375
2279	214.888
2283	215.2186875
2286	215.384
2292	215.8318125
2296	216.1486875
2300	216.2865
2311	217.2026875
2314	217.35425
2316	217.4438125
2323	218.2085625
2329	218.5048125
2334	218.8975625
2338	219.1249375
2343	219.6071875
2346	219.765625
2348	219.8965
2353	221.2606875
2357	221.481125
2360	221.6878125
2366	221.9840625
2372	222.549
2376	222.666125
2381	223.2861875
2386	223.7201875
2389	224.0578125
2398	224.946625
2401	225.084375
2406	225.55975
2410	225.6975
2419	226.57925
2425	228.7015
2427	228.81175
2435	229.6315625
2441	230.30675
2447	230.609875
2451	230.9956875
2455	232.1325625
2457	232.2565625
2463	232.918
2472	233.80675
