141	0.164625
145	0.3230625
154	1.108375
158	1.4115
164	1.9833125
167	2.1693125
169	2.252
174	2.8445
180	3.2991875
182	3.457625
189	4.1396875
195	5.4005
199	5.5865
202	5.7931875
211	6.4201875
213	6.516625
220	7.116
230	8.776375
234	9.1001875
237	9.4033125
240	9.665125
244	9.9545
246	10.0440625
255	10.6916875
260	11.28425
265	11.6700625
269	12.1454375
277	12.710375
285	13.358
289	13.5095625
296	15.6799375
300	15.886625
305	16.362
308	16.527375
312	16.6858125
320	17.491875
323	17.7674375
326	18.0085625
333	18.8076875
337	18.9799375
344	19.6275625
348	19.8549375
351	20.027125
356	20.5369375
360	20.6885
367	22.1285
371	22.369625
380	23.1619375
387	25.21525
389	25.4288125
396	25.9455
400	26.1039375
402	26.1935
409	27.0065
414	27.2063125
418	27.64725
425	28.336125
427	28.45325
434	29.0939375
471	32.7045
475	32.9249375
489	34.103125
492	34.2685
496	34.4683125
501	34.916125
505	35.212375
510	35.488
514	35.66025
521	36.4043125
525	36.673
534	37.479
538	37.6788125
542	37.8716875
552	38.884375
556	39.2081875
562	41.316625
565	41.550875
570	41.8746875
572	41.9986875
580	42.6325
584	42.8460625
587	43.0734375
592	43.404125
594	43.4936875
599	44.1619375
607	45.6708125
612	45.9188125
615	46.132375
618	46.4355
622	46.8281875
627	47.0830625
630	47.296625
632	47.3793125
644	49.1499375
648	49.2739375
657	50.052375
660	50.224625
664	50.362375
672	50.9065625
679	52.96675
681	53.1803125
686	53.7108125
692	54.21375
702	54.964625
705	55.2195
709	55.6053125
711	55.694875
717	57.1969375
721	57.355375
723	57.4725
729	57.9409375
732	58.16825
736	58.5540625
738	58.643625
749	59.5598125
785	62.98425
789	63.10825
795	63.7214375
800	64.2105625
803	64.3759375
807	64.54125
818	65.450625
822	65.746875
826	65.926
834	66.7871875
837	66.9594375
841	67.179875
852	69.612125
855	69.8256875
859	70.094375
867	70.6455
869	70.7419375
875	71.306875
879	71.5204375
882	71.727125
889	72.3678125
897	72.925875
899	73.0154375
910	74.6896875
915	75.254625
923	77.266625
927	77.514625
937	78.2448125
940	78.40325
942	78.4928125
948	79.1335
953	79.7605
958	80.1669375
962	80.5871875
971	81.4345625
975	81.6136875
981	82.1579375
989	83.756375
993	83.9355
997	84.1559375
1005	85.03775
1008	85.21
1012	85.34775
1017	85.871375
1022	86.2709375
1026	86.6980625
1035	87.428375
1039	87.59375
1076	91.169875
1080	91.3903125
1089	92.196375
1093	92.4099375
1097	92.54775
1105	93.2021875
1114	94.0495
1116	94.1459375
1126	94.9726875
1134	96.4058125
1136	96.5160625
1142	97.081
1145	97.25325
1151	97.9835625
1154	98.1901875
1156	98.3004375
1163	99.650875
1165	99.761125
1170	100.3604375
1174	100.574
1178	100.7118125
1189	102.5169375
1193	102.675375
1196	102.8545
1208	103.7845625
1216	104.4253125
1220	104.68025
1224	105.093625
1229	105.4656875
1233	105.6655
1237	105.7756875
1241	106.11325
1247	108.118375
1249	108.338875
1259	109.34475
1267	109.9303125
1270	110.1920625
1276	110.61925
1281	111.0050625
1286	111.2530625
1288	111.33575
1300	112.4105
1306	112.8789375
1310	113.023625
1319	114.539375
1323	114.8976875
1356	118.1775
1360	118.3015
1365	118.7493125
1369	119.0041875
1375	119.5276875
1378	119.693
1384	121.0985625
1388	121.2708125
1392	121.4636875
1399	122.1044375
1403	122.3455625
1415	124.6675
1418	124.8810625
1421	125.1841875
1425	125.6113125
1434	126.3829375
1436	126.479375
1441	126.989125
1449	127.6366875
1458	128.539125
1461	128.87675
1472	129.7860625
1476	130.123625
1484	131.4946875
1488	131.64625
1498	132.417875
1505	134.49875
1508	134.7123125
1514	135.1463125
1516	135.2703125
1522	135.8765625
1525	136.0556875
1534	138.2260625
1538	138.3845
1546	139.1630625
1552	139.424875
1559	140.2446875
1563	140.403125
1572	141.0851875
1579	141.4985
1583	141.63625
1589	142.8901875
1593	143.062375
1597	143.1795
1602	143.73075
1608	143.9580625
1613	144.454125
1616	144.640125
1620	144.9225625
1624	145.260125
1627	145.432375
1631	145.583875
1664	148.925625
1668	149.1323125
1673	149.5595
1679	150.0761875
1683	150.3793125
1688	150.703125
1696	151.3438125
1700	151.7296875
1705	152.2739375
1708	152.432375
1716	153.1144375
1723	154.52
1726	154.761125
1730	155.1331875
1733	155.34675
1736	155.525875
1745	157.8891875
1749	158.0958125
1758	159.0671875
1761	159.2325625
1765	159.391
1774	161.010125
1778	161.3339375
1784	161.90575
1787	162.0986875
1794	163.3594375
1798	163.5385625
1802	163.6556875
1810	164.4479375
1813	164.6133125
1817	164.77175
1825	165.419375
1829	165.70875
1838	166.4665625
1840	166.556125
1849	167.3276875
1854	167.596375
1862	168.0373125
1867	168.57475
1873	168.877875
1878	169.367
1880	169.4565625
1889	171.7715625
1897	172.5088125
1901	172.8808125
1904	173.0599375
1910	173.44575
1914	173.611125
1918	174.0451875
1924	174.796125
1934	176.2981875
1938	176.5393125
1943	177.0284375
1948	177.359125
1954	177.6278125
1958	177.875875
1964	178.392625
1967	178.564875
1971	178.7301875
1975	179.0678125
1982	179.6465
1985	179.84625
1989	180.273375
1997	180.90725
2000	181.0656875
2002	181.1759375
2007	183.0845625
2011	183.305
2020	184.407375
2023	184.57275
2027	184.7311875
2035	185.4201875
2039	185.6681875
2041	185.764625
2049	186.5845
2053	186.97725
2056	187.1839375
2063	187.866
2069	189.058
2073	189.237125
2077	189.35425
2086	190.0431875
2092	190.3394375
2096	190.732125
2101	191.15925
2109	192.7714375
2113	192.943625
2117	193.205375
2122	193.667
2128	194.1355
2133	194.597125
2137	194.8795625
2141	195.0310625
