141	0.164625
145	0.3161875
152	0.7570625
161	1.563
165	1.8248125
175	2.5481875
178	2.754875
189	3.6435
193	3.87775
198	4.194625
207	4.9318125
210	5.1040625
212	5.2211875
225	6.5576875
228	6.778125
232	6.89525
239	8.4868125
243	8.7416875
251	9.5339375
256	9.8095
258	9.926625
268	10.8360625
276	13.11675
279	13.3303125
286	13.9503125
289	14.212125
293	14.7150625
297	14.9630625
302	15.424625
308	16.0378125
311	16.2858125
321	17.72575
325	17.84975
332	18.4215
339	20.502375
342	20.7159375
349	21.081125
353	21.5771875
357	21.8389375
360	22.0800625
369	22.8861875
372	23.1273125
377	24.911875
381	25.097875
388	25.63525
391	25.800625
395	25.938375
399	26.28975
406	26.9305
411	28.26025
423	29.9964375
425	30.1204375
432	30.6578125
435	30.823125
437	30.9126875
447	31.5534375
484	35.1845625
488	35.3085625
496	36.0870625
501	36.610625
505	36.87925
509	37.196125
516	37.664625
519	37.8713125
524	38.21575
527	38.394875
536	39.1595625
540	39.3869375
547	41.4058125
551	41.62625
555	41.867375
562	42.4805625
564	42.639
569	43.004125
574	43.286625
586	44.5060625
589	44.699
591	44.8574375
596	45.250125
603	46.5454375
607	46.7451875
617	47.7303125
624	49.7905
626	50.0040625
638	51.2579375
643	51.4921875
645	51.58175
654	52.2775625
661	52.8011875
667	53.290375
669	53.3799375
679	54.2548125
684	54.53725
691	56.542375
695	56.6939375
709	57.94075
712	58.12675
716	58.299
722	58.7675625
725	58.9398125
729	59.19475
733	59.5736875
740	60.25575
744	60.545125
749	60.793125
752	60.97225
756	61.22025
761	61.709375
772	62.736
776	62.97025
814	66.5600625
817	66.773625
826	67.683
835	68.4615
839	68.6750625
842	68.88175
849	69.5086875
856	70.3354375
860	70.487
868	71.7960625
872	71.947625
878	72.5470625
885	74.60725
888	74.8276875
894	75.3650625
902	76.233125
907	76.6189375
909	76.7360625
918	77.776375
921	77.948625
933	80.6219375
937	80.8010625
948	82.027375
951	82.19275
955	82.4476875
959	82.826625
969	83.6809375
974	85.03825
977	85.2725
983	86.7538125
994	87.8285625
999	88.2695
1003	88.53125
1007	88.7379375
1013	90.09525
1017	90.3088125
1024	91.066625
1031	91.77625
1035	92.02425
1040	92.4100625
1048	92.89925
1052	93.0439375
1093	97.1435625
1097	97.2675625
1103	97.887625
1109	98.528375
1113	98.7419375
1121	99.361875
1124	99.6719375
1130	101.0913125
1134	101.2704375
1138	101.539125
1149	102.40025
1153	102.6689375
1157	102.80675
1165	105.025375
1167	105.245875
1172	105.7419375
1177	106.0244375
1186	106.796125
1188	106.9408125
1195	107.6504375
1198	107.85025
1209	108.580375
1212	108.8008125
1218	109.228
1223	109.6138125
1228	109.8549375
1230	110.0203125
1235	110.475
1240	110.7575
1246	111.3155625
1249	111.6049375
1253	111.7840625
1259	112.231875
1268	113.609875
1272	113.789
1278	114.3125625
1285	116.393375
1288	116.627625
1293	116.8480625
1300	117.3165625
1307	117.998625
1309	118.0813125
1320	119.7968125
1325	120.010375
1327	120.1068125
1339	121.2710625
1344	121.8015625
1347	122.0220625
1349	122.111625
1354	122.57325
1387	125.81175
1391	126.004625
1402	126.9623125
1405	127.169
1411	127.6513125
1415	127.93375
1419	128.1473125
1429	128.9808125
1438	131.3854375
1444	131.6885625
1450	132.01925
1453	132.260375
1461	133.6934375
1467	134.0103125
1470	134.2376875
1472	134.3616875
1478	135.5054375
1483	136.070375
1491	138.08925
1497	138.3579375
1503	138.68175
1506	138.909125
1508	138.9986875
1517	139.715125
1524	140.9690625
1530	141.2653125
1533	141.4926875
1535	141.589125
1546	142.6086875
1557	144.9856875
1561	145.1096875
1569	145.7296875
1577	146.3910625
1581	146.6735
1585	147.1144375
1591	147.5415625
1595	147.879125
1601	149.071125
1603	149.195125
1609	149.7393125
1612	149.939125
1618	150.249125
1620	150.3386875
1625	150.7934375
1635	151.6684375
1641	151.9715625
1647	152.4538125
1679	155.6165
1683	155.8645625
1694	156.9461875
1697	157.118375
1701	157.269875
1708	157.986375
1712	158.2756875
1719	158.8544375
1725	159.2195625
1729	159.3366875
1733	159.715625
1739	161.0660625
1743	161.23825
1747	161.355375
1753	162.003
1762	162.8228125
1765	163.01575
1769	163.1535
1777	163.739125
1781	164.0215625
1785	164.1730625
1792	164.6415625
1797	166.6535625
1801	166.9153125
1805	167.252875
1808	167.425125
1812	167.562875
1821	168.6100625
1825	168.761625
1836	169.78125
1840	169.9535
1844	170.070625
1851	170.738875
1854	170.9593125
1858	171.0764375
1863	171.6206875
1869	173.081375
1873	173.253625
1880	173.8943125
1883	174.0596875
1887	174.231875
1893	174.665875
1901	176.20925
1903	176.33325
1912	177.10475
1918	177.63525
1923	178.0555625
1930	178.51025
1935	178.7375625
1941	179.247375
1948	181.57625
1952	181.76225
1962	182.6646875
1965	182.8300625
1969	183.00225
1976	183.601625
1980	183.897875
1985	184.139
1988	184.318125
1994	184.614375
2000	185.99925
2004	186.12325
2010	186.74325
2024	188.89275
2028	189.01675
2036	189.79525
2049	191.8208125
2053	191.9930625
2057	192.1101875
2065	192.702625
2072	193.3020625
2076	193.6051875
2080	193.94275
2083	194.09425
2094	195.2103125
2097	195.375625
2107	196.1128125
2113	198.2143125
2116	198.414125
2122	198.724125
2129	199.1995
2132	199.43375
2143	200.453375
2148	200.7426875
2158	202.4030625
2162	202.616625
2173	203.5466875
2178	203.8360625
2182	204.10475
2186	204.3251875
2197	205.31725
2200	205.5515
2204	205.8821875
2207	206.0750625
2215	208.35575
2220	208.658875
2224	208.776
2235	209.71975
2241	209.9746875
2250	210.6843125
2254	210.8220625
2261	211.46275
2271	213.963875
2274	214.21875
2277	214.4185625
2281	214.8250625
2290	215.665625
2294	215.899875
2300	217.2503125
2303	217.47075
2307	217.7463125
2312	218.18725
2316	218.3456875
2322	218.9795625
2327	219.255125
2331	219.43425
2336	220.0956875
2340	220.364375
2350	221.501125
2354	221.673375
2358	221.7905
2365	222.7344375
2369	223.016875
2372	223.264875
2376	223.464625
2382	223.884875
2388	225.2215625
2391	225.3938125
2397	225.64875
2400	225.83475
2414	227.0954375
2417	227.302125
2424	227.9015
2435	228.742
2443	229.265625
2446	229.4378125
2455	230.3128125
2458	230.4919375
2468	232.9861875
2472	233.1101875
2479	233.881875
2485	234.460625
2489	234.6604375
2493	234.7775625
2499	235.349375
2505	235.57675
2510	235.935
2513	236.1279375
2519	236.6033125
2526	237.1750625
2530	237.3335
2536	237.8295
