141	0.164625
145	0.288625
153	0.99825
157	1.397875
166	2.30725
168	2.4656875
173	2.8928125
176	3.0650625
182	3.3613125
187	4.4913125
191	4.6635625
195	4.815125
203	5.6418125
208	5.8691875
218	6.7855
222	7.0679375
228	7.5984375
233	7.8464375
237	7.9566875
247	8.928125
253	10.93325
257	11.05725
264	11.6979375
268	11.932125
272	12.056125
279	12.7656875
282	12.9448125
289	13.66125
292	13.8955
294	13.9850625
301	14.59825
307	15.921125
311	16.1760625
318	16.7340625
326	18.7529375
329	18.9389375
334	19.3591875
338	19.79325
342	20.16525
345	20.3719375
349	20.750875
357	22.86625
361	23.05225
370	23.8030625
374	24.002875
378	24.19575
386	25.0086875
390	25.34625
395	25.78025
402	26.3796875
406	26.53125
416	28.2468125
420	28.4190625
428	28.9081875
431	29.0804375
436	29.411125
440	29.6866875
448	30.2309375
451	30.4445
458	31.07825
461	31.26425
464	31.4985
499	34.971125
503	35.1226875
507	35.6118125
510	35.887375
514	36.183625
526	37.14125
530	37.4099375
532	37.4995
539	38.1195
549	39.2080625
552	39.3734375
556	39.5111875
563	40.331125
566	40.503375
570	40.7583125
574	41.13725
581	43.3215
583	43.4455
593	44.3135
600	45.20925
605	45.4848125
608	45.6363125
618	46.4355
629	47.3930625
632	47.6273125
636	48.0406875
647	49.78375
651	49.990375
659	50.782625
666	52.8635
669	53.056375
672	53.2630625
674	53.3595
681	54.0346875
689	54.6203125
692	54.833875
694	54.9303125
704	57.155875
706	57.279875
712	57.8655
720	59.2365
722	59.3949375
732	60.2285
741	61.8338125
745	61.99225
747	62.123125
755	62.943
758	63.184125
762	63.4390625
766	63.824875
773	64.4173125
777	64.7204375
786	65.4645
790	65.63675
796	66.0776875
831	69.867375
835	70.115375
842	70.7974375
845	70.955875
849	71.073
860	72.2373125
864	72.506
867	72.6781875
878	73.7805625
881	73.95275
885	74.0905
892	74.7243125
895	74.8965
905	75.9713125
909	76.2538125
913	76.577625
921	78.7825
926	79.306125
929	79.54725
933	79.95375
937	80.0984375
945	81.5384375
949	81.793375
956	82.310125
963	84.391
965	84.577
975	85.458875
980	85.7206875
983	85.9205
993	86.988375
997	87.2433125
1003	87.8564375
1009	88.4558125
1012	88.6969375
1014	88.779625
1020	90.27475
1024	90.660625
1026	90.784625
1037	93.258125
1041	93.4096875
1054	94.5601875
1064	95.187125
1068	95.5935625
1071	95.7795625
1073	95.9104375
1080	96.5029375
1085	96.957625
1089	97.191875
1096	97.7430625
1102	98.2735625
1141	102.18025
1145	102.3318125
1153	103.30325
1156	103.4755
1160	103.61325
1168	104.2884375
1172	104.5915625
1178	104.853375
1188	106.5069375
1192	106.6378125
1199	107.347375
1202	107.5265
1209	108.2705
1213	108.47025
1217	108.587375
1224	109.303875
1227	109.476125
1233	110.1788125
1238	110.43375
1244	110.92975
1247	111.0881875
1251	111.2053125
1256	111.7634375
1265	114.0371875
1267	114.1611875
1273	114.822625
1283	115.65625
1286	115.8560625
1292	116.2694375
1295	116.4485625
1307	118.1916875
1311	118.3914375
1319	119.190625
1326	121.2715
1330	121.4919375
1334	121.75375
1341	122.304875
1345	122.4495625
1350	122.9043125
1354	123.117875
1358	123.297
1365	123.9376875
1372	124.482
1376	124.6955625
1416	128.5609375
1420	128.719375
1429	129.559875
1433	129.84925
1436	130.0076875
1440	130.1455
1449	132.4399375
1452	132.63975
1457	132.8739375
1462	133.4388125
1465	133.6248125
1473	134.320625
1475	134.43775
1483	135.381625
1487	135.5951875
1491	135.981
1493	136.09125
1499	137.4348125
1503	137.6276875
1512	138.3785625
1520	140.3974375
1524	140.5765625
1532	141.43775
1535	141.6375625
1539	142.023375
1551	142.981
1555	143.2565625
1564	144.0075
1566	144.0970625
1576	145.26825
1579	145.4680625
1588	147.8451875
1592	148.100125
1601	148.789
1608	149.5123125
1611	149.6845625
1615	149.8223125
1621	150.490625
1627	151.10375
1632	152.426625
1635	152.612625
1639	152.874375
1644	154.0594375
1680	157.594125
1684	157.8008125
1689	158.228
1695	158.7446875
1700	159.1925
1705	159.55075
1709	159.7711875
1714	160.1983125
1717	160.4325625
1723	161.900125
1727	162.155
1733	162.802625
1737	162.9473125
1745	164.4630625
1749	164.676625
1754	164.910875
1759	165.2553125
1771	167.7356875
1775	168.004375
1779	168.3419375
1782	168.5279375
1786	168.672625
1791	169.1618125
1795	169.4580625
1801	170.7809375
1805	170.939375
1811	171.5318125
1814	171.7178125
1818	171.869375
1823	172.275875
1827	172.579
1832	173.72275
1836	173.901875
1840	174.039625
1846	174.5425625
1851	175.831
1855	176.1823125
1859	176.3063125
1865	176.9539375
1871	178.338875
1873	178.46975
1878	178.9658125
1883	179.4135625
1887	179.6064375
1889	179.689125
1895	180.261
1901	182.41075
1905	182.6311875
1911	183.1548125
1914	183.3201875
1918	183.4855
1922	183.823125
1926	184.1745
1930	184.5534375
1933	184.760125
1937	185.1873125
1940	185.3526875
1945	185.772875
1949	186.06225
1951	186.1586875
1963	187.205875
1966	187.4263125
1970	187.763875
1973	187.9291875
1977	188.2805
1986	189.61025
1990	189.803125
1999	190.5609375
2006	191.20175
2009	191.35325
2013	191.4635
2024	192.607125
2029	193.19275
2032	193.4683125
2036	195.4803125
2040	195.707625
2046	196.9409375
2050	197.0786875
2058	198.6013125
2062	198.7735625
2066	199.0285
2070	199.366125
2073	199.586625
2076	199.7864375
2081	200.13775
2085	200.434
2090	200.9714375
2093	201.1436875
2097	201.2814375
2102	201.8256875
2110	203.3345625
2114	203.5068125
2118	203.76175
2125	204.312875
2131	204.78825
2134	205.07075
2137	205.2843125
2144	205.9111875
2148	206.06275
2157	206.9170625
2162	207.4475
