141	0.164625
145	0.288625
153	0.9706875
157	1.266875
159	1.3564375
166	1.83175
174	3.0994375
177	3.2923125
188	4.201625
193	4.670125
198	4.9250625
208	5.8275625
217	6.923
220	7.09525
224	7.4948125
229	7.832375
237	9.968375
247	10.678
251	10.843375
257	11.4703125
260	11.6908125
263	11.8699375
270	12.620875
273	12.7930625
277	13.0135
286	14.3295
290	14.5636875
298	15.128625
305	17.2095
307	17.31975
316	18.24975
320	18.7664375
323	18.986875
327	19.11775
332	19.6206875
335	19.8549375
339	20.233875
341	20.3234375
352	21.4946875
359	22.8589375
363	23.017375
366	23.1965
372	23.885375
379	24.4916875
383	24.7948125
389	25.2770625
392	25.5181875
394	25.6353125
399	26.2898125
432	29.50075
436	29.6591875
447	30.7061875
456	31.3606875
460	31.6155625
467	33.0900625
471	33.2760625
474	33.475875
478	33.7651875
485	35.7978125
499	37.837125
502	38.07825
511	38.9531875
519	39.6006875
522	39.807375
524	39.917625
531	40.5376875
539	41.2816875
544	41.509
556	42.6870625
565	44.1339375
570	44.6920625
578	46.7109375
582	46.965875
592	47.77875
595	47.9785625
600	48.3299375
603	48.5435
605	48.6330625
619	49.99025
624	51.2305
628	51.6163125
630	51.699
638	52.5670625
644	54.5790625
649	55.1784375
653	55.31625
661	56.0948125
667	56.3910625
673	56.8113125
677	57.011125
681	57.5209375
685	57.74825
689	57.865375
697	58.6990625
705	59.3328125
708	59.4981875
712	59.6359375
717	60.1940625
750	63.6668125
754	63.8528125
765	64.87925
771	65.396
775	65.69225
782	66.2434375
786	66.44325
790	66.62925
797	67.442125
801	67.6831875
809	68.26875
812	68.45475
816	68.751
820	69.2125625
831	71.569
833	71.7895
838	72.23725
841	72.3956875
845	72.5955
852	73.146625
855	73.380875
857	73.4773125
863	74.8484375
867	75.23425
869	75.3306875
877	76.7983125
881	76.949875
890	77.72825
897	79.816
900	80.008875
916	81.345375
922	81.79325
926	82.0136875
937	82.916125
941	83.1159375
945	83.3088125
952	83.8393125
957	84.1010625
965	84.693625
969	84.921
1003	88.317875
1007	88.51075
1018	89.4476875
1023	89.985125
1027	90.2538125
1031	90.3985
1038	91.1495
1041	91.32175
1045	91.549125
1054	93.7126875
1056	93.8435625
1062	94.449875
1068	95.01475
1072	95.207625
1074	95.2903125
1080	95.944875
1090	97.04725
1095	97.240125
1099	97.660375
1104	98.0048125
1106	98.094375
1111	98.542125
1123	100.3265625
1127	100.671
1134	102.7311875
1136	102.8551875
1147	103.743875
1154	104.3431875
1157	104.5911875
1163	105.02525
1168	105.4041875
1173	105.6521875
1175	105.810625
1186	106.70625
1191	107.953375
1195	108.1325
1200	108.5665
1204	108.7938125
1210	109.221
1215	109.6068125
1220	109.8479375
1222	109.9375
1228	110.6264375
1231	110.819375
1235	111.0743125
1275	114.857
1279	115.0636875
1288	115.8353125
1295	116.441625
1299	116.74475
1302	116.9031875
1310	117.64725
1314	117.8195
1324	118.6599375
1332	119.3901875
1342	120.451125
1346	120.5958125
1353	121.1263125
1363	123.5860625
1369	123.971875
1373	124.1716875
1377	124.316375
1382	124.88825
1387	125.2740625
1391	125.4738125
1395	125.5909375
1400	126.1490625
1407	126.7346875
1416	128.2505
1420	128.477875
1428	129.04275
1435	131.1235625
1438	131.337125
1442	131.6058125
1450	132.4325625
1455	132.7081875
1459	132.8873125
1463	133.2318125
1471	133.989625
1475	134.2583125
1485	135.7946875
1489	135.9806875
1492	136.187375
1499	136.82125
1507	137.517
1512	137.765
1515	137.9165625
1519	138.261
1523	138.61925
1558	142.00925
1562	142.188375
1569	142.82225
1576	143.35275
1582	143.6145625
1587	144.041625
1591	144.22075
1597	144.6685625
1605	146.3015
1609	146.47375
1613	146.6184375
1619	147.06625
1626	147.8448125
1630	148.1410625
1634	148.5406875
1643	149.463875
1646	149.746375
1650	149.9048125
1655	150.4559375
1658	150.6281875
1662	150.786625
1672	153.432375
1676	153.556375
1684	154.2315
1690	154.458875
1695	154.8998125
1704	156.332875
1708	156.512
1712	156.64975
1718	157.187125
1724	157.4075625
1729	157.779625
1732	157.9725
1737	158.3100625
1742	158.523625
1747	158.8198125
1752	159.0471875
1760	161.1831875
1770	161.9065625
1774	162.0856875
1779	162.602375
1786	163.146625
1794	163.8838125
1800	165.261875
1804	165.447875
1807	165.6063125
1811	165.9163125
1815	166.3296875
1824	167.935
1828	168.059
1835	168.8375
1845	169.7675625
1857	171.0283125
1860	171.2074375
1864	171.607
1869	172.144375
1875	172.5784375
1879	172.785125
1883	173.1778125
1889	173.8254375
1897	176.106125
1911	178.1454375
1914	178.3659375
1919	178.834375
1926	179.4130625
1934	179.7713125
1940	180.2466875
1951	181.273
1961	182.1134375
1965	182.3476875
1974	183.264
1978	183.4775625
1984	184.1664375
1989	184.6694375
1992	184.862375
1996	184.9725625
2012	186.3848125
2018	188.4519375
2020	188.5759375
2027	189.0444375
2036	189.86425
2044	190.5049375
2047	190.6840625
2049	190.8494375
2058	191.6073125
2064	192.351375
2067	192.5925
2073	192.9989375
2085	194.783375
2089	194.969375
2091	195.0589375
2095	195.5963125
2098	195.81675
2102	195.947625
2107	196.4505625
2110	196.6848125
2114	197.06375
2116	197.1601875
2127	198.159
2136	200.5499375
2140	200.7290625
2147	201.3904375
2150	201.610875
2158	202.4720625
2160	202.5478125
2167	202.981875
2174	203.6363125
2177	203.905
2182	205.80675
2184	205.917
2192	206.8126875
2196	207.0675625
2202	207.6738125
2209	208.4316875
2212	208.6935
2216	209.0793125
2218	209.168875
2229	210.0506875
2236	211.4630625
2240	211.6353125
2244	211.8281875
2255	212.7650625
2258	212.9304375
2262	213.1301875
2269	213.9018125
2276	214.680375
2281	215.114375
2284	215.3555
2292	215.8721875
2308	218.772875
2311	218.9933125
2318	219.58575
2321	219.7510625
2326	220.3229375
2330	220.467625
2338	221.1359375
2341	221.3081875
2345	221.528625
2352	222.066
2355	222.32775
2361	224.422375
2366	224.7668125
2372	225.2284375
2375	225.545375
2380	226.9785
2384	227.1506875
2390	227.5846875
2395	228.0325
2402	228.776625
2405	228.9970625
2409	229.1073125
2415	230.568
2419	230.754
2422	230.995125
2426	231.1398125
2433	231.697875
2438	232.0905625
2443	234.192125
2447	234.3988125
2454	234.9293125
2460	235.191125
2465	235.65275
2468	235.845625
2473	236.27275
2477	236.451875
2483	236.8996875
