141	0.164625
145	0.288625
154	0.9913125
160	1.439125
167	1.9558125
171	2.0729375
178	2.7549375
186	4.119125
190	4.29825
194	4.415375
200	5.069875
203	5.23525
207	5.4005625
212	5.786375
217	6.192875
220	6.365125
224	6.5304375
230	7.0678125
234	7.3089375
243	8.046
248	8.542
255	10.50575
258	10.7055625
263	11.167125
272	11.90425
276	12.0489375
282	12.731
285	12.90325
289	13.041
295	13.6955
298	13.95725
303	14.3636875
306	14.6048125
310	14.7425625
318	16.23075
322	16.3891875
331	17.167625
338	19.2485
340	19.35875
346	19.9994375
351	20.3645625
354	20.585
360	21.0879375
365	21.528875
370	21.776875
372	21.8664375
378	22.458875
386	24.608625
390	24.7533125
397	25.6696875
401	25.7936875
409	26.7650625
413	26.9373125
417	27.0544375
424	27.839875
433	28.6320625
439	29.93425
443	30.2649375
450	31.6291875
453	31.8083125
457	31.9185
462	32.49725
495	35.708125
499	35.8596875
504	36.3005625
512	37.092875
516	37.38225
521	37.6646875
528	38.28475
535	38.9323125
538	39.0838125
544	39.607375
548	39.7589375
555	40.379
558	40.5374375
560	40.6476875
573	43.073
577	43.410625
581	43.658625
587	44.2786875
590	44.5198125
594	44.6506875
600	45.2775625
604	45.56
608	45.8493125
613	46.1179375
620	46.793125
625	47.7576875
630	48.370875
637	50.4516875
640	50.6790625
647	51.285375
652	51.547125
655	51.7469375
661	52.2704375
667	52.814625
670	53.048875
673	53.228
683	54.2545625
686	54.406125
688	54.5508125
697	56.87975
701	57.12775
714	58.18875
719	58.677875
723	58.9465625
727	59.1119375
735	60.65525
739	60.8068125
743	61.172
752	62.081375
755	62.3018125
762	62.8943125
769	63.3835
771	63.500625
776	63.920875
781	64.1481875
788	64.775125
792	65.0645
795	65.2229375
799	65.443375
834	69.0194375
838	69.171
842	69.8118125
845	69.9771875
849	70.135625
857	70.824625
861	71.1070625
872	71.954375
876	72.154125
880	72.415875
889	73.194375
892	73.35975
896	73.5181875
904	74.3105
908	74.60675
914	76.7151875
919	77.2043125
927	77.9415625
929	78.038
936	78.981875
939	79.223
949	80.0428125
954	80.490625
958	80.9109375
963	81.241625
966	81.413875
971	81.8134375
974	82.0545625
981	83.3499375
985	83.508375
995	84.28
1002	86.360875
1004	86.5193125
1009	86.9258125
1016	87.663
1020	87.855875
1022	87.9385625
1028	88.6
1036	89.3165
1042	89.619625
1048	90.095
1053	90.467
1056	90.653
1060	90.770125
1096	94.02925
1100	94.21525
1108	95.0075625
1113	95.2349375
1118	95.5586875
1126	96.1305
1130	96.3923125
1133	96.537
1142	97.2328125
1145	97.4050625
1149	97.5565625
1156	98.13525
1161	98.376375
1163	98.4728125
1168	98.91375
1178	99.71975
1188	101.3044375
1191	101.511125
1202	102.379125
1206	102.80625
1216	103.577875
1223	105.769
1226	106.017
1230	106.444125
1237	107.257
1241	107.4085
1248	108.01475
1253	108.255875
1255	108.3454375
1261	109.57875
1265	109.9231875
1272	111.983375
1276	112.1418125
1282	112.6998125
1285	112.8720625
1289	113.0305
1293	113.4783125
1301	114.119
1306	114.5048125
1311	114.7596875
1315	114.904375
1322	115.3866875
1325	115.5520625
1329	115.6898125
1366	119.376125
1370	119.500125
1376	120.1063125
1382	121.635875
1386	121.7874375
1395	122.4831875
1398	122.6485625
1402	122.8759375
1411	124.4193125
1415	124.5915
1419	124.7430625
1426	125.25975
1432	125.8178125
1435	126.03825
1439	126.1898125
1444	126.6376875
1449	126.989
1453	127.2783125
1461	128.0085625
1470	128.731875
1475	129.055625
1479	129.2140625
1488	131.4946875
1500	132.466
1503	132.6864375
1507	133.1066875
1522	135.1046875
1526	135.338875
1534	135.9038125
1541	137.9846875
1543	138.2051875
1556	139.4039375
1561	139.66575
1570	140.5269375
1574	140.8094375
1583	141.546625
1586	141.7464375
1588	141.842875
1595	142.511125
1600	142.7798125
1607	143.4963125
1642	146.7278125
1646	146.8518125
1655	147.6096875
1660	148.154
1664	148.4226875
1668	148.6086875
1679	149.4284375
1682	149.6006875
1686	149.7384375
1693	150.4135625
1700	152.4599375
1702	152.6804375
1708	153.293625
1711	153.4589375
1717	154.7335625
1720	154.954
1728	155.7255625
1741	157.3101875
1745	157.468625
1747	157.58575
1754	158.2815625
1758	158.5915625
1767	160.2381875
1771	160.3759375
1780	161.0924375
1784	161.3955625
1793	162.1533125
1795	162.24975
1804	163.0281875
1809	163.296875
1816	163.9306875
1822	164.2338125
1827	164.7505
1833	166.011375
1837	166.183625
1841	166.3283125
1847	166.83125
1851	167.14125
1854	167.32725
1861	168.04375
1869	168.4915625
1872	168.6844375
1877	169.2286875
1881	171.006375
1885	171.130375
1892	172.0604375
1896	172.38425
1902	172.900875
1907	173.39
1914	173.9066875
1918	174.0238125
1927	175.4224375
1931	175.5946875
1935	175.7118125
1941	176.2629375
1947	176.6418125
1951	176.7589375
1961	177.5649375
1967	178.2194375
1971	178.54325
1975	178.9841875
1984	181.182125
1988	181.3888125
1994	181.8159375
1998	182.0156875
2002	182.1328125
2009	182.8700625
2015	183.414375
2019	183.7519375
2023	184.1170625
2031	185.646625
2035	185.770625
2043	186.7145
2047	186.91425
2052	187.5756875
2056	187.8374375
2066	188.9810625
2070	189.1601875
2074	189.2979375
2085	190.000625
2089	190.3244375
2093	190.64825
2101	192.9564375
2103	193.0804375
2107	193.5558125
2114	194.9061875
2116	195.0233125
2122	195.643375
2128	196.9386875
2130	197.0695625
2135	197.3864375
2140	198.7575625
2144	198.922875
2146	199.0813125
2154	199.846
2159	200.135375
2163	200.3765
2170	201.7544375
2174	201.8921875
2180	202.5604375
2184	202.8153125
2190	203.2906875
2194	204.2690625
2198	204.4481875
2202	204.586
2207	205.0613125
2213	205.75025
2217	206.0189375
2220	206.177375
2224	206.2945
2231	207.7206875
2235	208.0995625
2238	208.2786875
2242	208.3958125
2248	209.077875
2251	209.250125
2255	209.4705625
2263	211.6685625
2269	212.1715
2272	212.34375
2276	212.4815
2285	213.8456875
2287	213.9559375
2291	214.5553125
2294	214.7206875
2298	214.9824375
2302	215.361375
2309	215.9400625
2313	216.1191875
2315	216.2363125
2322	216.856375
2325	217.028625
2335	218.14475
2340	218.379
2345	218.7855
2348	219.0059375
2352	219.1230625
2357	219.6673125
