141	0.164625
145	0.3161875
152	0.7570625
161	1.563
166	1.997
170	2.245
173	2.4034375
175	2.5205625
180	3.00975
189	3.8156875
195	4.3048125
206	5.910125
210	6.1925625
214	6.5990625
218	6.8195
224	7.1984375
227	7.356875
232	7.722
234	7.8115625
243	8.583125
248	8.817375
253	9.13425
261	9.76125
265	9.8990625
272	10.588
276	10.8153125
282	11.325125
287	13.07525
290	13.2888125
296	13.72975
302	14.170625
306	14.3910625
315	15.1488125
319	15.362375
323	15.7275
329	16.1753125
333	16.33375
337	16.760875
343	17.2981875
349	17.8493125
354	18.862125
358	19.034375
364	19.558
371	21.64575
373	21.86625
380	22.527625
385	22.79625
392	23.443875
396	23.7125625
403	24.3601875
406	24.5875
410	24.9733125
412	25.13175
418	26.4821875
421	26.654375
424	26.8610625
426	26.950625
431	27.5500625
434	27.7980625
438	27.922
474	31.39475
478	31.51875
484	32.104375
487	32.26975
491	32.4901875
496	32.944875
500	33.23425
505	33.5029375
509	33.647625
514	34.2745625
518	34.5776875
523	34.8876875
531	35.5076875
534	35.7556875
536	35.852125
548	38.332625
552	38.5530625
561	39.2695625
565	39.558875
570	39.903375
576	40.2891875
579	40.56475
583	40.895375
595	42.6039375
599	42.7761875
603	42.9690625
614	43.8439375
617	44.0850625
619	44.16775
629	45.752375
634	46.3105
642	48.329375
645	48.611875
649	48.859875
661	49.9690625
665	50.286
667	50.3686875
677	51.29175
680	51.464
687	53.103875
691	53.531
695	53.82725
699	54.13725
702	54.3095
708	55.494625
712	55.67375
716	55.818375
722	56.3695
725	56.60375
728	56.7621875
732	56.906875
737	57.4029375
740	57.6509375
779	61.26825
783	61.4405
791	62.033
800	62.79075
802	62.9491875
817	64.4096875
820	64.5750625
824	64.802375
829	65.2639375
834	65.5601875
841	66.2078125
845	66.4558125
854	67.2205
859	68.564
861	68.67425
870	69.494
875	69.7558125
879	70.031375
887	70.672
890	70.913125
901	72.74575
905	72.924875
907	73.048875
913	73.5105
918	73.7654375
922	74.0203125
929	74.58525
933	74.7368125
939	75.184625
949	77.458375
952	77.65125
962	78.4986875
965	78.6709375
969	78.8086875
980	79.86975
987	80.496625
989	80.5861875
998	81.9779375
1002	82.2190625
1010	82.7701875
1017	84.8579375
1019	84.9819375
1028	85.905125
1035	86.61475
1039	86.911
1045	87.39325
1048	87.634375
1050	87.79975
1055	88.1855625
1088	91.4240625
1092	91.6445
1101	92.6090625
1106	93.112
1109	93.277375
1113	93.4358125
1122	94.2486875
1126	94.5449375
1130	94.7171875
1139	96.295
1144	96.59125
1149	97.176875
1152	97.3766875
1161	98.08625
1164	98.3894375
1167	98.644375
1175	100.9525625
1177	101.111
1181	101.5519375
1186	101.923875
1190	102.0685625
1196	103.4535
1199	103.6601875
1211	104.8245
1216	105.162
1220	105.2721875
1225	105.795875
1234	106.657
1237	106.822375
1241	106.9945625
1246	107.566375
1253	108.9099375
1257	109.068375
1259	109.1855
1268	109.94325
1273	110.2876875
1276	110.5219375
1283	111.9205
1287	112.1271875
1292	112.5336875
1296	112.87125
1298	112.9676875
1304	113.55325
1312	114.2973125
1316	114.4970625
1319	114.8415625
1326	115.4478125
1330	115.682
1339	116.35725
1347	117.0324375
1381	120.181375
1384	120.429375
1388	120.849625
1398	121.800375
1404	122.24825
1408	122.4135625
1415	123.6468125
1419	123.798375
1427	124.55625
1434	126.6164375
1443	127.3811875
1447	127.5603125
1456	129.717
1460	129.8685625
1467	130.426625
1472	130.9226875
1475	131.0880625
1479	131.2258125
1488	132.1765625
1492	132.4796875
1495	132.645
1503	133.3890625
1507	133.5613125
1520	134.6910625
1528	136.3033125
1533	136.5513125
1537	136.70975
1550	138.17025
1553	138.3425
1557	138.879875
1564	139.472375
1567	139.644625
1576	140.450625
1579	140.65725
1581	140.7399375
1588	141.36
1594	142.84825
1598	143.0204375
1602	143.15825
1610	143.8678125
1617	144.4258125
1620	144.58425
1624	144.873625
1628	145.121625
1633	145.555625
1666	148.8768125
1676	149.5864375
1680	149.744875
1687	150.1789375
1696	150.9918125
1700	151.2949375
1704	151.7083125
1709	152.0045625
1713	152.1768125
1719	152.6521875
1726	153.0724375
1734	154.5675
1738	154.8155
1742	155.07725
1749	155.4355625
1752	155.6905
1757	156.1451875
1760	156.35875
1767	157.0270625
1771	158.7771875
1775	158.9011875
1781	159.5556875
1784	159.7279375
1789	160.0724375
1798	160.8853125
1802	161.1815625
1808	161.898125
1812	162.070375
1817	162.8558125
1821	163.028
1825	163.158875
1829	163.641125
1837	164.3644375
1843	164.633125
1848	165.067125
1851	165.2875625
1859	165.9145
1868	167.4165
1872	167.58875
1876	167.705875
1883	168.332875
1887	168.6015
1895	169.3386875
1898	169.545375
1904	169.917375
1907	170.103375
1913	172.225625
1921	172.887
1925	173.0591875
1933	173.755
1936	173.92725
1940	174.065
1948	175.4291875
1952	175.5669375
1958	176.249
1961	176.4074375
1963	176.497
1973	177.358125
1980	177.9229375
1984	178.2191875
1988	178.4948125
1993	178.942625
1999	179.418
2002	179.6178125
2008	179.9209375
2014	182.1809375
2018	182.3049375
2023	182.863
2028	183.28325
2032	183.65525
2036	184.0135
2041	184.2890625
2044	184.4888125
2052	185.8874375
2056	186.101
2061	186.404125
2065	186.6245625
2073	187.3341875
2078	187.79575
2085	188.367625
2089	188.6845
2097	190.3035625
2101	190.4275625
2106	190.9994375
2110	191.19925
2114	191.3990625
2121	192.0535625
2126	192.336
2130	192.4806875
2135	193.0525625
2140	193.500375
2143	193.651875
2145	193.769
2155	194.382125
2162	196.655875
2165	196.890125
2169	197.2208125
2172	197.3585625
2177	197.9648125
2179	198.0819375
2183	198.398875
2186	198.64
2191	199.1360625
2195	199.28075
2200	199.8456875
2203	200.0179375
2207	200.1488125
2215	201.02375
2221	201.5335625
2227	202.0985
2231	202.4291875
2239	203.056125
2245	203.5521875
