141	0.164625
145	0.412625
154	1.074
162	1.632
166	1.886875
171	2.314
179	2.9340625
187	3.70575
191	3.8504375
196	4.353375
202	4.6909375
206	5.07675
212	6.3169375
216	6.4960625
220	6.7165
229	7.5156875
232	7.743
236	7.873875
242	8.4870625
246	8.75575
252	9.1966875
254	9.293125
264	10.1335625
272	12.3108125
274	12.4899375
282	13.0824375
286	13.275375
293	13.978125
297	14.177875
299	14.3708125
306	14.9770625
314	15.55575
319	16.5616875
323	16.7890625
331	17.3539375
338	19.43475
349	20.165
354	20.6955
357	20.888375
363	21.494625
366	21.7701875
370	22.1559375
376	23.616625
380	23.8301875
385	24.092
390	24.643125
394	24.94625
402	25.4009375
408	26.0554375
411	26.25525
415	26.40675
449	29.851875
453	30.0103125
461	30.8094375
472	31.69125
476	31.822125
486	32.704
494	33.5031875
498	33.771875
506	35.1705
513	35.873125
517	36.0246875
524	36.6929375
527	36.9340625
532	37.471375
537	39.2559375
541	39.5039375
548	40.1998125
553	40.4891875
556	40.709625
564	41.4743125
574	42.9143125
578	43.2656875
585	45.325875
587	45.511875
593	45.815
600	46.3316875
607	47.006875
611	47.2135625
616	47.4546875
618	47.551125
629	48.4054375
636	49.0874375
640	49.3836875
646	49.8728125
649	50.1139375
657	52.1879375
659	52.3188125
668	53.0904375
675	53.593375
681	53.8551875
687	54.420125
691	54.5648125
696	55.1229375
703	56.54225
707	56.7144375
709	56.8246875
713	57.3758125
716	57.5618125
720	57.727125
725	58.2231875
731	58.5194375
763	61.8268125
767	61.98525
773	62.4881875
777	62.7913125
786	63.54225
790	63.9349375
793	64.1346875
803	66.5255
806	66.7253125
811	66.9801875
819	67.7104375
823	67.9929375
829	68.4820625
833	68.695625
836	68.8885625
841	69.09525
845	69.5155
851	69.984
855	70.1286875
862	70.7486875
865	70.96225
870	71.33425
877	72.5744375
882	73.125625
890	75.1445
895	75.571625
901	76.0194375
906	76.598125
909	76.8255
914	77.045875
918	77.4248125
922	77.5695
927	78.02425
930	78.189625
934	78.3205
941	79.0094375
945	79.285
953	79.80175
957	80.8076875
961	81.0488125
966	81.5861875
972	82.213125
1009	85.5893125
1013	85.7133125
1019	86.429875
1024	86.8156875
1028	87.1050625
1033	87.422
1039	87.9731875
1050	89.7024375
1052	89.8126875
1060	90.425875
1066	91.032125
1069	91.2456875
1078	92.0655625
1083	92.485875
1091	94.0291875
1094	94.2496875
1110	95.48275
1115	96.0545625
1120	96.3439375
1131	96.9845625
1135	97.1016875
1147	99.1341875
1151	99.2995
1153	99.3890625
1163	100.2639375
1170	100.8150625
1174	101.090625
1178	101.338625
1188	102.2549375
1192	102.6338125
1199	104.907625
1204	105.2934375
1207	105.49325
1211	105.720625
1218	107.009
1222	107.2431875
1230	107.808125
1237	109.124125
1241	109.3859375
1251	110.44
1255	110.5846875
1263	111.459625
1298	114.973625
1302	115.097625
1314	116.0828125
1323	116.8819375
1327	117.1230625
1333	117.570875
1337	117.8258125
1347	118.6938125
1355	119.610125
1359	119.8099375
1363	119.9408125
1370	120.5470625
1374	120.822625
1380	121.2153125
1385	122.993
1388	123.185875
1391	123.4131875
1395	123.792125
1400	124.288125
1403	124.543
1407	124.9288125
1409	125.0115
1415	125.659125
1420	126.1620625
1423	126.3274375
1427	126.6443125
1434	127.9603125
1438	128.30475
1445	130.3649375
1447	130.5785
1452	131.1228125
1455	131.3639375
1459	131.770375
1463	131.9219375
1468	132.4593125
1471	132.672875
1473	132.7555625
1478	133.1965
1487	134.6915625
1491	134.856875
1494	135.029125
1504	135.8901875
1507	136.158875
1511	136.5378125
1513	136.69625
1547	140.003625
1551	140.175875
1558	140.816625
1561	140.982
1565	141.1404375
1575	142.0084375
1583	142.8006875
1587	143.1038125
1590	143.269125
1598	143.97875
1609	144.653875
1616	145.31525
1620	145.453
1628	146.176375
1644	148.4363125
1648	148.643
1651	148.822125
1655	149.3458125
1659	149.5249375
1665	150.0071875
1672	150.551375
1680	151.17825
1684	151.3160625
1692	152.060125
1695	152.23925
1705	154.5543125
1707	154.6851875
1716	155.4154375
1724	156.056125
1727	156.290375
1731	156.6693125
1733	156.758875
1744	157.6545
1750	158.901625
1754	159.1358125
1762	159.70075
1768	161.01675
1772	161.189
1776	161.306125
1784	161.8503125
1791	162.5461875
1799	163.0629375
1802	163.2626875
1812	165.632875
1816	166.0600625
1819	166.287375
1829	166.9418125
1834	167.320625
1841	168.6228125
1845	168.8570625
1852	169.3255625
1856	169.477125
1861	169.9111875
1864	170.1591875
1872	170.979
1875	171.1236875
1880	171.612875
1886	172.033125
1892	172.6394375
1898	173.0873125
1902	173.30775
1910	175.616
1914	175.74
1919	176.3049375
1923	176.6080625
1929	177.0833125
1935	178.4613125
1939	178.5853125
1947	179.33625
1951	179.6186875
1957	180.1353125
1963	181.5408125
1967	181.7199375
1971	181.8508125
1978	182.4570625
1982	182.72575
1988	183.1253125
1991	183.3044375
1998	183.7935625
2001	183.93825
2004	184.22075
2010	184.6478125
2012	184.7305
2022	185.343625
2027	187.43825
2031	187.617375
2038	188.271875
2042	188.5474375
2045	188.7334375
2052	189.4636875
2059	189.9873125
2063	190.0975
2068	190.6349375
2077	191.99225
2081	192.1989375
2084	192.3918125
2091	192.9775
2095	193.14975
2102	193.7766875
2110	195.1478125
2113	195.347625
2117	195.643875
2123	196.1743125
2128	196.629
2134	197.152625
2138	197.3041875
2144	198.74425
2148	198.9165
2152	199.033625
2158	199.9293125
2162	200.074
2169	201.017875
2173	201.197
2177	201.383
2184	202.02375
2189	202.2993125
2193	202.450875
2198	202.98825
2201	203.1949375
2209	205.5169375
2218	206.0336875
2221	206.2748125
2228	206.908625
2234	207.4184375
2237	207.68025
2243	208.1280625
2249	209.6231875
2252	209.829875
2260	210.422375
2264	210.594625
2271	211.9795
2275	212.1655
2278	212.3653125
2283	212.5650625
2287	212.999125
2297	213.8671875
2299	213.95675
2307	214.5905625
2312	214.8385
2318	215.362125
