141	0.164625
145	0.3161875
151	1.0395625
155	1.43225
161	1.9971875
166	2.2383125
168	2.3485625
176	2.9755
185	3.9193125
189	4.1053125
191	4.2224375
198	4.75975
207	5.5656875
213	6.0065625
217	6.1788125
222	6.5853125
230	8.204375
236	8.49375
238	8.5833125
248	9.4375
252	9.8301875
261	10.457125
264	10.691375
269	11.097875
274	11.628375
282	12.172625
288	12.668625
297	14.770125
299	14.9216875
307	15.796625
310	16.0101875
315	16.6026875
319	17.029875
325	17.622375
329	17.8979375
333	18.2010625
337	18.394
345	19.12425
353	20.557375
357	20.90875
364	22.9689375
367	23.189375
374	23.7818125
377	23.947125
380	24.25025
382	24.4086875
387	24.7806875
399	26.861375
403	27.2471875
405	27.33675
418	29.8378125
422	29.9618125
430	30.637
433	30.8023125
437	31.002125
442	31.4499375
446	31.7461875
451	32.0218125
455	32.2974375
461	32.8279375
467	33.08975
477	33.923375
482	34.185125
515	37.471875
519	37.595875
527	38.3675
530	38.532875
534	38.670625
542	39.263125
546	39.5525
554	40.2896875
558	40.4894375
562	40.723625
571	41.8121875
574	41.9844375
578	42.1221875
586	42.7973125
590	43.1004375
596	45.195125
599	45.429375
604	45.8014375
608	46.18725
613	46.62125
625	48.0198125
629	48.2540625
633	48.639875
640	49.0463125
654	51.0719375
658	51.326875
667	52.1604375
674	54.2413125
676	54.3721875
684	54.9646875
691	55.695
696	55.99125
700	56.3976875
704	56.61125
708	56.8661875
716	57.5069375
722	58.7333125
724	58.8573125
729	59.29825
736	59.897625
741	60.159375
750	60.91725
754	61.1928125
761	61.7645625
768	64.0728125
772	64.1968125
777	64.768625
780	64.940875
785	65.2026875
790	66.4773125
800	68.13775
804	68.4684375
811	69.109125
815	69.343375
819	69.729125
854	73.2845625
858	73.4223125
870	74.6969375
873	74.855375
875	74.9518125
888	76.185
896	76.9153125
901	77.1495
905	77.28725
911	77.934875
916	78.5066875
924	80.6358125
934	81.53825
938	81.6829375
943	82.303
947	82.5716875
956	84.314875
960	84.5215625
969	85.2725
972	85.4585
977	85.65825
980	85.8855625
993	87.7183125
997	87.87675
1006	88.6551875
1013	90.7360625
1016	91.0185625
1031	92.4309375
1035	92.5480625
1041	93.085375
1044	93.25075
1048	93.4229375
1056	94.794
1060	94.986875
1063	95.21425
1067	95.5311875
1071	95.7034375
1076	96.18575
1079	96.3510625
1081	96.440625
1087	96.8746875
1091	97.4465
1098	98.032125
1130	101.2775
1134	101.4359375
1142	102.2833125
1147	102.5795625
1156	103.2685
1160	103.56475
1164	103.991875
1177	105.7625
1180	105.941625
1185	106.389375
1190	106.6924375
1192	106.8095625
1196	107.2918125
1210	109.6756875
1214	109.896125
1218	110.13725
1226	110.9364375
1231	111.16375
1239	111.9215625
1243	112.1558125
1249	112.6380625
1252	112.8791875
1260	114.16075
1265	114.72575
1273	116.744625
1283	117.612625
1286	117.846875
1290	118.2258125
1292	118.32225
1299	118.9835625
1310	120.9678125
1314	121.2158125
1323	121.90475
1326	122.1251875
1330	122.511
1332	122.6005625
1343	125.1016875
1347	125.3496875
1354	125.9214375
1358	126.12125
1362	126.3761875
1370	126.9893125
1382	127.8986875
1386	128.2018125
1391	128.4980625
1400	129.290375
1407	129.896625
1414	131.4606875
1418	131.632875
1422	131.7844375
1430	132.48025
1433	132.645625
1437	132.797125
1446	133.437875
1450	133.7754375
1455	134.113
1460	134.47125
1465	134.925875
1499	138.3228125
1503	138.6396875
1506	138.94975
1509	139.177125
1515	139.742
1519	139.872875
1527	140.6445
1535	141.1956875
1548	142.24975
1553	143.2556875
1557	143.524375
1566	144.392375
1574	146.611
1579	146.9830625
1583	147.1001875
1593	148.726125
1595	148.857
1604	149.6218125
1610	150.1729375
1613	150.3934375
1620	150.848125
1625	151.0754375
1627	151.165
1637	153.5214375
1641	153.6454375
1653	154.9406875
1656	155.1129375
1660	155.2506875
1668	156.8215
1672	157.048875
1681	158.1375
1684	158.30975
1688	158.4475
1696	159.942625
1700	160.114875
1704	160.3146875
1709	160.707375
1714	161.34125
1717	161.5135
1721	161.6788125
1726	162.18175
1731	162.5193125
1736	163.7181875
1740	164.0833125
1747	165.4544375
1750	165.6404375
1754	165.7575625
1759	166.2949375
1767	167.0940625
1802	170.5323125
1806	170.683875
1812	171.4073125
1816	171.7793125
1822	172.2546875
1827	172.4889375
1829	172.5785
1836	174.0323125
1843	174.741875
1850	175.375625
1854	175.61675
1858	175.981875
1862	176.2919375
1874	178.166
1878	178.3175625
1884	178.8549375
1890	179.075375
1895	179.4474375
1898	179.5989375
1901	179.8400625
1907	180.322375
1910	180.5015
1914	180.6668125
1925	181.404
1933	182.086
1938	182.3821875
1943	182.6095625
1948	183.016
1953	183.463875
1957	183.698125
1962	183.9943125
1967	184.201
1971	184.504125
1978	186.6055625
1982	186.7846875
1989	187.4460625
1994	187.701
1998	188.0385625
2000	188.128125
2005	188.7619375
2009	189.030625
2013	189.2235625
2020	189.8505625
2023	190.0296875
2031	190.7806875
2035	190.9598125
2040	191.393875
2047	191.910625
2054	194.2808125
2063	194.7975625
2066	195.0386875
2074	195.603625
2077	195.7689375
2081	195.8791875
2087	197.38125
2091	197.608625
2097	198.125375
2100	198.297625
2104	198.435375
2111	199.089875
2114	199.324125
2117	199.50325
2121	199.97175
2123	200.088875
2131	200.805375
2140	202.27975
2148	203.017
2150	203.1134375
2161	203.9470625
2165	204.15375
2178	205.152625
2184	205.6004375
2193	206.647625
2196	206.881875
2200	207.302125
2211	209.8998125
2213	210.113375
2221	210.9056875
2225	211.257
2230	211.746125
2234	212.132
2241	212.7451875
2249	213.3308125
2257	214.026625
2261	214.2815625
2270	215.907625
2274	216.0660625
2276	216.1831875
2281	216.80325
2286	217.32
2289	217.547375
2295	217.9538125
2297	218.043375
