141	0.164625
145	0.350625
153	1.12225
162	1.8249375
170	2.5483125
173	2.7894375
175	2.885875
180	3.4094375
185	3.8089375
189	3.919125
201	4.9388125
215	6.9574375
218	7.1640625
221	7.3155625
230	8.1215625
235	8.39025
242	9.037875
246	9.285875
253	9.82325
256	9.9816875
265	11.6353125
269	11.79375
275	12.2553125
283	12.9580625
289	13.22675
292	13.4265625
301	14.88725
304	15.1215
308	15.2868125
317	16.230625
323	16.4855625
331	18.7800625
340	19.599875
343	19.847875
347	21.0123125
351	21.2740625
359	22.0525625
362	22.2936875
366	22.4451875
373	23.8851875
377	24.03675
386	24.815125
393	26.8959375
396	27.1301875
401	27.4884375
408	28.067125
414	28.535625
421	29.9549375
425	30.127125
429	30.2649375
435	30.9815
438	31.2019375
442	31.6221875
447	32.132
482	35.5634375
486	35.7425625
495	36.5899375
502	37.203125
506	37.499375
509	37.7405
518	38.4501875
522	38.7258125
526	39.1391875
535	40.0623125
547	41.240375
551	41.474625
559	42.191125
564	42.452875
576	44.9263125
579	45.18125
582	45.374125
595	47.20675
599	47.3651875
612	48.5363125
619	50.64475
621	50.755
628	51.381875
637	52.0708125
640	52.3119375
646	52.718375
648	52.8355
659	55.2056875
669	56.04625
672	56.2391875
676	56.3563125
685	56.98325
687	57.0728125
695	57.7135
704	59.20175
708	59.3739375
712	59.5255
718	60.0353125
725	60.68975
758	63.9901875
762	64.1693125
768	64.73425
776	66.0570625
780	66.1810625
784	66.6220625
795	68.496125
799	68.67525
803	68.9301875
817	70.1289375
825	70.7971875
830	71.093375
834	71.375875
839	71.8305625
846	72.4575
850	72.7261875
856	73.056875
862	73.5253125
866	73.6975625
872	74.1385
881	76.5983125
883	76.7291875
893	77.480125
903	78.53425
906	78.7546875
912	79.2920625
917	79.5125
919	79.6020625
927	80.2220625
933	81.4760625
938	82.0410625
946	84.0599375
948	84.1701875
959	85.22425
966	85.885625
969	86.1474375
977	86.90525
979	87.022375
989	87.8904375
1022	91.0945
1026	91.2805
1038	92.2794375
1047	93.09225
1050	93.257625
1054	93.4229375
1060	93.9603125
1064	94.24275
1067	94.42875
1074	95.08325
1077	95.26925
1081	95.407
1086	95.9581875
1089	96.1235625
1093	96.288875
1106	97.529
1110	97.770125
1115	98.376375
1123	100.4159375
1125	100.6019375
1130	101.1461875
1137	101.7455625
1141	101.9384375
1143	102.021125
1153	103.06825
1157	103.50225
1162	103.8260625
1168	104.335875
1171	104.5425625
1173	104.632125
1180	106.0996875
1184	106.333875
1192	106.8988125
1199	108.9796875
1203	109.1036875
1211	109.958
1214	110.1509375
1218	110.274875
1227	111.0464375
1233	111.590625
1237	111.83175
1241	112.1210625
1244	112.3621875
1257	114.3050625
1261	114.4773125
1265	114.5944375
1270	115.0698125
1276	115.5933125
1280	115.793125
1314	118.983375
1318	119.1349375
1325	119.6723125
1329	119.9616875
1331	120.044375
1337	120.6024375
1344	121.1604375
1348	121.4015625
1356	122.8829375
1360	123.0551875
1364	123.310125
1371	123.8681875
1377	124.1713125
1381	124.5433125
1384	124.7706875
1392	127.0169375
1394	127.1271875
1403	127.891875
1411	128.5325625
1415	128.7254375
1417	128.808125
1429	130.1170625
1433	130.4821875
1437	130.7095625
1447	131.35025
1453	132.0736875
1456	132.28725
1466	133.685875
1470	134.0303125
1477	136.0905
1481	136.4763125
1487	137.26175
1494	138.54325
1498	138.784375
1504	139.1495
1510	139.9486875
1548	143.49025
1552	143.61425
1561	144.3100625
1570	145.0678125
1572	145.16425
1581	145.9426875
1586	146.2045
1590	146.4800625
1598	146.96925
1605	147.7821875
1609	148.174875
1620	149.8973125
1623	150.1246875
1630	150.7929375
1636	151.309625
1640	151.55075
1646	151.9848125
1653	153.4179375
1655	153.5488125
1665	154.5890625
1675	156.13925
1679	156.3045625
1681	156.394125
1689	157.26225
1694	157.5378125
1698	157.689375
1703	158.2405
1711	158.901875
1717	159.1705625
1723	159.7354375
1735	162.1400625
1744	162.7738125
1748	162.9460625
1754	163.4834375
1764	164.2550625
1768	164.64775
1774	166.1084375
1778	166.363375
1785	166.921375
1791	167.3898125
1795	167.6791875
1804	169.043375
1808	169.2225
1812	169.3671875
1817	169.870125
1823	170.3454375
1828	170.8414375
1835	171.489
1841	173.5905
1850	174.10725
1853	174.348375
1861	174.9133125
1864	175.078625
1868	175.2095
1875	176.4703125
1879	176.6631875
1886	177.297
1889	177.476125
1900	178.220125
1905	178.64725
1908	178.8815
1912	179.30175
1917	179.7633125
1920	179.92175
1929	182.08525
1932	182.3539375
1940	183.1530625
1946	183.676625
1951	184.152
1955	184.2966875
1965	185.8330625
1969	186.046625
1973	186.3841875
1981	187.734625
1986	189.7190625
1996	190.4906875
1999	190.7318125
2005	191.1865
2009	191.6274375
2012	191.8271875
2018	192.330125
2022	192.4816875
2028	192.9639375
2035	193.5150625
2038	193.68725
2042	193.825
2049	195.3339375
2053	195.5130625
2057	195.7059375
2067	196.546375
2073	196.9528125
2076	197.1939375
2080	197.3661875
2085	197.855375
2088	198.02075
2092	198.2411875
2099	198.7854375
2106	199.247
2111	199.495
2115	199.6465625
2120	200.128875
2123	200.29425
2127	200.5284375
2135	202.698875
2138	202.9055625
2142	203.181125
2147	203.6840625
2152	203.9871875
2157	204.5659375
2162	204.834625
2166	205
2170	205.4340625
2178	206.109125
2186	207.5835625
2190	207.7764375
2193	207.948625
2196	208.182875
2199	208.355125
2204	208.65825
2209	209.237
2214	209.5056875
2218	209.7536875
2226	210.4701875
2235	212.9988125
2239	213.1779375
2244	213.68775
2249	214.18375
2252	214.418
2256	214.8245
2260	214.9691875
2270	216.49875
2273	216.68475
2276	216.919
2280	217.111875
2290	218.627625
2294	218.8411875
2305	219.58525
2310	220.0193125
2313	220.226
2315	220.3086875
2322	220.887375
2325	221.0871875
2331	223.2300625
2334	223.429875
2339	223.8569375
2342	224.0084375
2347	225.221125
2354	225.8066875
2363	226.474875
2369	227.8184375
2374	228.04575
2377	228.28
2382	228.5555625
2388	229.1274375
2393	229.5614375
2400	231.0496875
2409	232.724
2419	234.184625
2429	236.02425
2432	236.2446875
2441	237.1471875
2445	237.471
2447	237.5605625
2454	238.17375
2457	238.3735625
2461	239.386375
2465	239.5655
2468	239.8961875
2478	240.7711875
2490	242.7691875
2498	243.5339375
2502	243.6993125
2511	244.5605
2515	244.863625
2519	245.2770625
2524	245.8281875
2527	246.0141875
2533	248.11575
2539	248.3844375
2543	248.6806875
2546	249.045875
2553	249.58325
2561	250.38925
2566	250.82325
2569	251.0436875
2576	252.3183125
2580	252.531875
2586	253.7651875
2591	254.977875
2595	255.2534375
2597	255.336125
2602	255.98375
2607	256.1904375
2611	256.528
2614	256.66575
