141	0.164625
145	0.3230625
158	1.4460625
162	1.6871875
168	2.128125
174	2.5345625
179	3.003
185	3.2648125
191	3.871
194	4.0914375
198	4.243
206	5.79325
210	5.9655
216	6.344375
220	6.716375
228	7.4190625
232	7.7221875
238	8.21125
245	8.8519375
251	9.3135
260	9.9748125
263	10.3606875
274	12.854875
284	14.5015
288	14.7219375
298	15.6658125
301	15.865625
313	16.7956875
316	16.9954375
320	17.153875
329	18.6145625
333	18.773
342	19.5514375
349	21.6323125
362	23.35475
364	23.47875
372	24.250375
380	24.91175
383	25.1390625
393	25.8969375
396	26.15875
407	28.5909375
412	29.0594375
416	29.3625625
420	29.5003125
426	30.2305625
431	30.6990625
435	30.912625
441	31.422375
445	31.718625
449	31.8770625
456	32.586625
488	35.825125
492	35.9835625
498	36.5278125
506	37.2856875
510	37.5130625
517	38.1606875
521	38.4018125
534	39.3663125
539	39.8554375
542	40.069
544	40.1585625
552	41.5985
557	42.1910625
564	42.80425
571	44.134
573	44.258
583	45.17425
588	45.7874375
596	47.8545625
600	48.075
606	48.5848125
609	48.7570625
613	48.9775
618	49.4253125
626	50.1625625
629	50.33475
632	50.569
636	50.7205
645	51.478375
649	51.73325
654	52.1053125
658	52.5324375
667	54.275625
671	54.39275
678	55.0748125
681	55.2401875
685	55.398625
692	56.087625
699	58.1409375
704	58.4440625
707	58.6645
711	59.08475
720	60.6694375
723	60.841625
726	61.0483125
739	62.226375
747	62.7981875
750	62.9910625
787	66.6290625
791	66.7875
798	67.5729375
806	68.199875
809	68.372125
813	68.509875
819	69.164375
823	69.460625
828	70.039375
832	70.20475
839	71.0245625
845	73.0296875
848	73.2295
857	74.021625
861	74.2145
863	74.32475
872	75.234125
877	75.5579375
881	75.702625
886	76.2400625
897	77.9005
901	78.0245
907	78.451625
913	79.6986875
921	80.4083125
925	80.6563125
932	82.66825
936	83.0265
939	83.267625
950	84.2184375
954	84.4181875
958	84.652375
964	85.0795625
967	85.3275625
974	85.913125
982	88.0490625
986	88.1730625
996	89.1031875
1007	90.2123125
1010	90.3845625
1014	90.5223125
1019	91.094125
1024	92.4583125
1034	94.2496875
1036	94.3668125
1047	95.29
1050	95.4621875
1054	95.696375
1063	96.4955
1070	96.9501875
1075	97.1775
1077	97.2670625
1082	97.811375
1085	97.97675
1116	100.953375
1120	101.08425
1132	102.593
1135	102.758375
1139	102.9168125
1144	103.488625
1148	103.7573125
1153	104.03975
1162	104.763125
1171	105.5485625
1175	105.8585625
1183	106.6370625
1189	107.084875
1193	107.222625
1198	107.766875
1204	108.200875
1208	108.42825
1215	109.0483125
1221	109.310125
1225	109.7648125
1230	111.549375
1233	111.831875
1237	112.0591875
1247	113.05125
1250	113.2235
1256	113.6919375
1267	115.4556875
1272	116.0138125
1280	117.2195625
1284	117.42625
1287	117.812125
1290	118.05325
1295	118.528625
1299	118.756
1308	119.679125
1315	120.306
1319	120.547125
1324	121.0708125
1327	121.270625
1339	123.6959375
1343	123.8819375
1351	124.619
1356	125.1150625
1360	125.3699375
1364	125.69375
1371	126.1070625
1382	126.8718125
1386	127.037125
1395	127.794875
1400	128.1461875
1403	128.3184375
1407	128.573375
1443	132.1908125
1447	132.3768125
1457	133.2379375
1460	133.396375
1464	133.5961875
1469	134.050875
1476	134.55375
1479	134.732875
1485	135.2909375
1490	135.5665
1494	135.7180625
1502	136.675625
1505	136.847875
1509	136.97875
1518	137.9088125
1523	138.2464375
1527	138.528875
1536	139.321125
1544	141.45025
1553	143.0900625
1555	143.2209375
1561	143.6825
1570	144.419625
1578	145.2256875
1582	145.3910625
1586	145.8113125
1592	146.3830625
1595	146.5690625
1603	148.050375
1607	148.408625
1614	150.4688125
1618	150.5928125
1624	151.274875
1627	151.4264375
1629	151.516
1635	152.2463125
1638	152.521875
1643	152.763
1646	152.942125
1650	153.2659375
1653	153.4725625
1664	154.313
1671	154.8779375
1675	154.9950625
1681	155.6495625
1684	155.849375
1718	159.115375
1722	159.2738125
1733	160.438125
1737	160.74125
1740	160.8996875
1745	161.4715625
1749	161.63
1756	162.3328125
1766	163.8141875
1771	164.069125
1775	164.2344375
1780	164.6203125
1787	165.2954375
1791	165.49525
1795	165.639875
1799	165.984375
1806	166.67325
1809	166.914375
1813	167.0315
1818	167.5758125
1824	169.849625
1828	169.973625
1837	170.7865
1843	171.4135
1849	171.6753125
1856	172.192
1863	173.7490625
1867	173.900625
1874	174.4241875
1878	174.8099375
1886	176.3188125
1890	176.4910625
1894	176.6081875
1899	177.049125
1902	177.2144375
1910	177.8758125
1920	178.8059375
1926	179.0953125
1929	179.2813125
1937	179.9426875
1944	180.597125
1948	182.3748125
1958	184.0214375
1964	184.3934375
1968	184.7655
1975	185.3098125
1979	185.5371875
1986	185.9780625
1992	186.71525
1995	186.956375
2006	188.6305625
2010	188.844125
2021	189.560625
2029	190.1875
2034	190.6835
2040	191.1175
2045	191.5653125
2048	191.8064375
2051	192.026875
2055	192.15775
2060	194.3075
2064	194.4315
2070	195.1618125
2074	195.3615625
2078	195.4786875
2084	196.140125
2088	196.312375
2092	196.7878125
2097	197.173625
2101	197.47675
2103	197.5525
2108	198.923625
2117	199.440375
2119	199.5575
2126	200.218875
2132	200.797625
2136	201.093875
2142	201.56925
2150	203.8016875
2152	204.01525
2164	205.524
2167	205.69625
2171	205.8546875
2176	206.4058125
2179	206.6400625
2184	206.888125
2186	206.9845625
2194	207.749375
2202	208.417625
2205	208.6380625
2216	209.68525
2221	210.0848125
2230	210.8633125
2233	211.0561875
2237	211.290375
2244	211.7933125
2249	212.062
2252	212.23425
2256	212.4546875
2264	214.5355625
2269	214.873125
2272	215.17625
2275	215.417375
2284	217.7118125
2288	217.946
2295	218.5178125
2300	218.9586875
2303	219.2205
2313	220.9498125
2317	221.10825
2319	221.225375
2328	222.0176875
2336	222.816875
2342	223.113125
2349	223.6091875
2353	224.8425
2355	224.9665
2360	225.42125
2366	225.986125
2370	226.179
2372	226.296125
2376	226.7921875
2383	227.3501875
2387	227.5775625
2393	228.066625
2396	228.232
2400	228.3559375
2405	228.92775
