141	0.164625
145	0.288625
152	0.9499375
160	1.5836875
164	1.8385625
173	2.50675
176	2.7271875
183	3.3335
185	3.4161875
194	4.18775
200	4.7389375
205	5.235
212	5.6896875
217	5.917
223	6.4475
230	7.7083125
235	8.0114375
242	8.404125
244	8.4936875
251	9.2239375
256	9.7544375
261	10.0575625
265	10.209125
270	10.6431875
273	10.8705625
279	11.2976875
282	11.518125
289	12.0968125
292	12.262125
301	13.1233125
308	15.3144375
311	15.583125
319	16.38225
325	16.871375
334	18.38025
338	18.5318125
347	19.31025
354	21.391125
358	21.811375
366	22.6449375
372	23.1340625
380	25.400875
384	25.6075625
388	25.7246875
395	26.4343125
400	26.6960625
406	27.2265625
409	27.4194375
417	27.922375
420	28.094625
425	28.390875
428	28.7078125
462	32.04275
466	32.1943125
475	33.124375
478	33.296625
482	33.448125
486	33.8821875
494	34.59175
498	34.8673125
506	35.473625
509	35.7974375
511	35.9145625
524	37.2993125
531	37.80225
535	37.9538125
541	38.4223125
548	40.5100625
555	41.178375
558	41.3988125
562	41.8190625
574	43.45875
578	43.8170625
587	46.0494375
589	46.263
602	47.6134375
606	47.9303125
611	48.2885625
614	48.502125
621	49.0395
628	49.7076875
635	50.362125
642	51.8503125
646	52.00875
648	52.1671875
655	52.9319375
659	53.2419375
664	53.607125
666	53.6966875
670	54.137625
676	54.75075
681	55.1434375
686	55.4879375
688	55.5775
694	56.12175
730	59.649625
734	59.8080625
742	60.655375
747	61.1789375
751	61.461375
755	61.6749375
767	62.666875
770	62.8253125
772	62.908
784	65.4986875
787	65.7329375
794	66.4150625
798	66.566625
813	68.1029375
817	68.3165
820	68.55075
828	69.2053125
832	69.42575
849	71.5201875
853	71.754375
861	72.3193125
868	74.4001875
872	74.5861875
884	75.5506875
887	75.7918125
889	75.8745
903	77.1628125
909	78.45125
917	79.4501875
923	79.9186875
927	80.0564375
932	80.58
935	80.75225
939	80.979625
947	81.682375
951	81.882125
954	82.226625
964	83.12225
969	83.577
1001	86.553625
1005	86.677625
1016	87.959125
1019	88.1245
1023	88.26225
1028	88.7789375
1032	89.04075
1043	91.3971875
1049	91.8863125
1059	92.7198125
1065	93.2365625
1068	93.4088125
1072	93.5465625
1078	94.12525
1086	94.7590625
1089	94.9450625
1095	95.441125
1102	96.12325
1107	97.1291875
1111	97.4805625
1118	99.54075
1122	99.7956875
1129	100.4364375
1132	100.594875
1134	100.6844375
1140	101.325125
1145	101.8625
1149	102.103625
1158	102.84075
1161	103.0474375
1165	103.3299375
1173	104.8870625
1177	105.272875
1180	105.4795625
1184	105.7964375
1192	108.07025
1194	108.2286875
1205	109.1243125
1208	109.2965625
1212	109.4343125
1220	110.34375
1226	110.5918125
1229	110.7846875
1237	111.5010625
1242	111.942
1245	112.1486875
1247	112.307125
1254	112.837625
1259	113.1063125
1261	113.195875
1300	116.96475
1304	117.1851875
1313	117.9223125
1319	118.54925
1322	118.714625
1326	118.8868125
1335	119.8444375
1340	120.140625
1344	120.2990625
1354	122.0696875
1358	122.235
1364	123.557875
1368	123.7163125
1373	124.274375
1378	125.549
1382	125.728125
1386	125.84525
1393	126.568625
1400	127.08525
1403	127.2988125
1415	128.4425
1420	128.7249375
1427	129.3656875
1434	131.5223125
1437	131.7496875
1448	132.7830625
1453	133.3479375
1457	133.5339375
1459	133.6510625
1465	134.0988125
1475	134.946125
1480	135.2699375
1484	135.414625
1489	135.952
1496	136.59275
1499	136.799375
1501	136.8820625
1512	138.5080625
1517	139.0661875
1524	140.2719375
1528	140.4441875
1532	140.6095625
1537	141.16075
1544	141.7463125
1552	142.4835625
1555	142.6695625
1559	142.958875
1592	146.26625
1596	146.397125
1603	147.065375
1611	147.6646875
1621	148.5671875
1624	148.7463125
1628	149.1183125
1634	150.0966875
1638	150.4755625
1649	151.701875
1653	151.9154375
1657	152.321875
1662	152.742125
1667	153.01775
1671	153.1624375
1679	153.8306875
1686	154.3404375
1689	154.5195625
1694	155.0983125
1700	155.5254375
1710	157.833625
1714	158.081625
1718	158.5639375
1721	158.7293125
1725	158.8808125
1733	159.75575
1737	160.0381875
1741	160.4860625
1746	161.0234375
1749	161.1956875
1753	161.4575
1760	162.987
1764	163.1591875
1768	163.31075
1774	163.9031875
1777	164.0891875
1781	164.24075
1786	164.64725
1790	164.9159375
1796	165.3430625
1800	165.5015
1805	166.0664375
1812	168.1818125
1815	168.3885
1819	168.6640625
1829	169.5044375
1832	169.6904375
1838	170.207125
1841	170.3655625
1843	170.455125
1850	171.2266875
1859	172.776875
1863	173.024875
1868	173.4795625
1872	173.7826875
1876	174.1546875
1879	174.3406875
1883	174.5335625
1892	175.45675
1896	175.6771875
1899	175.849375
1903	175.9871875
1914	176.8896875
1917	177.0550625
1921	178.83275
1925	179.0945
1930	179.8110625
1934	179.9970625
1941	180.9133125
1945	181.0924375
1949	181.237125
1954	181.6505
1959	181.94675
1963	182.0914375
1968	182.628875
1971	182.8355625
1979	184.4065
1983	184.585625
1987	184.7095625
1995	185.6120625
1999	185.88075
2003	186.16325
2008	186.6179375
2014	187.0864375
2020	187.5273125
2024	187.74775
2033	190.1524375
2039	190.60025
2046	191.1238125
2049	191.3580625
2055	191.84025
2060	192.27425
2064	192.61875
2070	193.879625
2075	194.0931875
2078	194.3274375
2082	194.603
2090	195.0095
2096	195.533125
2105	196.9455625
2109	197.159125
2114	197.4140625
2118	197.5931875
2122	197.923875
2131	198.4888125
2136	198.936625
2141	199.17775
2145	199.308625
2153	201.4789375
2160	201.9405
2164	202.057625
2171	202.7465
2176	203.10475
2180	203.3183125
2190	204.1519375
2193	204.41375
2201	205.088875
2205	205.336875
2211	206.5908125
2215	206.7836875
2219	207.21775
2222	207.39
2225	207.62425
2230	209.7189375
2236	210.2011875
2239	210.407875
2243	210.75925
2247	211.0761875
2249	211.1864375
2256	211.79275
2262	213.260375
2266	213.446375
2269	213.6461875
2273	213.97
2278	214.45225
2281	214.6795625
2286	215.07225
2290	215.2306875
2297	215.912625
2303	218.062375
2306	218.296625
2310	218.6204375
2313	218.7581875
2318	219.371375
2320	219.481625
2324	219.88125
2329	220.2601875
2333	220.432375
2338	220.8595
2347	222.4028125
2351	222.5956875
2354	222.754125
2358	223.05725
2363	223.484375
2366	223.7255
